1.053849503551220756e+00 -4.497118296558646477e+00 -4.359327277484320362e+00 -7.423379791296297325e-02
1.331253115320208957e-01 -4.576818816366833964e+00 1.136499352078768066e+00 2.975946364453635473e-01
1.037358644694437615e+00 -3.738217073982757377e+00 2.557396990324237174e-01 2.806669773995647613e-02
9.790835554511049255e-01 -4.157766937720917433e+00 1.173329711087661487e+00 5.948628030987514193e-02
-3.401740117718129314e-02 -3.995556595491323915e+00 1.108234585022211061e+00 -4.097174729561203321e+00
8.543865891300521653e-01 4.610977570507503870e-02 -4.823850435339434917e+00 1.035517748748622374e-01
1.973771693790417892e-01 9.572031634038664638e-01 2.229737300955517976e-01 1.080658439264474552e-01
1.172316868843465310e+00 3.903290027519876193e-01 4.175005794737908227e-01 4.736661393977227852e-01
3.473144341780257105e-01 3.018452475333879836e-01 6.715409559595288957e-01 2.605271405055694656e-01
2.867924847306031061e-02 1.260948141265186173e+00 8.854183652658738080e-01 -4.134350622524371133e+00
1.081118617331160214e+00 -4.193508153103340380e-02 -4.755089337705228125e+00 2.273298080901838270e-01
2.740604357546177483e-01 9.965807375194162265e-01 2.503495443932101661e-01 -5.957300963732290594e-03
4.139673877101019417e-01 1.170420715137617251e-01 1.012777333997657125e+00 5.024003670506437258e-01
1.543313495431033744e-01 8.556812172800368765e-01 3.291202177511636240e-01 1.869118157465750885e-01
7.762786071510287093e-03 9.731576938397139553e-01 5.933623810087147454e-01 -4.419439881361386213e+00
9.873051907077629030e-01 -4.653402111600850322e-02 -4.886402130184277048e+00 3.895396990451162611e-01
4.104111432888133543e-02 1.998962850043360939e-01 1.016117621011644601e-01 1.129254527591901924e+00
4.625620271662282956e-01 3.315488332015181783e-01 1.750465002656058366e-01 8.874206145388017219e-01
9.473579756751726588e-01 6.408947336093676617e-01 1.123336529919960053e-01 5.026267786155950157e-01
6.563077721858681657e-02 1.031256080453365920e+00 2.856169396277349892e-01 -4.288735941361456305e+00
1.187333446220410593e+00 -4.119472094082165387e-02 -4.941516322273272088e+00 3.595469490324937900e-01
1.617693738342317333e-01 8.645780199744417249e-01 -3.050805178744387183e-02 4.532248658657935247e-01
1.012497317296354282e+00 2.433019117605707826e-01 9.326358656162214711e-02 2.195291827173834476e-01
3.835274642220020125e-01 8.924057241347738145e-02 1.293860731571445433e+00 2.516942701527440929e-01
7.150452548396708796e-02 1.249562587255707902e+00 2.392049530628158061e-01 -4.314337980640674530e+00
-3.826742035253263285e+00 -5.058122005391949005e-02 -3.776769115157220025e+00 1.038787509410880716e+00
-4.407008381447582224e+00 8.685339745370483922e-01 1.110488279152235802e-02 3.096848531903972357e-01
-4.235021900775699066e+00 2.146427408713743809e-02 2.732757064259888624e-01 9.618804211497183898e-01
-4.237787175358715963e+00 2.437329102991779017e-01 2.421674261605332168e-01 1.294183683306203925e+00
-3.867190081889117614e+00 1.158655929286463770e+00 -3.602369446532228958e-02 -3.968628496991596588e+00
