1.788579989953416938e+00 -6.619731160941522141e-02 -6.725921358375659687e-02 -3.072697441483569075e-02
3.308033626491652113e-01 -6.709100009080576354e-02 1.611532564741922080e+00 4.043124571620394098e-02
1.983685899676590481e-01 -6.719671783597638837e-02 1.886446739950133900e+00 6.230930673726794988e-02
1.960764894318768603e-01 -6.158073284935400987e-02 1.771179676070123055e+00 1.473221978261082254e-01
-5.463082964557609833e-02 -6.216985600752916036e-02 1.802918954735330370e+00 -6.423025218866043606e-02
1.684212132076180035e+00 5.895340984896344817e-03 -6.739389647183678667e-02 4.514522394569953079e-01
4.638775762370259820e-02 6.025941131758738578e-01 3.335987140228425241e-01 1.921230194146213099e+00
1.412166501825399406e-02 5.270046888074413349e-01 1.159938934617078532e-01 1.580956994051420761e+00
1.789240346415213123e+00 4.025598400710359015e-01 1.541542990056648521e-01 5.057148853497425156e-01
-4.715820456357375234e-02 1.632004236747039538e+00 2.588294495734083100e-01 -7.084847998295504268e-02
1.871846421147320694e+00 9.655730367538960593e-03 -6.983725339059757009e-02 3.159301374974428089e-01
8.825318368856148732e-01 1.937161749649001896e+00 5.468782370999580866e-01 6.043811429232309046e-02
5.972767019636292252e-02 5.160832556161482065e-01 1.744102956037602459e+00 4.753379437215233261e-01
2.475282236812640368e-01 1.361782669558137815e-01 1.870470828950046571e-01 1.631297863026680561e+00
2.090622956542130539e-01 1.720949327040849575e+00 1.592210057974183524e-01 -7.401262264358848819e-02
1.252036837125544366e+00 -3.730044713914681259e-02 -7.073690373811712673e-02 1.658758114863993827e+00
1.581444821620457297e+00 3.454519899387126780e-01 9.652771726869951996e-02 3.007457664447297230e-01
3.305116518851730079e-01 1.752086961103212159e+00 9.772621321239621794e-01 2.392151523437406266e-02
4.144722049525748631e-01 5.039869159304807278e-01 1.763584366169664630e+00 5.240972609948237049e-02
-8.695497677903379907e-02 3.908037535659447115e-01 1.675990097418130986e+00 -8.731613101515972586e-02
1.705268320166916762e+00 3.579164035892851842e-02 -6.918537376828368113e-02 9.711782072899720619e-01
5.584764638350421251e-01 2.270035702489437424e-01 1.646340003923493001e+00 6.621383763807516809e-01
2.953485415609345410e-01 5.005009477491123571e-01 5.897780964077378174e-01 1.682946554129868710e+00
1.664045696942563879e+00 4.097917151312409634e-01 -6.097685220250175647e-02 3.207328428274325849e-01
-1.086725693032603284e-03 1.817321207832794494e+00 3.003584742281201203e-01 -8.946817655062785923e-02
-6.360425341785651276e-02 -4.832966746878935432e-02 -6.315073334543998274e-02 1.767602132286528738e+00
-7.075226853610269706e-02 7.067300461535057643e-01 4.378148697317157945e-01 1.742101611785442206e+00
-7.170673339748544206e-02 1.653903380308994864e+00 4.400735203711517163e-02 8.445544984401748279e-01
-8.457189487139532558e-02 2.835332189074625253e-01 3.249924262160697186e-01 1.573536489410605199e+00
-8.041870166289072364e-02 1.700144805963533567e+00 -5.625419672080743394e-02 -8.122140760036469787e-02
