-6.262948752084998572e-02 -7.937507690884440525e-02 -7.788385356958948957e-02 1.432414464222316219e+00
1.372629102928244915e+00 -7.545976671881889086e-02 -1.341164977530912364e-02 1.211775383324786404e+00
1.758056218017152450e-01 -7.557845205488274154e-02 1.123359724337961441e-01 1.659873143047282840e+00
9.987967777339223918e-01 -7.401711804000769834e-02 2.928758582561964870e-03 1.659316715902968475e+00
1.906283881211575881e+00 -7.401406270495120010e-02 6.744386633375270418e-03 -7.514800347531043478e-02
-2.485981408135843132e-02 1.664399723317953050e+00 -7.595665467228507328e-02 1.227781028731838475e+00
3.976649613256648674e-01 9.461247293732819030e-02 1.766786446298507229e-01 1.422447685525688454e+00
3.953979794936720582e-01 1.760408735819575909e+00 1.837357034999634320e-02 1.081859872952656954e+00
1.555121335893510093e+00 8.948186767762900118e-02 1.187458984700321130e-01 1.459618606186476319e-01
9.749495329711265201e-01 -4.869397691031821310e-03 1.485475212180513926e+00 -7.447777842957745142e-02
8.708660631810734298e-02 1.708228209457356206e+00 -7.803463751928441106e-02 1.936464197671245446e-01
1.517666592893816446e+00 9.250092929281609200e-01 1.177238999289793142e+00 -4.739572260445314156e-02
-4.108276469348934312e-02 8.285096140996965897e-01 1.523755194533465307e+00 7.662315245943315256e-01
1.314255600289874870e+00 -4.795778957481844351e-02 5.657790673460658670e-01 1.779748450660548098e+00
1.751201345148591715e+00 1.320511053825708381e-01 3.993704395878457103e-02 -8.190744630941741711e-02
3.220466669851106967e-01 1.484017791580072299e+00 -7.042392524563613476e-02 1.242839449488545855e-01
2.715061256719868976e-01 1.017345994527528857e-01 1.642129209253611055e+00 3.195209755606341351e-01
6.279522198877275641e-02 1.680110280991818694e+00 1.129183667310515560e+00 7.105047484485687015e-01
1.767520672040039820e+00 1.988689629484454435e-01 7.147482781234096860e-01 1.859990715631361022e-02
1.283949476967459091e+00 -2.195510979681088506e-02 1.722970498435168585e+00 -7.904338038642556852e-02
-2.020255865196366254e-02 1.230253439581537434e+00 -7.439596856204866437e-02 1.656029618570512119e+00
2.434764269606839449e-01 1.303772443780406798e+00 2.240642009532166877e-03 1.609937853348153647e+00
4.020951964541334966e-01 1.764851558584780600e+00 6.695501386911802133e-02 5.060782362935661860e-01
1.127098916245272697e+00 3.872193022637606535e-02 8.399078360768639229e-01 1.596312195366011100e+00
1.594869041596070014e+00 1.079288957444344277e-01 3.824786033080430636e-01 -7.594499692706362104e-02
-7.492419029589304780e-02 1.640365441061113927e+00 -7.576373036122527327e-02 -3.862523430655182693e-02
-7.656927707829241925e-02 1.201776826368218032e+00 1.569385324333956389e+00 -3.388366131624206967e-02
-7.550491381124992130e-02 1.037710864459548299e+00 1.776635716865952785e+00 -4.321975322646479101e-02
-7.582532373744015064e-02 4.305501412081050305e-01 1.452992180411048162e+00 -3.043863673492258962e-02
-7.608366987670142634e-02 -2.564525345089347513e-02 1.623963792787915805e+00 -7.707176424740634635e-02
