0.000000000000000000e+00 0.000000000000000000e+00 0.000000000000000000e+00 0.000000000000000000e+00
-6.511090195463979171e+02 -6.472775614726061804e+02 -6.476120108516151959e+02 -6.425389505973387259e+02
-6.455966360864420039e+02 -6.462769742367033814e+02 -6.476623833727758210e+02 -6.424026441792701689e+02
0.000000000000000000e+00 0.000000000000000000e+00 0.000000000000000000e+00 0.000000000000000000e+00
0.000000000000000000e+00 0.000000000000000000e+00 0.000000000000000000e+00 0.000000000000000000e+00
0.000000000000000000e+00 0.000000000000000000e+00 0.000000000000000000e+00 0.000000000000000000e+00
-6.316316315164676780e+02 -6.427352019521350712e+02 -6.432449602050705835e+02 -6.468647815110399506e+02
-6.458774681637860340e+02 -6.311878332683201052e+02 -6.427522879634919946e+02 -6.350622491504083200e+02
0.000000000000000000e+00 0.000000000000000000e+00 0.000000000000000000e+00 0.000000000000000000e+00
0.000000000000000000e+00 0.000000000000000000e+00 0.000000000000000000e+00 0.000000000000000000e+00
0.000000000000000000e+00 0.000000000000000000e+00 0.000000000000000000e+00 0.000000000000000000e+00
-1.942627757604868464e+02 -1.744114784757603616e+02 -1.744613785757103699e+02 -1.745112786756603782e+02
0.000000000000000000e+00 0.000000000000000000e+00 0.000000000000000000e+00 0.000000000000000000e+00
0.000000000000000000e+00 0.000000000000000000e+00 0.000000000000000000e+00 0.000000000000000000e+00
-1.297172694000147146e+02 -1.269959832850212962e+02 -1.270657736346715012e+02 -1.271355639843217205e+02
0.000000000000000000e+00 0.000000000000000000e+00 0.000000000000000000e+00 0.000000000000000000e+00
-2.761399999999924404e+01 -1.842999999999938154e+01 -1.843999999999938311e+01 -2.035822103999932153e+01
-3.306349535732234557e+01 -3.917738157774270746e+01 -4.426443999999869305e+01 -3.990302457793874424e+01
-4.471243953042723973e+01 -4.690152001999862108e+01 -6.170539229999812392e+01 -5.482820828999818019e+01
-6.406729155004808263e+01 -4.656157999999864217e+01 -6.482943944899803057e+01 -5.485530828999817032e+01
0.000000000000000000e+00 0.000000000000000000e+00 0.000000000000000000e+00 0.000000000000000000e+00
-6.506065970391643987e+02 -6.422793123048351163e+02 -6.302764778381713313e+02 -6.305332536893267843e+02
0.000000000000000000e+00 0.000000000000000000e+00 0.000000000000000000e+00 0.000000000000000000e+00
-6.474302692805663355e+02 -6.460662049088148251e+02 -6.463424574650433669e+02 -6.466187100212729320e+02
0.000000000000000000e+00 0.000000000000000000e+00 0.000000000000000000e+00 0.000000000000000000e+00
0.000000000000000000e+00 0.000000000000000000e+00 0.000000000000000000e+00 0.000000000000000000e+00
-6.508055882017500835e+02 -6.279750941513420912e+02 -6.499855635266014815e+02 -6.370871461251716710e+02
-6.441817022815465634e+02 -6.354060438972487646e+02 -6.491746625893983946e+02 -6.322922511233933847e+02
-6.401219988938371444e+02 -6.275738624525325804e+02 -6.410662578124133688e+02 -6.373783635780737313e+02
0.000000000000000000e+00 0.000000000000000000e+00 0.000000000000000000e+00 0.000000000000000000e+00
-2.079566433600267601e+02 -1.943367334604868404e+02 -1.943766735004768691e+02 -1.944221635804568677e+02
-2.078138962900267188e+02 -1.831846600472684372e+02 -1.943023434604868385e+02 -1.944565535804568412e+02
0.000000000000000000e+00 0.000000000000000000e+00 0.000000000000000000e+00 0.000000000000000000e+00
-1.730625300000256459e+02 -1.349951644703448324e+02 -1.350351045103348326e+02 -1.350435376443153643e+02
-1.738852500000258487e+02 -1.203675703234225267e+02 -1.194523694269745420e+02 -5.867525007788790248e+01
-8.978000000001355829e+01 -8.983000000001356966e+01 -9.810650000001477622e+01 -2.247107179797731646e+01
0.000000000000000000e+00 0.000000000000000000e+00 0.000000000000000000e+00 0.000000000000000000e+00
-3.632864985513004541e+01 -3.819346827627637708e+01 -3.807794854052957145e+00 -3.633167173650890902e+01
-5.596269687071220744e+01 -6.050942606999816320e+01 -1.977770813923796567e+01 -5.558754133967089928e+01
-6.704852643453418182e+01 -7.090946941605797349e+01 -6.519559937231842639e+01 -6.493522825004802712e+01
0.000000000000000000e+00 0.000000000000000000e+00 0.000000000000000000e+00 0.000000000000000000e+00
-6.459063359969478597e+02 -6.386696136219978825e+02 -6.499180389705717289e+02 -6.607407785107096743e+02
-6.435338649782888751e+02 -6.437417782186419117e+02 -6.446846660834160048e+02 -6.570767055526026752e+02
-6.531306112123655794e+02 -6.443287258023464119e+02 -6.461767558301032750e+02 -6.629176752830973101e+02
-6.711262980963997506e+02 -6.656885906756667737e+02 -6.463408010477463677e+02 -6.610637819403704043e+02
-6.644949526257721573e+02 -6.638644426600825454e+02 -6.495308735102515811e+02 -6.519686452568090544e+02
-6.535799090007890300e+02 -6.376121471054941594e+02 -6.498396127007205223e+02 -6.408271114941587712e+02
0.000000000000000000e+00 0.000000000000000000e+00 0.000000000000000000e+00 0.000000000000000000e+00
-6.376592691827108865e+02 -6.453814197102867638e+02 -6.454986394896249067e+02 -6.135178476646582340e+02
0.000000000000000000e+00 0.000000000000000000e+00 0.000000000000000000e+00 0.000000000000000000e+00
-2.078938333300267516e+02 -2.079267713600267484e+02 -2.079837433600267786e+02 -2.080166813900267755e+02
-2.077240232900267358e+02 -1.917045000000243249e+02 -2.078667333300267330e+02 -2.080466514000268035e+02
-2.041358579424328354e+02 -2.072840832700266276e+02 -2.065024790000264829e+02 -2.065650913900264527e+02
-1.962899876746334371e+02 -1.926653300000245679e+02 -1.809656437134445355e+02 -1.482308778352849004e+02
-1.731965200000256857e+02 -1.056975979827807066e+02 -1.634891040479497804e+02 -1.638627130852540859e+02
-1.050502400000131047e+02 -9.618300000001177352e+01 -9.805452000001476165e+01 -8.285577962439653277e+01
-8.988000000001358103e+01 -8.989000000001358615e+01 -6.162910157358238905e+01 -4.631373820017817877e+01
-5.485053096971164877e+01 -7.599870178947489840e+00 -5.925057240245757839e+01 -6.184847745917583239e+01
-7.607000000001043816e+01 -4.885986240090180388e+01 -7.010324922920047186e+01 -6.960511068917233501e+01
-8.186760049801054606e+01 -7.792067627403322660e+01 -8.108257197028454755e+01 -7.907968475072055980e+01
-6.402524224381068052e+02 -6.591386294991777959e+02 -6.406862436608375901e+02 -6.609859464425716169e+02
-6.402986870043500858e+02 -6.566168500896019395e+02 -6.511740612189671538e+02 -6.466420538070788098e+02
0.000000000000000000e+00 0.000000000000000000e+00 0.000000000000000000e+00 0.000000000000000000e+00
-6.632223424990723970e+02 -6.576557907256358249e+02 -6.553705443736519101e+02 -6.689213168185076483e+02
-6.494257382822086129e+02 -6.669450760170610693e+02 -6.610989386325639998e+02 -6.690375456598098936e+02
-6.495675262409329207e+02 -6.536308642808678542e+02 -6.581427115408690725e+02 -6.622928597824903818e+02
-6.496317847585430627e+02 -6.409897366587368879e+02 -6.505789750482711042e+02 -6.249457767383898954e+02
0.000000000000000000e+00 0.000000000000000000e+00 0.000000000000000000e+00 0.000000000000000000e+00
-6.636262219174999473e+02 -6.433726659596172794e+02 -6.367942369667625826e+02 -6.557901643893310393e+02
-6.419750037133900378e+02 -6.557250815093550500e+02 -6.664335751236226315e+02 -6.389968386546477177e+02
0.000000000000000000e+00 0.000000000000000000e+00 0.000000000000000000e+00 0.000000000000000000e+00
0.000000000000000000e+00 0.000000000000000000e+00 0.000000000000000000e+00 0.000000000000000000e+00
-2.571537810380311271e+02 -2.327297300000336975e+02 -2.297192999897783636e+02 -2.319722217190645210e+02
-2.410967632909709550e+02 -1.866139298856163578e+02 -2.432859512112482889e+02 -2.413089378841821713e+02
0.000000000000000000e+00 0.000000000000000000e+00 0.000000000000000000e+00 0.000000000000000000e+00
0.000000000000000000e+00 0.000000000000000000e+00 0.000000000000000000e+00 0.000000000000000000e+00
0.000000000000000000e+00 0.000000000000000000e+00 0.000000000000000000e+00 0.000000000000000000e+00
-1.261196737340438858e+02 -1.129090334104562388e+01 -7.449999711789104140e+01 -8.848375374036045571e+01
-1.516214100000207736e+02 -7.617019709577617448e+01 -9.189092000169731023e+01 -9.341479294377023734e+01
-1.517982500000208290e+02 -1.017419742670617637e+02 -9.886238890603618756e+01 -1.014801385437701242e+02
0.000000000000000000e+00 0.000000000000000000e+00 0.000000000000000000e+00 0.000000000000000000e+00
-6.354193415647583834e+02 -6.504192902530211313e+02 -6.443684045284858257e+02 -6.446447645531604849e+02
0.000000000000000000e+00 0.000000000000000000e+00 0.000000000000000000e+00 0.000000000000000000e+00
-6.705903749151927968e+02 -6.735233963746785548e+02 -6.490912034761313407e+02 -6.505366379564846966e+02
0.000000000000000000e+00 0.000000000000000000e+00 0.000000000000000000e+00 0.000000000000000000e+00
0.000000000000000000e+00 0.000000000000000000e+00 0.000000000000000000e+00 0.000000000000000000e+00
-6.613879327358695264e+02 -6.334172553274403299e+02 -6.362557439554561824e+02 -6.388900159926099604e+02
0.000000000000000000e+00 0.000000000000000000e+00 0.000000000000000000e+00 0.000000000000000000e+00
-6.749543488894340726e+02 -6.589130784442824051e+02 -6.712922069733651824e+02 -6.714706851028510073e+02
0.000000000000000000e+00 0.000000000000000000e+00 0.000000000000000000e+00 0.000000000000000000e+00
-2.939498265202565790e+02 -2.932846274416802430e+02 -2.940660218774185637e+02 -2.941755767411093530e+02
-2.900709789150389497e+02 -2.902200621872025295e+02 -2.911222421148127069e+02 -2.907032800168407221e+02
-2.884773780704683759e+02 -2.929081300000411829e+02 -2.869116754652407053e+02 -2.909595110087711873e+02
-2.790515130846380316e+02 -2.261724175007410054e+02 -2.781294846753907564e+02 -2.773129086693242584e+02
-2.930097247423509543e+02 -2.920868145070769515e+02 -2.945319527924663134e+02 -2.922562353265470847e+02
0.000000000000000000e+00 0.000000000000000000e+00 0.000000000000000000e+00 0.000000000000000000e+00
0.000000000000000000e+00 0.000000000000000000e+00 0.000000000000000000e+00 0.000000000000000000e+00
-1.653795274115315408e+02 -1.478618310772943012e+01 -9.834515454699503323e+01 -1.607099921776292035e+02
-2.187120380000292528e+02 -1.257490691333061648e+02 -1.643463056200224059e+02 -1.631333507500205542e+02
-2.208463293637095433e+02 -1.579363435923991972e+02 -1.645350097900224284e+02 -1.641678072174290719e+02
-5.881845143645616645e+02 -5.843952813409262035e+02 -5.812953677681465479e+02 -5.846041746443354441e+02
0.000000000000000000e+00 0.000000000000000000e+00 0.000000000000000000e+00 0.000000000000000000e+00
-6.168368969540156286e+02 -6.141272380993211755e+02 -6.142465802943791005e+02 -6.143659224894371391e+02
0.000000000000000000e+00 0.000000000000000000e+00 0.000000000000000000e+00 0.000000000000000000e+00
-6.445085035727017839e+02 -6.424006032350841906e+02 -6.425298260879471854e+02 -6.426590489408102940e+02
0.000000000000000000e+00 0.000000000000000000e+00 0.000000000000000000e+00 0.000000000000000000e+00
-6.449103283201420709e+02 -6.447205840853985137e+02 -6.472377348645900383e+02 -6.428935308256583312e+02
-6.516169992766791665e+02 -6.409185691495492847e+02 -6.572856305511336359e+02 -6.570681795361624609e+02
-6.681764070533520226e+02 -6.673630371045110223e+02 -6.715031412805103628e+02 -6.505150413705464416e+02
0.000000000000000000e+00 0.000000000000000000e+00 0.000000000000000000e+00 0.000000000000000000e+00
0.000000000000000000e+00 0.000000000000000000e+00 0.000000000000000000e+00 0.000000000000000000e+00
0.000000000000000000e+00 0.000000000000000000e+00 0.000000000000000000e+00 0.000000000000000000e+00
-3.250978091941633465e+02 -3.419228484144614413e+02 -2.893667849341417195e+02 -2.912610651475882264e+02
-3.281903958591196897e+02 -2.639321450824417639e+02 -2.932274041758797694e+02 -2.952722267135164884e+02
-3.049701627885079915e+02 -3.034326917861263837e+02 -3.014584069951616812e+02 -3.016873207709273288e+02
-3.101049850304933670e+02 -3.105706622114844322e+02 -3.126160437723770542e+02 -3.123080366498139142e+02
0.000000000000000000e+00 0.000000000000000000e+00 0.000000000000000000e+00 0.000000000000000000e+00
-1.893635482844108537e+02 -1.806088460896472370e+01 -1.893801639060110915e+02 -2.242368721298502123e+02
-2.785297899927859362e+02 -1.987330638162075047e+02 -2.352257335900311261e+02 -2.187478416162417716e+02
-2.375568267931189439e+02 -2.228442122864372550e+02 -2.302917011587452691e+02 -2.350464091677783358e+02
-5.642247889672987640e+02 -5.713488273445598224e+02 -5.644134145030739091e+02 -5.874863664873080324e+02
-5.839179022799230552e+02 -5.883781284944421941e+02 -5.678460303106628544e+02 -5.887662912876908194e+02
-6.118596769329790277e+02 -6.027573190389980482e+02 -5.862820692879728313e+02 -5.888349102280818670e+02
0.000000000000000000e+00 0.000000000000000000e+00 0.000000000000000000e+00 0.000000000000000000e+00
-6.396235802663161394e+02 -6.322951013959306010e+02 -6.166175154175832631e+02 -6.153920168611482495e+02
0.000000000000000000e+00 0.000000000000000000e+00 0.000000000000000000e+00 0.000000000000000000e+00
-6.200700465874900829e+02 -6.194034744044956824e+02 -6.338037099672769727e+02 -6.051780260744271800e+02
0.000000000000000000e+00 0.000000000000000000e+00 0.000000000000000000e+00 0.000000000000000000e+00
0.000000000000000000e+00 0.000000000000000000e+00 0.000000000000000000e+00 0.000000000000000000e+00
0.000000000000000000e+00 0.000000000000000000e+00 0.000000000000000000e+00 0.000000000000000000e+00
-5.014959020164394587e+02 -5.008272259529214239e+02 -5.009454371909406518e+02 -5.011151649956915435e+02
0.000000000000000000e+00 0.000000000000000000e+00 0.000000000000000000e+00 0.000000000000000000e+00
-3.638516313778007429e+02 -3.922510339850513219e+02 -3.451904607480392997e+02 -3.245307802352197086e+02
-3.279020372273096200e+02 -2.965853990099249700e+02 -3.329035418677198095e+02 -3.423094194918371613e+02
-3.303534326648419892e+02 -3.362882821911553037e+02 -3.335710958247585722e+02 -3.300489451211803953e+02
0.000000000000000000e+00 0.000000000000000000e+00 0.000000000000000000e+00 0.000000000000000000e+00
0.000000000000000000e+00 0.000000000000000000e+00 0.000000000000000000e+00 0.000000000000000000e+00
-2.711997370277747450e+02 -2.114483728098669246e+01 -1.990463863186045046e+02 -2.866061950738395581e+02
-2.780838027616858881e+02 -2.641734852980116557e+02 -2.858610221839203405e+02 -2.744431124008432334e+02
-2.665427173029056007e+02 -2.646759913198677623e+02 -2.642459008323922376e+02 -2.634983790611058225e+02
0.000000000000000000e+00 0.000000000000000000e+00 0.000000000000000000e+00 0.000000000000000000e+00
-6.078466472210784559e+02 -5.807705130125356163e+02 -5.839865212203141027e+02 -5.841368055733322535e+02
-5.999860641131571128e+02 -5.898562359141734532e+02 -5.833942864464295326e+02 -5.842054245137234147e+02
0.000000000000000000e+00 0.000000000000000000e+00 0.000000000000000000e+00 0.000000000000000000e+00
-6.331213871385605216e+02 -6.184673343735299795e+02 -6.119135866593890114e+02 -6.317402956526583466e+02
0.000000000000000000e+00 0.000000000000000000e+00 0.000000000000000000e+00 0.000000000000000000e+00
-5.787618092023391227e+02 -5.879855628710931796e+02 -5.792367942164704573e+02 -5.977158172657777868e+02
-5.842019858546287878e+02 -5.720376668386160190e+02 -5.764646203934091773e+02 -5.839369311195280261e+02
-5.375445591466418591e+02 -5.376737819995046266e+02 -5.497437036872692033e+02 -5.443968741419513435e+02
-5.233656093454244456e+02 -5.302501538059865425e+02 -5.035388398281169771e+02 -5.333576743569428800e+02
-5.229406145978711038e+02 -4.951575322234018017e+02 -4.987979239033770682e+02 -5.106940494378577569e+02
-4.838681164033933442e+02 -4.876897983131665910e+02 -4.954143784107096735e+02 -4.204913885916431013e+02
-4.544219860932998358e+02 -3.608594731947458172e+02 -4.558316824101319185e+02 -4.603999836935912526e+02
0.000000000000000000e+00 0.000000000000000000e+00 0.000000000000000000e+00 0.000000000000000000e+00
0.000000000000000000e+00 0.000000000000000000e+00 0.000000000000000000e+00 0.000000000000000000e+00
0.000000000000000000e+00 0.000000000000000000e+00 0.000000000000000000e+00 0.000000000000000000e+00
-3.555155207563468025e+02 -3.218212396144145373e+02 -3.218298026850127940e+02 -2.686953666910479654e+01
-2.940807610276551713e+02 -2.407438693222827197e+01 -2.921003906138785169e+02 -3.213158545467843510e+02
0.000000000000000000e+00 0.000000000000000000e+00 0.000000000000000000e+00 0.000000000000000000e+00
-2.729682547357781459e+02 -2.766391986819553495e+02 -2.734783570036952938e+02 -2.735866765612718723e+02
-6.080239200908551993e+02 -6.081432622859128969e+02 -6.082626044809708219e+02 -6.083955775222669899e+02
-6.075465513106233857e+02 -6.077302650311346497e+02 -6.079521630445030951e+02 -6.083450345368542003e+02
-5.896447885392544777e+02 -5.825870731778441041e+02 -6.074747942642713951e+02 -6.080711274978891652e+02
-6.077595907730574254e+02 -6.078789329681155778e+02 -5.947676629510359589e+02 -6.089668400873913470e+02
-6.283633349688528824e+02 -6.119217247091235095e+02 -6.008071127103621620e+02 -6.090385971337431101e+02
0.000000000000000000e+00 0.000000000000000000e+00 0.000000000000000000e+00 0.000000000000000000e+00
-5.741065332970281361e+02 -5.788169433324684405e+02 -5.551732875059248045e+02 -5.658190225012324390e+02
-5.653633360652329429e+02 -5.955676630236428082e+02 -5.780474127980082812e+02 -5.747999499281104363e+02
0.000000000000000000e+00 0.000000000000000000e+00 0.000000000000000000e+00 0.000000000000000000e+00
-5.532256507000049623e+02 -5.253042226518650750e+02 -5.093937562619720438e+02 -5.094706061591020898e+02
-5.058638058171230796e+02 -5.087045227226901147e+02 -5.054511174840777699e+02 -5.179329523421995418e+02
-4.997591866401132847e+02 -4.679059110124504741e+02 -4.908017834015710150e+02 -5.105299159854951654e+02
-4.945830812047654490e+02 -4.524178156265839448e+02 -4.872653597319314258e+02 -4.869037100566105210e+02
0.000000000000000000e+00 0.000000000000000000e+00 0.000000000000000000e+00 0.000000000000000000e+00
-4.669095027539765965e+02 -4.672617390843373073e+02 -4.671903270010736264e+02 -4.665151417942238368e+02
0.000000000000000000e+00 0.000000000000000000e+00 0.000000000000000000e+00 0.000000000000000000e+00
-3.198181003864110608e+02 -2.953493538300054766e+01 -3.443173729891543076e+02 -4.235633738742457695e+02
0.000000000000000000e+00 0.000000000000000000e+00 0.000000000000000000e+00 0.000000000000000000e+00
0.000000000000000000e+00 0.000000000000000000e+00 0.000000000000000000e+00 0.000000000000000000e+00
0.000000000000000000e+00 0.000000000000000000e+00 0.000000000000000000e+00 0.000000000000000000e+00
0.000000000000000000e+00 0.000000000000000000e+00 0.000000000000000000e+00 0.000000000000000000e+00
0.000000000000000000e+00 0.000000000000000000e+00 0.000000000000000000e+00 0.000000000000000000e+00
-5.780112737533652307e+02 -6.063790046816861832e+02 -5.836338116962293725e+02 -5.837432633429341422e+02
0.000000000000000000e+00 0.000000000000000000e+00 0.000000000000000000e+00 0.000000000000000000e+00
-5.983681305806651380e+02 -6.004620987430239438e+02 -5.973206160500193391e+02 -6.243700249835305840e+02
-5.852907523716806963e+02 -5.971487026160755249e+02 -5.949601245900016693e+02 -6.014147441298523518e+02
-5.845819803992835659e+02 -5.646213541385499184e+02 -5.701029318693388177e+02 -5.924468915617918583e+02
-5.764883394399330427e+02 -5.862785114475185537e+02 -5.767084129024847243e+02 -5.773028766543554866e+02
-5.857861139260153323e+02 -5.859449195078589128e+02 -5.879139999081885435e+02 -5.816954885332628464e+02
0.000000000000000000e+00 0.000000000000000000e+00 0.000000000000000000e+00 0.000000000000000000e+00
-5.083541204241868172e+02 -5.128823170451589704e+02 -5.075834098967579848e+02 -5.067565097551619147e+02
-5.000300621903389811e+02 -4.936958608472425567e+02 -5.026423014775765523e+02 -4.997928134392890342e+02
-5.004492958159074192e+02 -4.921514167387214229e+02 -5.054727954178324012e+02 -4.990391249566848728e+02
0.000000000000000000e+00 0.000000000000000000e+00 0.000000000000000000e+00 0.000000000000000000e+00
-4.690503967212479211e+02 -4.636411034117014651e+02 -4.628555637506113385e+02 -4.627943716311026492e+02
-4.567439777725529098e+02 -4.576803639321115043e+02 -4.565022816900293492e+02 -2.843597969517818456e+02
-4.510408742696723152e+02 -3.207291308906731331e+01 -4.189819041608403154e+02 -3.402567529897877421e+02
-3.979678442057322059e+02 -2.739327239927736173e+02 -3.448647728109402522e+01 -4.830679163276608961e+02
-4.940418240032181529e+02 -4.942476174791420362e+02 -4.937703798364585168e+02 -4.920078278667427298e+02
-5.002826609798416939e+02 -4.982242958736055698e+02 -4.977032129394768276e+02 -4.981652778995967878e+02
-5.939494902528648481e+02 -5.922829148418463774e+02 -5.929293505235702924e+02 -5.933348881023571266e+02
0.000000000000000000e+00 0.000000000000000000e+00 0.000000000000000000e+00 0.000000000000000000e+00
-5.805767126965414491e+02 -6.017388341116809443e+02 -5.838820868361933663e+02 -5.839915384828980223e+02
0.000000000000000000e+00 0.000000000000000000e+00 0.000000000000000000e+00 0.000000000000000000e+00
0.000000000000000000e+00 0.000000000000000000e+00 0.000000000000000000e+00 0.000000000000000000e+00
-5.775281819191371824e+02 -6.048871826186554017e+02 -5.856889255620540098e+02 -5.905434436227643573e+02
-5.787416215380735593e+02 -5.756139997855332240e+02 -6.027039547694996600e+02 -5.765862840318633289e+02
0.000000000000000000e+00 0.000000000000000000e+00 0.000000000000000000e+00 0.000000000000000000e+00
0.000000000000000000e+00 0.000000000000000000e+00 0.000000000000000000e+00 0.000000000000000000e+00
0.000000000000000000e+00 0.000000000000000000e+00 0.000000000000000000e+00 0.000000000000000000e+00
-5.155414549961318471e+02 -5.148100159958487438e+02 -5.152539258464145178e+02 -5.149506963081881850e+02
0.000000000000000000e+00 0.000000000000000000e+00 0.000000000000000000e+00 0.000000000000000000e+00
-5.113481350534253806e+02 -5.081681073270863749e+02 -5.098347087759173064e+02 -5.100131869054028471e+02
0.000000000000000000e+00 0.000000000000000000e+00 0.000000000000000000e+00 0.000000000000000000e+00
-4.925992026011401208e+02 -4.726946607505416864e+02 -4.737115204746579025e+02 -4.711220942155781586e+02
0.000000000000000000e+00 0.000000000000000000e+00 0.000000000000000000e+00 0.000000000000000000e+00
0.000000000000000000e+00 0.000000000000000000e+00 0.000000000000000000e+00 0.000000000000000000e+00
-3.807812393251301728e+02 -3.677747487833325835e+01 -3.664422301377606459e+02 -2.631540795584476768e+02
0.000000000000000000e+00 0.000000000000000000e+00 0.000000000000000000e+00 0.000000000000000000e+00
-5.036817311713828076e+02 -5.065495303535809057e+02 -5.060335938499202939e+02 -5.066199370639497488e+02
-5.934168930145045806e+02 -5.925477680421100786e+02 -5.939283071191188128e+02 -5.948177627599372954e+02
-5.943163571433786956e+02 -5.922403059250380011e+02 -5.928220226394689689e+02 -5.920675515351762215e+02
0.000000000000000000e+00 0.000000000000000000e+00 0.000000000000000000e+00 0.000000000000000000e+00
0.000000000000000000e+00 0.000000000000000000e+00 0.000000000000000000e+00 0.000000000000000000e+00
-5.824710786193714966e+02 -5.826200331557515710e+02 -5.827689876921313044e+02 -5.879016232155915986e+02
-5.825816113354618437e+02 -6.022573312881152106e+02 -5.823916677325810269e+02 -5.769004055696439082e+02
-5.741280370009876606e+02 -5.783817043050363509e+02 -5.740648683866754709e+02 -5.737650097163556211e+02
-5.695199976675611424e+02 -5.691945975789595877e+02 -5.699891153447941861e+02 -5.698193630394898719e+02
0.000000000000000000e+00 0.000000000000000000e+00 0.000000000000000000e+00 0.000000000000000000e+00
0.000000000000000000e+00 0.000000000000000000e+00 0.000000000000000000e+00 0.000000000000000000e+00
-5.209887335406410784e+02 -5.213452896161572880e+02 -5.208040259787678679e+02 -5.209293719474785576e+02
-5.175902334541883647e+02 -5.174733194479535996e+02 -5.180944297826890761e+02 -5.175277087340140270e+02
-5.156296359200254074e+02 -5.138094571411479592e+02 -5.136141910205926706e+02 -5.141182724342908159e+02
-4.992502370840473418e+02 -4.993596887307518841e+02 -5.001889723789263940e+02 -5.028030522002362659e+02
-4.927902578046747522e+02 -4.929917499351120114e+02 -4.935283353931963006e+02 -4.945471517451134105e+02
0.000000000000000000e+00 0.000000000000000000e+00 0.000000000000000000e+00 0.000000000000000000e+00
-4.727138806526601797e+02 -4.767614261547859087e+02 -4.299758590659026254e+02 -4.092224550555163631e+01
-4.966459382870314698e+02 -3.894598725635621861e+01 -3.018990477733379976e+02 -5.116775994595897146e+02
-5.109217698886803873e+02 -5.111100695400363634e+02 -4.578755441830064683e+02 -5.119685850427567857e+02
-5.081851389447552378e+02 -5.102927483979908629e+02 -5.086104401595864033e+02 -5.097140973920167539e+02
-5.935382928779524718e+02 -5.937318897462798759e+02 -5.936290196156861612e+02 -5.955262269768727492e+02
-5.928464372059412426e+02 -5.919244657984536389e+02 -5.937415354411623412e+02 -5.941534293358844252e+02
-5.863713955038210770e+02 -5.909543028692525013e+02 -5.899208722515057843e+02 -5.926584001334271079e+02
-5.914453529269662795e+02 -5.903203465735680311e+02 -5.865440777046143239e+02 -5.840300455798297889e+02
0.000000000000000000e+00 0.000000000000000000e+00 0.000000000000000000e+00 0.000000000000000000e+00
-5.786446450889943662e+02 -6.119701846263261587e+02 -5.716872687871523340e+02 -5.718164916400153288e+02
0.000000000000000000e+00 0.000000000000000000e+00 0.000000000000000000e+00 0.000000000000000000e+00
-5.655697658888814203e+02 -5.653767265342523842e+02 -5.655952371068465254e+02 -5.657804332296626626e+02
-5.628618839727701015e+02 -5.623098495917068931e+02 -5.632254239125063577e+02 -5.631521912275117074e+02
0.000000000000000000e+00 0.000000000000000000e+00 0.000000000000000000e+00 0.000000000000000000e+00
-5.283769362764736570e+02 -5.278834051082671976e+02 -5.276279700205191148e+02 -5.273966167967807905e+02
0.000000000000000000e+00 0.000000000000000000e+00 0.000000000000000000e+00 0.000000000000000000e+00
-5.297692260732709428e+02 -5.278367289199528614e+02 -5.287562477595322434e+02 -5.289543591112370677e+02
0.000000000000000000e+00 0.000000000000000000e+00 0.000000000000000000e+00 0.000000000000000000e+00
-5.106942527064492765e+02 -5.095692203206227759e+02 -5.090885477673105584e+02 -5.089102804555005832e+02
-5.130379706505717650e+02 -5.168179697939365269e+02 -5.179905268664795130e+02 -4.708567159148200290e+02
-5.241676010502620784e+02 -4.266942839229692908e+01 -5.228259414856490821e+02 -5.004137162162420509e+02
-5.231716981142199074e+02 -2.648975678724780778e+02 -5.234278181102001781e+02 -5.227025289570785844e+02
0.000000000000000000e+00 0.000000000000000000e+00 0.000000000000000000e+00 0.000000000000000000e+00
-5.107327870224077628e+02 -5.105549050253428049e+02 -5.102988612670926614e+02 -5.107703390819812626e+02
0.000000000000000000e+00 0.000000000000000000e+00 0.000000000000000000e+00 0.000000000000000000e+00
0.000000000000000000e+00 0.000000000000000000e+00 0.000000000000000000e+00 0.000000000000000000e+00
-5.891342898654077089e+02 -5.906335269940109356e+02 -5.900286221439882866e+02 -5.864069503622405364e+02
-5.886976484709992974e+02 -5.837120774956215428e+02 -5.884657629664882279e+02 -5.889674960533845933e+02
0.000000000000000000e+00 0.000000000000000000e+00 0.000000000000000000e+00 0.000000000000000000e+00
-5.510824417836187195e+02 -5.906038619110838681e+02 -5.929649598854769010e+02 -5.679841509034843057e+02
-5.677713854464293490e+02 -5.677755015592285872e+02 -6.040535010884067333e+02 -5.681222064596904602e+02
-5.656691366612466254e+02 -5.652172800822344243e+02 -5.654703675853096456e+02 -5.646639059554621554e+02
-5.595891758286309141e+02 -5.596859370811459939e+02 -5.591379543187416630e+02 -5.565550886340555508e+02
-5.492393737468333939e+02 -5.492143047713529995e+02 -5.507556396337554361e+02 -5.461759632303578655e+02
-5.395381209440968178e+02 -5.357684439298607231e+02 -5.394613932859815577e+02 -5.380953218576891004e+02
-5.411461175312243768e+02 -5.413344171825805233e+02 -5.409246782630284542e+02 -5.403591778957724046e+02
-5.402020659212452074e+02 -5.401649386733456595e+02 -5.405309259048218564e+02 -5.392784324804116523e+02
-5.433069300968943480e+02 -5.429371342279855526e+02 -5.434709936162860231e+02 -5.431802888067493313e+02
0.000000000000000000e+00 0.000000000000000000e+00 0.000000000000000000e+00 0.000000000000000000e+00
0.000000000000000000e+00 0.000000000000000000e+00 0.000000000000000000e+00 0.000000000000000000e+00
-4.237783719408348588e+02 -4.425824213774264848e+01 -4.404911987860122053e+02 -5.295388278600212288e+02
-5.311972083157202178e+02 -4.799271334677588356e+02 -5.314794361991762344e+02 -5.316244843841773218e+02
-5.377556095715165156e+02 -5.376917042122977364e+02 -5.332703558156587178e+02 -5.378424609013178497e+02
0.000000000000000000e+00 0.000000000000000000e+00 0.000000000000000000e+00 0.000000000000000000e+00
0.000000000000000000e+00 0.000000000000000000e+00 0.000000000000000000e+00 0.000000000000000000e+00
-5.940168854440519226e+02 -5.928753677539828004e+02 -5.936187773623273642e+02 -5.940091488291668611e+02
0.000000000000000000e+00 0.000000000000000000e+00 0.000000000000000000e+00 0.000000000000000000e+00
-5.867221073083186411e+02 -5.833995252885724767e+02 -5.852576263378529120e+02 -5.822570680539990917e+02
-5.807189529729596416e+02 -5.816600786581927878e+02 -5.836378793267365381e+02 -5.805451069630184975e+02
0.000000000000000000e+00 0.000000000000000000e+00 0.000000000000000000e+00 0.000000000000000000e+00
-5.707713297957093346e+02 -5.705677143068741088e+02 -5.699652354055237993e+02 -5.705394341743229916e+02
-5.704655554585802975e+02 -5.694473782462468989e+02 -5.703825225102461900e+02 -5.697075364301057334e+02
0.000000000000000000e+00 0.000000000000000000e+00 0.000000000000000000e+00 0.000000000000000000e+00
0.000000000000000000e+00 0.000000000000000000e+00 0.000000000000000000e+00 0.000000000000000000e+00
-5.476761568615191891e+02 -5.450686996652754033e+02 -5.470017941255312053e+02 -5.467774844529002394e+02
0.000000000000000000e+00 0.000000000000000000e+00 0.000000000000000000e+00 0.000000000000000000e+00
-5.411560544138174009e+02 -5.437945794454069528e+02 -5.418527012713806243e+02 -5.423384751073050438e+02
-5.439657331407692027e+02 -5.438177215050782252e+02 -5.461032656584607139e+02 -5.440672058428083346e+02
-5.433761945620180995e+02 -5.436441160438005227e+02 -5.435072142660371810e+02 -5.436406781046310925e+02
-3.748586764634874839e+02 -5.427295376509420066e+02 -5.427611649348114042e+02 -5.427120435020043487e+02
-4.460167045529803431e+02 -4.577751757977613067e+01 -5.260973413210217586e+02 -4.104341714714055911e+02
0.000000000000000000e+00 0.000000000000000000e+00 0.000000000000000000e+00 0.000000000000000000e+00
-5.435429473523770412e+02 -5.425934379326930639e+02 -5.432669351050396926e+02 -5.434443174004538832e+02
0.000000000000000000e+00 0.000000000000000000e+00 0.000000000000000000e+00 0.000000000000000000e+00
-5.969725930475742643e+02 -5.960357512074964461e+02 -5.958903600063323438e+02 -5.945673702571142485e+02
-5.921021206416922951e+02 -5.925954946077819159e+02 -5.941173945663745144e+02 -5.913724505733650858e+02
-5.887343273674734974e+02 -5.890977444113592583e+02 -5.901384765149795157e+02 -5.870278166194842697e+02
-5.830833089909315277e+02 -5.831522963022142676e+02 -5.858577436591788228e+02 -5.834213135288557623e+02
-5.796767098590961496e+02 -5.795198546633699834e+02 -5.796669835080308530e+02 -5.794455566720273509e+02
-5.765167256032109435e+02 -5.763978922338089887e+02 -5.765183543709962350e+02 -5.761865536636399838e+02
-5.727215580516733553e+02 -5.732210307676239154e+02 -5.728419739961721007e+02 -5.733001364494080008e+02
-5.743115757631187535e+02 -5.735455317949185883e+02 -5.738008512324860249e+02 -5.737501193508527422e+02
-5.738864294889611983e+02 -5.742243432312013738e+02 -5.747696298148973710e+02 -5.747966600789991389e+02
0.000000000000000000e+00 0.000000000000000000e+00 0.000000000000000000e+00 0.000000000000000000e+00
-5.561665232019623772e+02 -5.547466035195670884e+02 -5.567231269300286840e+02 -5.562981246199046836e+02
0.000000000000000000e+00 0.000000000000000000e+00 0.000000000000000000e+00 0.000000000000000000e+00
0.000000000000000000e+00 0.000000000000000000e+00 0.000000000000000000e+00 0.000000000000000000e+00
-5.526853491595048808e+02 -5.503845306044094059e+02 -5.504068092422130576e+02 -5.523531098463768103e+02
0.000000000000000000e+00 0.000000000000000000e+00 0.000000000000000000e+00 0.000000000000000000e+00
-4.964803997633267159e+02 -5.313767267245967787e+02 -3.959769307899558726e+02 -4.867061631787255038e+01
-5.432067110729262822e+02 -4.725477295292396462e+01 -4.101403473401247197e+02 -4.163627351969795427e+02
0.000000000000000000e+00 0.000000000000000000e+00 0.000000000000000000e+00 0.000000000000000000e+00
-5.466788534312800039e+02 -5.466742117056676307e+02 -5.469565191097633488e+02 -5.469523348486427494e+02
-5.486291561082775843e+02 -5.488336452925401545e+02 -5.487596608390745132e+02 -5.486368887525845821e+02
-5.973011420426755649e+02 -5.968639118767521268e+02 -5.964207425048200548e+02 -5.972742412299434136e+02
0.000000000000000000e+00 0.000000000000000000e+00 0.000000000000000000e+00 0.000000000000000000e+00
0.000000000000000000e+00 0.000000000000000000e+00 0.000000000000000000e+00 0.000000000000000000e+00
-5.814965986537268918e+02 -5.831311040759391062e+02 -5.811467568273520783e+02 -5.815412076789806406e+02
-5.804718222047913514e+02 -5.808997120828744301e+02 -5.810250937928425401e+02 -5.809566833199486382e+02
0.000000000000000000e+00 0.000000000000000000e+00 0.000000000000000000e+00 0.000000000000000000e+00
0.000000000000000000e+00 0.000000000000000000e+00 0.000000000000000000e+00 0.000000000000000000e+00
-4.823522030377721990e+02 -5.771057414215681547e+02 -5.772246938352132020e+02 -5.770193477691314001e+02
0.000000000000000000e+00 0.000000000000000000e+00 0.000000000000000000e+00 0.000000000000000000e+00
0.000000000000000000e+00 0.000000000000000000e+00 0.000000000000000000e+00 0.000000000000000000e+00
-5.656332746395455615e+02 -5.638862744654092012e+02 -5.654265112353498353e+02 -5.657110053988366190e+02
0.000000000000000000e+00 0.000000000000000000e+00 0.000000000000000000e+00 0.000000000000000000e+00
0.000000000000000000e+00 0.000000000000000000e+00 0.000000000000000000e+00 0.000000000000000000e+00
-4.180249204964404726e+02 -5.544419181473563185e+02 -5.552451117140209362e+02 -5.551693969128406252e+02
-4.593542893644506080e+02 -5.528807089724903108e+02 -5.441498650114455131e+02 -5.119672190278331669e+01
-5.509569844800764713e+02 -4.998807953958889527e+01 -4.520412484136862759e+02 -5.015461534723378918e+02
0.000000000000000000e+00 0.000000000000000000e+00 0.000000000000000000e+00 0.000000000000000000e+00
-5.511488226774195027e+02 -5.508372081123209227e+02 -5.509759653952453391e+02 -5.505887427993359324e+02
-5.486827471614842580e+02 -5.486152131933072269e+02 -5.495347837985963224e+02 -5.487874887406441076e+02
-5.495567314523972300e+02 -5.497756362482805343e+02 -5.495153769089858997e+02 -5.502089528220437842e+02
-5.966144544550118098e+02 -5.971021701456647861e+02 -5.970537345089651353e+02 -5.966537924916668771e+02
0.000000000000000000e+00 0.000000000000000000e+00 0.000000000000000000e+00 0.000000000000000000e+00
-5.948449863799837658e+02 -5.944681572691763449e+02 -5.943199571648892743e+02 -5.941718528767058842e+02
0.000000000000000000e+00 0.000000000000000000e+00 0.000000000000000000e+00 0.000000000000000000e+00
0.000000000000000000e+00 0.000000000000000000e+00 0.000000000000000000e+00 0.000000000000000000e+00
-4.046251274900882322e+02 -5.863863297741270344e+02 -5.742277733650180380e+02 -5.862517613334747466e+02
-5.702710235408242170e+02 -4.917916670547658100e+02 -5.644001264933685889e+02 -5.718877662502946890e+01
-5.301146378081067496e+02 -5.727807790683344820e+02 -4.882593121116736370e+02 -5.734924494906046277e+01
-5.741099709039417576e+01 -4.301549274142074069e+02 -5.615412097975504366e+02 -4.917994776548925415e+02
0.000000000000000000e+00 0.000000000000000000e+00 0.000000000000000000e+00 0.000000000000000000e+00
-5.686121049660795279e+02 -5.687492334764540374e+02 -5.686663705346256847e+02 -5.688105966842068710e+02
0.000000000000000000e+00 0.000000000000000000e+00 0.000000000000000000e+00 0.000000000000000000e+00
-5.099477731157992366e+02 -4.633587938014727570e+02 -4.239952155039380841e+02 -5.418150538745472744e+01
-3.839057310034228294e+02 -5.496844205134585764e+02 -4.610070412436551806e+02 -5.329676310913761483e+01
-5.388865914040334246e+02 -5.229965287013489927e+01 -4.598553874505860222e+02 -5.541156085197333141e+02
-5.535128137495898955e+02 -5.543135087321422816e+02 -5.540814542355999492e+02 -5.514445543264234857e+02
-5.528879427212477822e+02 -5.527880403313716897e+02 -5.533043253863224891e+02 -5.505527608423005859e+02
-5.502100932403469642e+02 -5.511054159937501709e+02 -5.518343250446711181e+02 -5.514055015445840127e+02
0.000000000000000000e+00 0.000000000000000000e+00 0.000000000000000000e+00 0.000000000000000000e+00
-5.513863194720215688e+02 -5.514832287175383954e+02 -5.513589917598436614e+02 -5.516321300146025806e+02
-5.954002792614891177e+02 -5.955530641147023516e+02 -5.959580496527821651e+02 -5.961804105006144709e+02
-6.038670969102317940e+02 -5.944726603700330543e+02 -5.941713182560140467e+02 -5.963056876179306300e+02
-5.934762666807818050e+02 -5.938579605165800785e+02 -5.941739026817172089e+02 -5.937492621421378090e+02
-5.921402362942424134e+02 -5.920892831335163464e+02 -5.922632863449063052e+02 -5.351551587123292393e+02
-5.274163312548312206e+02 -4.297468109894603003e+02 -5.886753011799908109e+02 -5.613287572648660984e+01
-4.584300350928012904e+02 -5.782880223148367804e+02 -5.510451176750661944e+02 -5.657959808501864529e+01
-3.686332892949457118e+02 -5.693174144068696307e+01 -4.738846046407604149e+02 -4.861878505460512088e+02
0.000000000000000000e+00 0.000000000000000000e+00 0.000000000000000000e+00 0.000000000000000000e+00
-5.737190561223877694e+01 -4.401388251108980398e+02 -5.238692794384761555e+02 -5.498035204098555369e+02
-3.409004914416305496e+02 -5.734923256083875458e+02 -5.734508333651423300e+02 -5.734311137121742377e+02
-4.749255171008054504e+02 -5.705954779410517403e+02 -5.708844476301126178e+02 -5.703122058869738567e+02
-3.696607618921801190e+02 -5.435438007325561784e+02 -5.679824894126610388e+02 -5.562149980312683084e+01
-5.258260504063529197e+02 -5.495510859679155402e+01 -4.435451289113184998e+02 -5.639580535948294937e+02
0.000000000000000000e+00 0.000000000000000000e+00 0.000000000000000000e+00 0.000000000000000000e+00
-5.563217980156016438e+02 -4.181429701693296579e+02 -5.559647400927110539e+02 -5.558169479367393251e+02
-5.556555886210041990e+02 -5.556561681300113378e+02 -5.557250971394439603e+02 -5.555402190472896109e+02
0.000000000000000000e+00 0.000000000000000000e+00 0.000000000000000000e+00 0.000000000000000000e+00
-5.523409903836977719e+02 -5.524146630465978660e+02 -5.522968141518406355e+02 -5.510445500411930198e+02
-5.532777902088520250e+02 -5.535497220820055873e+02 -5.538544226105739199e+02 -5.512268109576434654e+02
-5.532434328794042813e+02 -5.526696765467900150e+02 -5.529850754065944329e+02 -5.527130912546091395e+02
-5.958565820256295638e+02 -5.965363038899138246e+02 -5.958553446493235697e+02 -5.959322442292714186e+02
0.000000000000000000e+00 0.000000000000000000e+00 0.000000000000000000e+00 0.000000000000000000e+00
-5.935373836311209743e+02 -5.938656732108216829e+02 -5.934050051405524755e+02 -5.934088035447168750e+02
-5.928899708453559469e+02 -5.928763741953139288e+02 -5.929363608831932879e+02 -5.928679546225519061e+02
0.000000000000000000e+00 0.000000000000000000e+00 0.000000000000000000e+00 0.000000000000000000e+00
0.000000000000000000e+00 0.000000000000000000e+00 0.000000000000000000e+00 0.000000000000000000e+00
0.000000000000000000e+00 0.000000000000000000e+00 0.000000000000000000e+00 0.000000000000000000e+00
-5.764633985951302293e+02 -5.764913182725529168e+02 -5.764571524924077721e+02 -4.990770174189074169e+02
-5.103496861335775066e+02 -5.227400277097930257e+02 -5.686190535336974108e+02 -5.723040730211226190e+01
-5.215196208788751164e+02 -5.374468067215457268e+02 -4.928546405902096126e+02 -5.698550326185479520e+01
-4.325453322844863351e+02 -5.652268299443843489e+02 -4.626365605016703739e+02 -5.663630932189060019e+01
-5.119523974152439791e+02 -5.618185769117713591e+01 -5.714030177206419694e+02 -4.280069787722717365e+02
0.000000000000000000e+00 0.000000000000000000e+00 0.000000000000000000e+00 0.000000000000000000e+00
-5.565531213275025948e+02 -5.580137888385066844e+02 -5.576322907710864456e+02 -5.580674398465631612e+02
-5.569563818914253943e+02 -5.567401331579758335e+02 -5.572502865102339911e+02 -5.574376930248738518e+02
-5.567619357720300286e+02 -5.568382355211649610e+02 -5.569927775787613200e+02 -5.567761631012350563e+02
0.000000000000000000e+00 0.000000000000000000e+00 0.000000000000000000e+00 0.000000000000000000e+00
-5.532970626377893950e+02 -5.530059575795412457e+02 -5.534808469844246019e+02 -5.539830308808509471e+02
-5.536863792236484869e+02 -5.543517376507635390e+02 -5.537640767944196796e+02 -5.530748089445501137e+02
0.000000000000000000e+00 0.000000000000000000e+00 0.000000000000000000e+00 0.000000000000000000e+00
