-7.049832610350608153e-01 -7.036134126007923539e-01 -7.036134126007923539e-01 -7.032828531773763769e-01
-7.069394640693994480e-01 -7.032922107766946818e-01 -7.048735309415771200e-01 -7.036241516709810240e-01
-6.849017458519403023e-01 -6.851908268190481932e-01 -6.888754191052273157e-01 -6.856721701246393241e-01
-6.661447480339012239e-01 -6.653160936547249937e-01 -6.669605096634014796e-01 -6.656231431100871898e-01
0.000000000000000000e+00 0.000000000000000000e+00 0.000000000000000000e+00 0.000000000000000000e+00
-6.479287403878650764e-01 -6.448391852949272307e-01 -6.445991017395731326e-01 -6.449257851801345476e-01
-6.461651105353458657e-01 -6.448391852949272307e-01 -6.480974455239403298e-01 -6.448391852949272307e-01
0.000000000000000000e+00 0.000000000000000000e+00 0.000000000000000000e+00 0.000000000000000000e+00
-6.451820832907486647e-01 -6.448391852949272307e-01 -6.448391852949272307e-01 -6.446357502570492226e-01
-6.463245670222583783e-01 -6.448391852949272307e-01 -6.447013662433070946e-01 -6.448391852949272307e-01
-7.024070600023225586e-01 -7.026796137097923722e-01 -7.036134126007923539e-01 -7.010474153618210247e-01
-7.175639394260736603e-01 -7.204522343637772552e-01 -7.176390326771827644e-01 -7.181047165959042466e-01
0.000000000000000000e+00 0.000000000000000000e+00 0.000000000000000000e+00 0.000000000000000000e+00
-6.430166759851414504e-01 -6.455234702302120597e-01 -6.481476463772206653e-01 -6.448583233839546569e-01
-6.448391852949272307e-01 -6.443663952778786452e-01 -6.466888408899199581e-01 -6.448546741785302627e-01
-6.446781614893880574e-01 -6.448474084819953989e-01 -6.475060806580947848e-01 -6.447922485238880563e-01
-6.447931057242870523e-01 -6.478443805642296605e-01 -6.452298976487962356e-01 -6.453028957893554018e-01
-6.477767429176889413e-01 -6.447885105228051694e-01 -6.481061730527051257e-01 -6.450412456588772159e-01
-6.449562933916046514e-01 -6.448085091982703743e-01 -6.478756752471855895e-01 -6.443872717262066896e-01
-6.446428918757902693e-01 -6.447974437402963499e-01 -6.453728405051588624e-01 -6.448314772890999524e-01
-6.839818709683089804e-01 -6.869536919426858512e-01 -6.851908268190481932e-01 -6.848734544947748804e-01
-6.861836129392020478e-01 -6.887565013233426514e-01 -6.931258569480495124e-01 -6.861836014541925488e-01
-6.581962601091826404e-01 -6.519068855075581537e-01 -6.688039763565752915e-01 -6.513180818352446444e-01
-6.125774410595627995e-01 -6.233408697950320043e-01 -6.220577871469971099e-01 -6.149712945046766910e-01
0.000000000000000000e+00 0.000000000000000000e+00 0.000000000000000000e+00 0.000000000000000000e+00
0.000000000000000000e+00 0.000000000000000000e+00 0.000000000000000000e+00 0.000000000000000000e+00
0.000000000000000000e+00 0.000000000000000000e+00 0.000000000000000000e+00 0.000000000000000000e+00
0.000000000000000000e+00 0.000000000000000000e+00 0.000000000000000000e+00 0.000000000000000000e+00
-6.448391852949272307e-01 -6.471548466337468941e-01 -6.448391852949272307e-01 -6.447904701003518424e-01
-6.448391852949272307e-01 -6.450511873543394170e-01 -6.446648487113864068e-01 -6.448391852949272307e-01
-6.600621765529164353e-01 -6.644539506067151935e-01 -6.621151711377393223e-01 -6.612801146426174892e-01
-6.513172003488767459e-01 -6.602997089142804699e-01 -6.621764187945420321e-01 -6.550596097365068982e-01
0.000000000000000000e+00 0.000000000000000000e+00 0.000000000000000000e+00 0.000000000000000000e+00
-5.695316155384808621e-01 -5.781742714930863114e-01 -5.740144640235785856e-01 -5.695315791260432414e-01
-5.217030174053303160e-01 -5.291356658025884174e-01 -5.259925214678867755e-01 -5.242975461942808169e-01
-5.242234657610465032e-01 -5.246599579942933245e-01 -5.252041818983905763e-01 -5.241873920227617667e-01
0.000000000000000000e+00 0.000000000000000000e+00 0.000000000000000000e+00 0.000000000000000000e+00
0.000000000000000000e+00 0.000000000000000000e+00 0.000000000000000000e+00 0.000000000000000000e+00
0.000000000000000000e+00 0.000000000000000000e+00 0.000000000000000000e+00 0.000000000000000000e+00
0.000000000000000000e+00 0.000000000000000000e+00 0.000000000000000000e+00 0.000000000000000000e+00
-6.328742865431338238e-01 -6.329489964348976594e-01 -6.372748254380128374e-01 -6.337726554123378486e-01
-6.125762734890584094e-01 -6.228066671231846652e-01 -6.157099222547661732e-01 -6.125762791181739164e-01
-5.695309595291409011e-01 -5.701109864761069179e-01 -5.739623970911924555e-01 -5.695310677480842632e-01
-5.217029835908292279e-01 -5.370868061941360683e-01 -5.341961498727726410e-01 -5.217029775717294537e-01
-4.685589999997636368e-01 -5.015359038998702390e-01 -4.792683504921576576e-01 -4.740693123200541148e-01
0.000000000000000000e+00 0.000000000000000000e+00 0.000000000000000000e+00 0.000000000000000000e+00
-2.709120037001607750e-01 -2.676966303456025376e-01 -2.676966303456025376e-01 -2.676101552239590897e-01
-2.597238624873572932e-01 -2.602996266117197366e-01 -2.578101280506090998e-01 -2.602996266117197366e-01
0.000000000000000000e+00 0.000000000000000000e+00 0.000000000000000000e+00 0.000000000000000000e+00
0.000000000000000000e+00 0.000000000000000000e+00 0.000000000000000000e+00 0.000000000000000000e+00
-6.072889716421954187e-01 -6.075100147835188480e-01 -6.072754846686823083e-01 -6.053904579337223701e-01
-5.701109864761069179e-01 -5.771367190346256004e-01 -5.733569263727653631e-01 -5.695324997835363723e-01
-5.291472398444910796e-01 -5.278717566017039342e-01 -5.377102844028442963e-01 -5.217030956174915080e-01
-4.685589985946435054e-01 -4.991085471449274169e-01 -4.865362617090242536e-01 -4.685589986449359978e-01
-4.184836478139299931e-01 -4.110771833471557613e-01 -4.290061743346762491e-01 -4.095099999999994300e-01
-3.567223575520703793e-01 -3.442887661049680581e-01 -3.688535840627338303e-01 -3.438999999999995949e-01
-2.709999999999995191e-01 -2.780900816134854736e-01 -2.754320214316036686e-01 -2.755795091804078001e-01
-2.465147826586913948e-01 -2.484354937414579856e-01 -2.447338329955495717e-01 -2.437374918550337111e-01
-2.215471618006490118e-01 -2.221786406008534054e-01 -2.286555809284244178e-01 -2.256722157548317897e-01
-2.234705566728039383e-01 -2.221786406008534054e-01 -2.174181375001092154e-01 -2.221786406008534054e-01
0.000000000000000000e+00 0.000000000000000000e+00 0.000000000000000000e+00 0.000000000000000000e+00
0.000000000000000000e+00 0.000000000000000000e+00 0.000000000000000000e+00 0.000000000000000000e+00
0.000000000000000000e+00 0.000000000000000000e+00 0.000000000000000000e+00 0.000000000000000000e+00
-4.095099997660021085e-01 -4.289067606757581697e-01 -4.185081897012464802e-01 -4.129632180625157356e-01
0.000000000000000000e+00 0.000000000000000000e+00 0.000000000000000000e+00 0.000000000000000000e+00
0.000000000000000000e+00 0.000000000000000000e+00 0.000000000000000000e+00 0.000000000000000000e+00
-1.899999999999998079e-01 -1.976919578972735070e-01 -1.983449185986545793e-01 -1.944808799652620879e-01
-2.107366241541578089e-01 -2.160046639753859243e-01 -2.087412964520928838e-01 -2.076363490102804410e-01
-2.092964686817074260e-01 -2.090668967244274368e-01 -2.133771143207795484e-01 -2.101626305979434894e-01
-2.143218591927812111e-01 -2.149638161595490982e-01 -2.198647170072805801e-01 -2.143218591927812111e-01
-3.186468321641601764e-01 -3.174454049896129892e-01 -3.174454049896129892e-01 -3.237927224648117219e-01
-3.267144903269919021e-01 -3.242709509397168621e-01 -3.247122448811895490e-01 -3.281831178400850813e-01
-3.311143472440222779e-01 -3.309216275307684807e-01 -3.310103051425259402e-01 -3.282941253873045140e-01
-3.438999999709017596e-01 -3.533102991439964202e-01 -3.474034034522063275e-01 -3.508532195066420556e-01
0.000000000000000000e+00 0.000000000000000000e+00 0.000000000000000000e+00 0.000000000000000000e+00
0.000000000000000000e+00 0.000000000000000000e+00 0.000000000000000000e+00 0.000000000000000000e+00
-9.999999999999992228e-02 -1.396393230542653519e-01 -1.205669825066133793e-01 -1.483155798177496765e-01
-1.738313761644133537e-01 -1.770043491805447233e-01 -1.754172388472929889e-01 -1.785482754644734937e-01
-1.912084425100133711e-01 -1.932273992551166719e-01 -1.973115796011453149e-01 -1.983694104609541597e-01
0.000000000000000000e+00 0.000000000000000000e+00 0.000000000000000000e+00 0.000000000000000000e+00
-3.176278850259269815e-01 -3.176966844044176730e-01 -3.168494924808211155e-01 -3.233417909335145612e-01
-3.174454049896129892e-01 -3.241047546607364604e-01 -3.177854884378232270e-01 -3.203798792624926728e-01
-3.105509141309221732e-01 -3.163983091722022967e-01 -3.130805226208958070e-01 -3.123388962350523990e-01
-2.768239797973117700e-01 -2.925377553098540417e-01 -2.939607281036872855e-01 -2.709999999968725204e-01
-1.970404436216369737e-01 -1.983029785666999834e-01 -1.935288819014804040e-01 -1.899999999997976086e-01
-1.117060564145171270e-01 -1.131951213475327622e-01 -1.182931853547819351e-01 -9.999999999999342748e-02
0.000000000000000000e+00 0.000000000000000000e+00 0.000000000000000000e+00 0.000000000000000000e+00
0.000000000000000000e+00 0.000000000000000000e+00 0.000000000000000000e+00 0.000000000000000000e+00
-1.902721317787415545e-01 -1.956087366559084439e-01 -1.902721317787415545e-01 -1.898828380040410713e-01
-1.902721317787415545e-01 -1.902721317787415545e-01 -1.904806909845291052e-01 -1.895659007602353840e-01
-3.174454049896129892e-01 -3.232269462573214569e-01 -3.174454049896129892e-01 -3.174454049896129892e-01
0.000000000000000000e+00 0.000000000000000000e+00 0.000000000000000000e+00 0.000000000000000000e+00
0.000000000000000000e+00 0.000000000000000000e+00 0.000000000000000000e+00 0.000000000000000000e+00
-2.376572856528964273e-01 -2.416951168431906993e-01 -2.376572856528964273e-01 -2.401329727195337937e-01
-1.983694104609541597e-01 -1.961451957538809521e-01 -1.994763718590572554e-01 -1.948628323767100101e-01
-1.399416453587115361e-01 -1.402104087507886621e-01 -1.444182151474436293e-01 -1.395381109912793294e-01
-8.648275251635913208e-02 -8.146979811148161166e-02 -8.652199886166124509e-02 -8.605228530635912476e-02
-8.648275251635913208e-02 -8.648275251635913208e-02 -8.690051301622643554e-02 -8.648275251635913208e-02
0.000000000000000000e+00 0.000000000000000000e+00 0.000000000000000000e+00 0.000000000000000000e+00
0.000000000000000000e+00 0.000000000000000000e+00 0.000000000000000000e+00 0.000000000000000000e+00
