-1.098398504587308588e+00 -1.093902911890309859e+00 -1.095764572232824419e+00 -1.091140168279029155e+00
-1.104753568227308635e+00 -1.095096034955080455e+00 -1.092734973011723953e+00 -1.091682816536269751e+00
-1.042039004669115254e+00 -1.041499025572689252e+00 -1.048082515837125639e+00 -1.044855649812046927e+00
-9.905500874444276294e-01 -9.882159634012706029e-01 -1.001102587425899859e+00 -9.879636787808177001e-01
0.000000000000000000e+00 0.000000000000000000e+00 0.000000000000000000e+00 0.000000000000000000e+00
-9.415679821706797181e-01 -9.327010614868533889e-01 -9.339555059192434783e-01 -9.337457602132011036e-01
-9.326336026790131850e-01 -9.339012880716520693e-01 -9.392954723747337642e-01 -9.334083985480912116e-01
0.000000000000000000e+00 0.000000000000000000e+00 0.000000000000000000e+00 0.000000000000000000e+00
-9.417548173235268383e-01 -9.330561697413098932e-01 -9.339555059192434783e-01 -9.328939129239848249e-01
-9.391017341242868799e-01 -9.339555059192434783e-01 -9.329759680415569134e-01 -9.332085297464549623e-01
-1.091343344803181958e+00 -1.094688803365252650e+00 -1.095082902357665144e+00 -1.102405505032430622e+00
-1.136131682939512277e+00 -1.140852393912018314e+00 -1.142821597332558170e+00 -1.146152158990205727e+00
0.000000000000000000e+00 0.000000000000000000e+00 0.000000000000000000e+00 0.000000000000000000e+00
-9.345030530669836688e-01 -9.351828867555072033e-01 -9.339555059192434783e-01 -9.336643955663384009e-01
-9.323227830450614428e-01 -9.339555059192434783e-01 -9.378063715062667782e-01 -9.347141971515346981e-01
-9.339555059192434783e-01 -9.344886111552123120e-01 -9.401323148637411586e-01 -9.338243022808917493e-01
-9.339555059192434783e-01 -9.330985971355429953e-01 -9.353040447919120925e-01 -9.344805924964543209e-01
-9.339555059192434783e-01 -9.339555059192434783e-01 -9.374352584244624031e-01 -9.354104604760651309e-01
-9.336747090431284368e-01 -9.351468332414030193e-01 -9.400376183305187983e-01 -9.348630701993961845e-01
-9.335419897244789933e-01 -9.339208147164330676e-01 -9.378225433629824304e-01 -9.338796649688809737e-01
-1.038543928177238840e+00 -1.045117170560747155e+00 -1.041289331108649518e+00 -1.044630032941885167e+00
-1.046601703246500037e+00 -1.067826132739103651e+00 -1.065671135133885006e+00 -1.046601406966820136e+00
-9.610787035269429124e-01 -9.604759004148482049e-01 -9.603427430678600496e-01 -9.561705664463295840e-01
-8.648229654063812610e-01 -8.890473172004970115e-01 -8.711884953362341033e-01 -8.697739129454267193e-01
0.000000000000000000e+00 0.000000000000000000e+00 0.000000000000000000e+00 0.000000000000000000e+00
0.000000000000000000e+00 0.000000000000000000e+00 0.000000000000000000e+00 0.000000000000000000e+00
0.000000000000000000e+00 0.000000000000000000e+00 0.000000000000000000e+00 0.000000000000000000e+00
0.000000000000000000e+00 0.000000000000000000e+00 0.000000000000000000e+00 0.000000000000000000e+00
-9.339555059192434783e-01 -9.354953822617089187e-01 -9.339555059192434783e-01 -9.333928363055447042e-01
-9.339555059192434783e-01 -9.332010874098767284e-01 -9.339624368498115059e-01 -9.331008602108759042e-01
-9.750026728258556208e-01 -9.797706122388269989e-01 -9.790505094343975312e-01 -9.753756355321278049e-01
-9.561684399453370675e-01 -9.872996556162156878e-01 -9.599741678610854700e-01 -9.770880671635832071e-01
0.000000000000000000e+00 0.000000000000000000e+00 0.000000000000000000e+00 0.000000000000000000e+00
-7.725504947845093229e-01 -8.210443537567129191e-01 -7.869138393214825111e-01 -7.725506179832348774e-01
-6.793463516015088022e-01 -6.857119624300942462e-01 -6.868659029328327836e-01 -6.942495046329892894e-01
-6.941096832524087379e-01 -6.950262504676640862e-01 -6.947708959363589898e-01 -6.950262504676640862e-01
0.000000000000000000e+00 0.000000000000000000e+00 0.000000000000000000e+00 0.000000000000000000e+00
0.000000000000000000e+00 0.000000000000000000e+00 0.000000000000000000e+00 0.000000000000000000e+00
0.000000000000000000e+00 0.000000000000000000e+00 0.000000000000000000e+00 0.000000000000000000e+00
0.000000000000000000e+00 0.000000000000000000e+00 0.000000000000000000e+00 0.000000000000000000e+00
-9.112912424591124161e-01 -9.262946729301596571e-01 -9.157961824880370694e-01 -9.112548411127989745e-01
-8.648204612365708588e-01 -8.752721948794983664e-01 -8.813260182891380357e-01 -8.648201568064777245e-01
-7.725493186782810273e-01 -7.784368156050121001e-01 -7.793626731533089824e-01 -7.725494093471687584e-01
-6.793462730251387249e-01 -7.003023593211058495e-01 -6.884286566544099983e-01 -6.793462668591915277e-01
-5.851985059896344099e-01 -6.148746094497915538e-01 -5.929337617698499097e-01 -6.002135002961586085e-01
0.000000000000000000e+00 0.000000000000000000e+00 0.000000000000000000e+00 0.000000000000000000e+00
-2.999116728138354060e-01 -2.956903273691428580e-01 -3.043067385608799191e-01 -2.939623014378697219e-01
-2.755301623823760426e-01 -2.762525562290447101e-01 -2.832196282452882352e-01 -2.762525562290447101e-01
0.000000000000000000e+00 0.000000000000000000e+00 0.000000000000000000e+00 0.000000000000000000e+00
0.000000000000000000e+00 0.000000000000000000e+00 0.000000000000000000e+00 0.000000000000000000e+00
-8.509552850930764967e-01 -8.600344963444550572e-01 -8.518617035325855014e-01 -8.488207073166361694e-01
-7.866622477503570909e-01 -7.827548855435995101e-01 -7.880825763624695890e-01 -7.725524746410830090e-01
-6.857119624300942462e-01 -6.869495048865648101e-01 -6.940184461345819678e-01 -6.793465130414313435e-01
-5.851985035348676867e-01 -6.249625432420303772e-01 -6.022109657457087595e-01 -5.851985036600748646e-01
-5.139820485661019678e-01 -4.999904168953533401e-01 -4.926123815892866076e-01 -4.900995009999990493e-01
-4.107249853743031864e-01 -4.107249853743162871e-01 -4.112404238507601506e-01 -3.940398999999993324e-01
-2.970099999999996077e-01 -3.080948242996467412e-01 -3.411446470733636716e-01 -2.994272548854095550e-01
-2.569550848139562915e-01 -2.589379250573503044e-01 -2.679332344305998537e-01 -2.571851090963796493e-01
-2.348474291460576069e-01 -2.372601341636976779e-01 -2.352643555403131082e-01 -2.420432208962195464e-01
-2.396509334141839198e-01 -2.372601341636976779e-01 -2.306059703933394101e-01 -2.372601341636976779e-01
0.000000000000000000e+00 0.000000000000000000e+00 0.000000000000000000e+00 0.000000000000000000e+00
0.000000000000000000e+00 0.000000000000000000e+00 0.000000000000000000e+00 0.000000000000000000e+00
0.000000000000000000e+00 0.000000000000000000e+00 0.000000000000000000e+00 0.000000000000000000e+00
-4.900995006319870395e-01 -5.034257613320711755e-01 -4.956353925164072027e-01 -4.974557743116573838e-01
0.000000000000000000e+00 0.000000000000000000e+00 0.000000000000000000e+00 0.000000000000000000e+00
0.000000000000000000e+00 0.000000000000000000e+00 0.000000000000000000e+00 0.000000000000000000e+00
-1.989999999999999269e-01 -2.236797529642242099e-01 -2.079132403529486695e-01 -2.018438437217611181e-01
-2.167761850024760295e-01 -2.167311088738376190e-01 -2.213787831599284273e-01 -2.186970258634204911e-01
-2.210373151854405360e-01 -2.213642138730247677e-01 -2.257595543245243808e-01 -2.229199678583144717e-01
-2.363795188634757738e-01 -2.293285438883835570e-01 -2.351874044590683832e-01 -2.274876217854831517e-01
-3.636571164178835636e-01 -3.634170438858251306e-01 -3.634170438858251306e-01 -3.617869741793099392e-01
-3.586249589315265163e-01 -3.634170438858251306e-01 -3.640937406871562754e-01 -3.658683037601374588e-01
-3.666614528225337621e-01 -3.730536268419393231e-01 -3.731549672156795339e-01 -3.786722991370857772e-01
-3.940398999572878869e-01 -4.029322614804197733e-01 -3.979269315393680340e-01 -4.019055947492404246e-01
0.000000000000000000e+00 0.000000000000000000e+00 0.000000000000000000e+00 0.000000000000000000e+00
0.000000000000000000e+00 0.000000000000000000e+00 0.000000000000000000e+00 0.000000000000000000e+00
-9.999999999999992228e-02 -1.000021641769176517e-01 -1.184064820341526325e-01 -1.206624153932413374e-01
-1.784781294854947686e-01 -1.820227267039571939e-01 -1.755909345639686814e-01 -1.834031026763941752e-01
-1.989781750414431616e-01 -2.022047612886004597e-01 -2.056798448988032824e-01 -2.075183359120719717e-01
0.000000000000000000e+00 0.000000000000000000e+00 0.000000000000000000e+00 0.000000000000000000e+00
-3.539960986959750366e-01 -3.618899906739386774e-01 -3.528654265123589706e-01 -3.623901999923309081e-01
-3.537708147005256820e-01 -3.522737404859864196e-01 -3.541177520535174761e-01 -3.603072150276788732e-01
-3.441149296301558302e-01 -3.528844521918820254e-01 -3.476875208820801033e-01 -3.441053159379454662e-01
-3.064368884843625129e-01 -3.320684384503471698e-01 -3.189844766609870597e-01 -2.970099999960177928e-01
-2.157565061996684630e-01 -2.079132403529486695e-01 -2.217885434250181920e-01 -1.989999999997564273e-01
-1.050059036017790687e-01 -1.094516467046154073e-01 -1.087553095427608169e-01 -9.999999999999342748e-02
0.000000000000000000e+00 0.000000000000000000e+00 0.000000000000000000e+00 0.000000000000000000e+00
0.000000000000000000e+00 0.000000000000000000e+00 0.000000000000000000e+00 0.000000000000000000e+00
-1.981113517046532990e-01 -2.049220824878687786e-01 -1.981113517046532990e-01 -1.975826498726596103e-01
-1.981113517046532990e-01 -1.981113517046532990e-01 -1.982701501799867816e-01 -1.981113517046532990e-01
-3.537708147005256820e-01 -3.624783056581417640e-01 -3.537708147005256820e-01 -3.537708147005256820e-01
0.000000000000000000e+00 0.000000000000000000e+00 0.000000000000000000e+00 0.000000000000000000e+00
0.000000000000000000e+00 0.000000000000000000e+00 0.000000000000000000e+00 0.000000000000000000e+00
-2.567758511555044976e-01 -2.618681470878314044e-01 -2.567758511555044976e-01 -2.600608627378011017e-01
-2.079132403529486695e-01 -2.142255984853103090e-01 -2.092530827744246702e-01 -2.082254203527155734e-01
-1.489545363799800737e-01 -1.465939123948635792e-01 -1.571396196005879764e-01 -1.413581698628895156e-01
-7.972055930055974016e-02 -7.941088679053512345e-02 -9.227597368457574056e-02 -7.919443271055973121e-02
-7.972055930055974016e-02 -7.972055930055974016e-02 -8.025131633067833503e-02 -7.972055930055974016e-02
0.000000000000000000e+00 0.000000000000000000e+00 0.000000000000000000e+00 0.000000000000000000e+00
0.000000000000000000e+00 0.000000000000000000e+00 0.000000000000000000e+00 0.000000000000000000e+00
