-8.937581006726332822e-01 -8.925493088359806038e-01 -8.915602400757853818e-01 -8.906676545786925692e-01
-8.911464285099177651e-01 -8.928642082697604287e-01 -8.940423495439964174e-01 -8.922315556846852624e-01
-8.643449451337054112e-01 -8.648895550792501385e-01 -8.634061751253505612e-01 -8.622796300207189457e-01
-8.271191737032285163e-01 -8.302322726828178512e-01 -8.331487209245047598e-01 -8.297712366066932743e-01
0.000000000000000000e+00 0.000000000000000000e+00 0.000000000000000000e+00 0.000000000000000000e+00
-7.937762097768700231e-01 -7.884591270185442591e-01 -7.884591270185442591e-01 -7.888816237270660503e-01
-7.923821628996432498e-01 -7.884591270185442591e-01 -7.940931032026811165e-01 -7.884591270185442591e-01
0.000000000000000000e+00 0.000000000000000000e+00 0.000000000000000000e+00 0.000000000000000000e+00
-7.925409838253381078e-01 -7.879471397930231102e-01 -7.884591270185442591e-01 -7.887766430423579500e-01
-7.880945743466900577e-01 -7.884591270185442591e-01 -7.932395258832880547e-01 -7.884591270185442591e-01
-8.891524505801636780e-01 -8.884973558716300346e-01 -8.929849539354218768e-01 -8.964109963181594587e-01
-9.192677417700766407e-01 -9.219455007612480379e-01 -9.216938921126890394e-01 -9.199759026688631991e-01
0.000000000000000000e+00 0.000000000000000000e+00 0.000000000000000000e+00 0.000000000000000000e+00
-7.881299217012533997e-01 -7.914333762207350631e-01 -7.884591270185442591e-01 -7.888248596742272190e-01
-7.883151771338876568e-01 -7.881841803706411964e-01 -7.911757360550775164e-01 -7.883660681024637906e-01
-7.879050334397774691e-01 -7.886772807635977767e-01 -7.928505032061209379e-01 -7.886224939501924602e-01
-7.884591270185442591e-01 -7.936778968485225239e-01 -7.891003052091548620e-01 -7.903343789223018501e-01
-7.884591270185442591e-01 -7.937281596508275472e-01 -7.940883905263257381e-01 -7.899144751179658641e-01
-7.903583154596034444e-01 -7.889890882459220656e-01 -7.939112494543024701e-01 -7.879044579802734205e-01
-7.879128732563831505e-01 -7.876808408916259330e-01 -7.892756440177456367e-01 -7.884591270185442591e-01
-8.545449818197733416e-01 -8.529432416343225576e-01 -8.534527462228227446e-01 -8.592509559178724832e-01
-8.623895993818189165e-01 -8.743701553352039024e-01 -8.650273378760180432e-01 -8.623896476865141603e-01
-8.059689214853092976e-01 -8.065415259904017420e-01 -8.128386927537584183e-01 -8.025203202920756507e-01
-7.394978910453772203e-01 -7.523211327155207018e-01 -7.443787561412731346e-01 -7.558561330796577105e-01
0.000000000000000000e+00 0.000000000000000000e+00 0.000000000000000000e+00 0.000000000000000000e+00
0.000000000000000000e+00 0.000000000000000000e+00 0.000000000000000000e+00 0.000000000000000000e+00
0.000000000000000000e+00 0.000000000000000000e+00 0.000000000000000000e+00 0.000000000000000000e+00
0.000000000000000000e+00 0.000000000000000000e+00 0.000000000000000000e+00 0.000000000000000000e+00
-7.884538281082493771e-01 -7.941925103889468929e-01 -7.939512884408389537e-01 -7.937429077508145747e-01
-7.878778468340379426e-01 -7.886342304212223819e-01 -7.938895887890277114e-01 -7.881522175996320545e-01
-8.117604373594274891e-01 -8.211000971574660134e-01 -8.124836286600796154e-01 -8.141639737036155955e-01
-8.025188287639662965e-01 -8.087896992182651568e-01 -8.060457851505509197e-01 -8.121256230840042667e-01
0.000000000000000000e+00 0.000000000000000000e+00 0.000000000000000000e+00 0.000000000000000000e+00
-6.731573752007772304e-01 -6.757208011212565424e-01 -6.805783988593977485e-01 -6.731572769309507320e-01
-6.033252775868129802e-01 -6.059067983290101767e-01 -6.052363524736547040e-01 -6.053077239858176695e-01
-6.058605536002120706e-01 -6.052379321177594473e-01 -6.061614701822682916e-01 -6.059067983290101767e-01
0.000000000000000000e+00 0.000000000000000000e+00 0.000000000000000000e+00 0.000000000000000000e+00
0.000000000000000000e+00 0.000000000000000000e+00 0.000000000000000000e+00 0.000000000000000000e+00
0.000000000000000000e+00 0.000000000000000000e+00 0.000000000000000000e+00 0.000000000000000000e+00
0.000000000000000000e+00 0.000000000000000000e+00 0.000000000000000000e+00 0.000000000000000000e+00
-7.682180235604796348e-01 -7.734051792135372416e-01 -7.701027569285473495e-01 -7.669459898618888882e-01
-7.394963173464454975e-01 -7.512156285169160341e-01 -7.406310740508070811e-01 -7.394959290978065924e-01
-6.731564790313864233e-01 -6.734326744541466736e-01 -6.801699814078465689e-01 -6.731563158165121408e-01
-6.033252109997686574e-01 -6.117449189327981429e-01 -6.217096878901228196e-01 -6.033252120249731343e-01
-5.298162187497260645e-01 -5.516874759345329338e-01 -5.349410576302208176e-01 -5.338212721213301259e-01
0.000000000000000000e+00 0.000000000000000000e+00 0.000000000000000000e+00 0.000000000000000000e+00
-2.908475876490764778e-01 -2.870139857457156274e-01 -2.877570260569067839e-01 -2.867121647586252653e-01
-2.696386217813907527e-01 -2.705845388649325001e-01 -2.769926812408451400e-01 -2.698487042972184113e-01
0.000000000000000000e+00 0.000000000000000000e+00 0.000000000000000000e+00 0.000000000000000000e+00
0.000000000000000000e+00 0.000000000000000000e+00 0.000000000000000000e+00 0.000000000000000000e+00
-7.252916024210335211e-01 -7.290716797773152402e-01 -7.261823482122438111e-01 -7.258777536390049745e-01
-6.800264108498819127e-01 -6.855230171453823296e-01 -6.765486576901192928e-01 -6.731586750325083690e-01
-6.126320004951187892e-01 -6.073665927751279447e-01 -6.234104930592228033e-01 -6.033254018135055796e-01
-5.298162169437785618e-01 -5.500200617887517351e-01 -5.300314518014692666e-01 -5.298162168398062866e-01
-4.717287462948963062e-01 -4.742187942804837464e-01 -4.558372692667977955e-01 -4.524381249999991361e-01
-3.928988373499034958e-01 -3.795649139271764505e-01 -3.735813415434852125e-01 -3.709874999999994150e-01
-2.852499999999995040e-01 -2.987485606652284797e-01 -3.018796721345352041e-01 -2.947705222500003885e-01
-2.555129492429351057e-01 -2.557061115632759396e-01 -2.642593258064936945e-01 -2.537264044138294317e-01
-2.331973863968878902e-01 -2.355595141023973937e-01 -2.353184965180172838e-01 -2.393720233473207448e-01
-2.380859732257642192e-01 -2.355595141023973937e-01 -2.299883483232716408e-01 -2.355595141023973937e-01
0.000000000000000000e+00 0.000000000000000000e+00 0.000000000000000000e+00 0.000000000000000000e+00
0.000000000000000000e+00 0.000000000000000000e+00 0.000000000000000000e+00 0.000000000000000000e+00
0.000000000000000000e+00 0.000000000000000000e+00 0.000000000000000000e+00 0.000000000000000000e+00
-4.524381247301806352e-01 -4.655323404372173068e-01 -4.582412924848130453e-01 -4.589022213762354863e-01
0.000000000000000000e+00 0.000000000000000000e+00 0.000000000000000000e+00 0.000000000000000000e+00
0.000000000000000000e+00 0.000000000000000000e+00 0.000000000000000000e+00 0.000000000000000000e+00
-1.949999999999998124e-01 -2.287413301012574951e-01 -2.077371525194677548e-01 -2.038521061780683152e-01
-2.143115578917363928e-01 -2.181186467960282704e-01 -2.202085993927026530e-01 -2.189211798549927646e-01
-2.196547405394918273e-01 -2.215020008873049839e-01 -2.258410263930377693e-01 -2.231874692242379055e-01
-2.266929789973843035e-01 -2.285143820966373529e-01 -2.340604525646392264e-01 -2.266929789973843035e-01
-3.471548732156594097e-01 -3.468658188670296072e-01 -3.468195594971411611e-01 -3.455847560968957621e-01
-3.505897998384569503e-01 -3.468697840505557961e-01 -3.474180149537249296e-01 -3.490478421873286496e-01
-3.559494330153766262e-01 -3.551354351303029899e-01 -3.558481365022028720e-01 -3.520031117619135119e-01
-3.709874999691880060e-01 -3.830950481650913231e-01 -3.765015645564081526e-01 -3.790857357382717563e-01
0.000000000000000000e+00 0.000000000000000000e+00 0.000000000000000000e+00 0.000000000000000000e+00
0.000000000000000000e+00 0.000000000000000000e+00 0.000000000000000000e+00 0.000000000000000000e+00
-9.999999999999992228e-02 -1.612750179940924400e-01 -1.072908403731139410e-01 -1.318107366242332046e-01
-1.816874768349394931e-01 -1.744802735322920351e-01 -1.765218598017045670e-01 -1.757415595327267432e-01
-2.007974197773061409e-01 -2.036265594745635399e-01 -1.978647938762403136e-01 -1.998251442535110001e-01
0.000000000000000000e+00 0.000000000000000000e+00 0.000000000000000000e+00 0.000000000000000000e+00
-3.387653526316389274e-01 -3.455424360148257046e-01 -3.385625970357344361e-01 -3.455215564681226592e-01
-3.385625970357344361e-01 -3.455270160234027443e-01 -3.387980188109790403e-01 -3.445172668341457412e-01
-3.302136653625471485e-01 -3.374292986201162248e-01 -3.340262357665954585e-01 -3.329424698846258912e-01
-2.875778027997151765e-01 -3.332721565414720200e-01 -3.067009094543231562e-01 -2.852499999969574374e-01
-2.057807054290102799e-01 -2.083676298268167804e-01 -2.245119877099462091e-01 -1.949999999998014155e-01
-1.026012230263530778e-01 -1.160617563356515641e-01 -1.533566055527355310e-01 -9.999999999999342748e-02
0.000000000000000000e+00 0.000000000000000000e+00 0.000000000000000000e+00 0.000000000000000000e+00
0.000000000000000000e+00 0.000000000000000000e+00 0.000000000000000000e+00 0.000000000000000000e+00
-1.998251442535110001e-01 -2.055732234681585391e-01 -1.998251442535110001e-01 -1.996968133403320134e-01
-1.998251442535110001e-01 -1.998251442535110001e-01 -2.000366895795538391e-01 -1.998251442535110001e-01
-3.385625970357344361e-01 -3.461111113161429165e-01 -3.385625970357344361e-01 -3.385625970357344361e-01
0.000000000000000000e+00 0.000000000000000000e+00 0.000000000000000000e+00 0.000000000000000000e+00
0.000000000000000000e+00 0.000000000000000000e+00 0.000000000000000000e+00 0.000000000000000000e+00
-2.443817165318854234e-01 -2.482351227484461131e-01 -2.443817165318854234e-01 -2.464879058795888533e-01
-1.998251442535110001e-01 -2.058205764109858893e-01 -1.996334063657378977e-01 -1.988743774446373180e-01
-1.448620623633442572e-01 -1.380589283200124306e-01 -1.509139199354281313e-01 -1.390287756640083139e-01
-7.861391284912624955e-02 -7.941088679053512345e-02 -9.030044362824490856e-02 -7.810904389912626256e-02
-7.861391284912624955e-02 -7.861391284912624955e-02 -7.908853612759704499e-02 -7.861391284912624955e-02
0.000000000000000000e+00 0.000000000000000000e+00 0.000000000000000000e+00 0.000000000000000000e+00
0.000000000000000000e+00 0.000000000000000000e+00 0.000000000000000000e+00 0.000000000000000000e+00
