-6.225179140916045073e-01 -6.218131794036041438e-01 -6.218390844029915154e-01 -6.224137606028774528e-01
-6.098739379458493204e-01 -6.096181416631000216e-01 -6.089174444097209538e-01 -6.089044108361030272e-01
-5.748212179896818874e-01 -5.748011569948160426e-01 -5.751685868707844262e-01 -5.743144515740228329e-01
-5.346003078849369539e-01 -5.351327003807128113e-01 -5.355755632749407136e-01 -5.351588184035594997e-01
0.000000000000000000e+00 0.000000000000000000e+00 0.000000000000000000e+00 0.000000000000000000e+00
-2.693394380604005600e-01 -2.702607845270945108e-01 -2.692983628265658291e-01 -2.699569231358112109e-01
-2.384659717740239826e-01 -2.381128006211441772e-01 -2.389273928331709096e-01 -2.381309031616183625e-01
0.000000000000000000e+00 0.000000000000000000e+00 0.000000000000000000e+00 0.000000000000000000e+00
0.000000000000000000e+00 0.000000000000000000e+00 0.000000000000000000e+00 0.000000000000000000e+00
0.000000000000000000e+00 0.000000000000000000e+00 0.000000000000000000e+00 0.000000000000000000e+00
-6.352591491115944233e-01 -6.351619042869122156e-01 -6.349632666361011424e-01 -6.356262544849371476e-01
-6.303662406103464066e-01 -6.293805641116251293e-01 -6.302628147197875119e-01 -6.293348566712915204e-01
0.000000000000000000e+00 0.000000000000000000e+00 0.000000000000000000e+00 0.000000000000000000e+00
-4.873892043864494483e-01 -4.872443061562405364e-01 -4.876933414981730608e-01 -4.870060673802302231e-01
-3.930575580454295781e-01 -3.930351642988679783e-01 -3.947750845948773124e-01 -3.929466110216531249e-01
-2.974819227746661743e-01 -2.970650836327025091e-01 -2.974262889958013134e-01 -2.967271888271633684e-01
-2.009456064699779998e-01 -2.016544005426031960e-01 -2.015494589933404246e-01 -1.989534608838101626e-01
-1.024190416777920193e-01 -1.004872407631685755e-01 -1.056866403192690679e-01 -9.999568287525896493e-02
0.000000000000000000e+00 0.000000000000000000e+00 0.000000000000000000e+00 0.000000000000000000e+00
0.000000000000000000e+00 0.000000000000000000e+00 0.000000000000000000e+00 0.000000000000000000e+00
-6.519883587114154722e-01 -6.521815576516043489e-01 -6.527204530171250019e-01 -6.526576192284743172e-01
-6.440843215797894539e-01 -6.437572264476216777e-01 -6.444117601421686103e-01 -6.443247923006980571e-01
-6.134039031068716508e-01 -6.133844385466894478e-01 -6.134299480210977373e-01 -6.138326086293803829e-01
-5.770801277361630177e-01 -5.769738315524565175e-01 -5.776082665000870087e-01 -5.776574411174736357e-01
0.000000000000000000e+00 0.000000000000000000e+00 0.000000000000000000e+00 0.000000000000000000e+00
0.000000000000000000e+00 0.000000000000000000e+00 0.000000000000000000e+00 0.000000000000000000e+00
0.000000000000000000e+00 0.000000000000000000e+00 0.000000000000000000e+00 0.000000000000000000e+00
0.000000000000000000e+00 0.000000000000000000e+00 0.000000000000000000e+00 0.000000000000000000e+00
0.000000000000000000e+00 0.000000000000000000e+00 0.000000000000000000e+00 0.000000000000000000e+00
0.000000000000000000e+00 0.000000000000000000e+00 0.000000000000000000e+00 0.000000000000000000e+00
-6.747662761611969984e-01 -6.751284182557267810e-01 -6.751252359186465934e-01 -6.749865803320055369e-01
-6.756313943260109367e-01 -6.754419302557922444e-01 -6.756662303395034597e-01 -6.751566635077430600e-01
0.000000000000000000e+00 0.000000000000000000e+00 0.000000000000000000e+00 0.000000000000000000e+00
-6.597437825120655575e-01 -6.593090272495767401e-01 -6.592501913441973782e-01 -6.598437026800851868e-01
-7.003695637491420545e-01 -6.993627038030081344e-01 -6.998871538057848118e-01 -7.002404924938205877e-01
-7.002656539365897936e-01 -7.002326651723667084e-01 -7.003304874791838053e-01 -7.002961013986277461e-01
0.000000000000000000e+00 0.000000000000000000e+00 0.000000000000000000e+00 0.000000000000000000e+00
0.000000000000000000e+00 0.000000000000000000e+00 0.000000000000000000e+00 0.000000000000000000e+00
0.000000000000000000e+00 0.000000000000000000e+00 0.000000000000000000e+00 0.000000000000000000e+00
0.000000000000000000e+00 0.000000000000000000e+00 0.000000000000000000e+00 0.000000000000000000e+00
-6.956350972262734800e-01 -6.959357444436033990e-01 -6.956361343492242222e-01 -6.964314080169525800e-01
-7.044061869493295491e-01 -7.048234020919822429e-01 -7.049455923831323689e-01 -7.049750085805895905e-01
-7.261611138605701399e-01 -7.253471018987207586e-01 -7.260379436477837345e-01 -7.259327477232314640e-01
-7.268068429958244314e-01 -7.262985466852390770e-01 -7.267708250914893808e-01 -7.263026063225418438e-01
-7.355832706103657692e-01 -7.351990873423919215e-01 -7.358320308084319583e-01 -7.355632175716302346e-01
0.000000000000000000e+00 0.000000000000000000e+00 0.000000000000000000e+00 0.000000000000000000e+00
-8.314360212344373835e-01 -8.323212574037508471e-01 -8.314219973872558622e-01 -8.314650408886703481e-01
-8.336877783470215686e-01 -8.341728468221821791e-01 -8.343660547605408206e-01 -8.341335054008840455e-01
0.000000000000000000e+00 0.000000000000000000e+00 0.000000000000000000e+00 0.000000000000000000e+00
0.000000000000000000e+00 0.000000000000000000e+00 0.000000000000000000e+00 0.000000000000000000e+00
-7.077126981426309360e-01 -7.078507057655353263e-01 -7.077244841330327940e-01 -7.083049312703428857e-01
-7.197903878215308193e-01 -7.200572906997183553e-01 -7.198459724471132359e-01 -7.201114479184964612e-01
-7.448069864281484653e-01 -7.453629927714779946e-01 -7.447164298320007036e-01 -7.453076850335959014e-01
-7.819310115934730021e-01 -7.820410067004642807e-01 -7.821120507162538926e-01 -7.819684851737433995e-01
-7.734471662070294684e-01 -7.732109943359737336e-01 -7.731819364912144721e-01 -7.733793591407597257e-01
-8.010780886813108070e-01 -8.010855847498712379e-01 -8.016034329142979198e-01 -8.016288373165029180e-01
-8.276106507315826866e-01 -8.282769677694107324e-01 -8.281154152640026744e-01 -8.279955383558911253e-01
-8.355475707468287272e-01 -8.364005917539624191e-01 -8.359666403677392665e-01 -8.359437462719664369e-01
-8.401901803772653388e-01 -8.396675739469487976e-01 -8.394601179345697606e-01 -8.399675896248629536e-01
-8.415798400619536324e-01 -8.415109872902860610e-01 -8.410214673504747829e-01 -8.414738910954834283e-01
0.000000000000000000e+00 0.000000000000000000e+00 0.000000000000000000e+00 0.000000000000000000e+00
0.000000000000000000e+00 0.000000000000000000e+00 0.000000000000000000e+00 0.000000000000000000e+00
0.000000000000000000e+00 0.000000000000000000e+00 0.000000000000000000e+00 0.000000000000000000e+00
-8.476105315079015545e-01 -8.467613985685273903e-01 -8.469803320431542604e-01 -8.469908932150719272e-01
0.000000000000000000e+00 0.000000000000000000e+00 0.000000000000000000e+00 0.000000000000000000e+00
0.000000000000000000e+00 0.000000000000000000e+00 0.000000000000000000e+00 0.000000000000000000e+00
-8.433916663517312395e-01 -8.436451798793714874e-01 -8.433413105850299241e-01 -8.429021577767826789e-01
-8.427168558379323215e-01 -8.428566622162112498e-01 -8.424565074876972925e-01 -8.426587790161433889e-01
-8.429205411570749318e-01 -8.426204009913701443e-01 -8.430035087693961149e-01 -8.429557848393424146e-01
-8.423711954716283090e-01 -8.423263139073601247e-01 -8.424227994809072584e-01 -8.424146500009953575e-01
-1.005098833081883747e+00 -1.004818997307244333e+00 -1.004869186712210594e+00 -1.005638219420340151e+00
-1.012350891459858016e+00 -1.012929104927451585e+00 -1.012679980183478490e+00 -1.012604474075986971e+00
-9.621359094822242719e-01 -9.615346307602019582e-01 -9.626525203182532131e-01 -9.613517039646876094e-01
-9.086990415272796495e-01 -9.084152850508145915e-01 -9.095159241213810475e-01 -9.090023323023294077e-01
0.000000000000000000e+00 0.000000000000000000e+00 0.000000000000000000e+00 0.000000000000000000e+00
0.000000000000000000e+00 0.000000000000000000e+00 0.000000000000000000e+00 0.000000000000000000e+00
-8.588883161669567112e-01 -8.592497501837927931e-01 -8.588332735414085928e-01 -8.586256848918976115e-01
-8.488248869852268452e-01 -8.492756100112657247e-01 -8.489459829858972961e-01 -8.491530151671486948e-01
-8.458861043939348567e-01 -8.464994265610729096e-01 -8.458023993248967587e-01 -8.460604806889733265e-01
0.000000000000000000e+00 0.000000000000000000e+00 0.000000000000000000e+00 0.000000000000000000e+00
-9.976420490593661539e-01 -9.977463468324621054e-01 -9.976605102383790946e-01 -9.970215212197066634e-01
-9.886530043504900833e-01 -9.893825262457591752e-01 -9.892483160678574583e-01 -9.892471383137082519e-01
-9.588643163721853879e-01 -9.589292691888640086e-01 -9.590105969430449129e-01 -9.594241527407963988e-01
-9.256484209076589753e-01 -9.255531551531541723e-01 -9.256596864126979129e-01 -9.248417380265118171e-01
-9.108273250677598742e-01 -9.108454100256706543e-01 -9.105387091923031750e-01 -9.112420238721397059e-01
-8.979395787029181841e-01 -8.971612210685721012e-01 -8.977501794647041455e-01 -8.977437039011341158e-01
-8.825253192283956105e-01 -8.826533475655228278e-01 -8.828157868076191850e-01 -8.826254265715203218e-01
0.000000000000000000e+00 0.000000000000000000e+00 0.000000000000000000e+00 0.000000000000000000e+00
-8.460381821353621934e-01 -8.460579143636873800e-01 -8.460288544089694662e-01 -8.451533748265619428e-01
-8.451603944851925343e-01 -8.451693698269390209e-01 -8.453215935452236263e-01 -8.451782562951160038e-01
-9.976398534663389883e-01 -9.978858026888572930e-01 -9.976194715564382642e-01 -9.976984288853343319e-01
0.000000000000000000e+00 0.000000000000000000e+00 0.000000000000000000e+00 0.000000000000000000e+00
0.000000000000000000e+00 0.000000000000000000e+00 0.000000000000000000e+00 0.000000000000000000e+00
-9.171982126418195547e-01 -9.175401257153105172e-01 -9.171710440545548515e-01 -9.179762882188861051e-01
-9.090267818874592232e-01 -9.098083231800390136e-01 -9.096165729077279050e-01 -9.092984842967668513e-01
-8.990110187197822844e-01 -8.990425774455905739e-01 -8.997103887503586916e-01 -8.998330331877161248e-01
-8.908016605788716680e-01 -8.915427921967319369e-01 -8.911347001207376994e-01 -8.907982871196308272e-01
-8.908052404937921720e-01 -8.908004013406751742e-01 -8.908391675240561192e-01 -8.908274950510303158e-01
0.000000000000000000e+00 0.000000000000000000e+00 0.000000000000000000e+00 0.000000000000000000e+00
0.000000000000000000e+00 0.000000000000000000e+00 0.000000000000000000e+00 0.000000000000000000e+00
