-6.755041026221173528e-01 -6.763883507808750029e-01 -6.763883507808750029e-01 -6.788787717349399342e-01
-6.604120996844855540e-01 -6.577131193063683323e-01 -6.605671350105857265e-01 -6.607792629412337915e-01
-6.202503617415452419e-01 -6.202503617415452419e-01 -6.241114276466445121e-01 -6.166183719486655335e-01
-5.683178102834786083e-01 -5.732105883566752658e-01 -5.727203994495733141e-01 -5.732105883566752658e-01
0.000000000000000000e+00 0.000000000000000000e+00 0.000000000000000000e+00 0.000000000000000000e+00
-2.933330720442424155e-01 -2.859763036728156793e-01 -2.855958306369461575e-01 -2.865237180505701975e-01
-2.579836402313705479e-01 -2.567758511555044976e-01 -2.555495591798228605e-01 -2.567758511555044976e-01
0.000000000000000000e+00 0.000000000000000000e+00 0.000000000000000000e+00 0.000000000000000000e+00
0.000000000000000000e+00 0.000000000000000000e+00 0.000000000000000000e+00 0.000000000000000000e+00
0.000000000000000000e+00 0.000000000000000000e+00 0.000000000000000000e+00 0.000000000000000000e+00
-6.874411269445706019e-01 -6.920269204468535440e-01 -6.857119624300942462e-01 -6.935241204502867740e-01
-6.817472217923770117e-01 -6.835991156034736393e-01 -6.829660915447066660e-01 -6.850855793541302807e-01
0.000000000000000000e+00 0.000000000000000000e+00 0.000000000000000000e+00 0.000000000000000000e+00
-5.314971736506475253e-01 -5.482016509609211052e-01 -5.062300474794915184e-01 -4.900995009999990493e-01
-4.180886650826194373e-01 -4.322354791088585113e-01 -3.943037838649036120e-01 -3.940398999999993324e-01
-3.358793834189479632e-01 -3.178426431991057122e-01 -3.456556006407077719e-01 -2.970099999999996077e-01
-2.443023399766146020e-01 -2.343305504499357539e-01 -2.071512825358212129e-01 -1.989999999999999269e-01
-1.264658338307384777e-01 -1.402471124070404640e-01 -1.111544025088624099e-01 -9.999999999999992228e-02
0.000000000000000000e+00 0.000000000000000000e+00 0.000000000000000000e+00 0.000000000000000000e+00
0.000000000000000000e+00 0.000000000000000000e+00 0.000000000000000000e+00 0.000000000000000000e+00
-7.080244365554397845e-01 -7.135298668607705785e-01 -7.130445691249962525e-01 -7.081795466678253437e-01
-7.009786416567546086e-01 -6.938913698042081801e-01 -7.013356095911112975e-01 -6.913647212311893053e-01
-6.569421826168782008e-01 -6.577131193063683323e-01 -6.504639741471438530e-01 -6.527330773505615191e-01
-6.396665839731374703e-01 -5.851985059899985631e-01 -6.221847881414067638e-01 -6.080953614041875177e-01
0.000000000000000000e+00 0.000000000000000000e+00 0.000000000000000000e+00 0.000000000000000000e+00
0.000000000000000000e+00 0.000000000000000000e+00 0.000000000000000000e+00 0.000000000000000000e+00
0.000000000000000000e+00 0.000000000000000000e+00 0.000000000000000000e+00 0.000000000000000000e+00
0.000000000000000000e+00 0.000000000000000000e+00 0.000000000000000000e+00 0.000000000000000000e+00
0.000000000000000000e+00 0.000000000000000000e+00 0.000000000000000000e+00 0.000000000000000000e+00
0.000000000000000000e+00 0.000000000000000000e+00 0.000000000000000000e+00 0.000000000000000000e+00
-7.355221912107381410e-01 -7.393995135266085983e-01 -7.412943987441401594e-01 -7.362544858635664546e-01
-7.399833181358540513e-01 -7.357748069814162850e-01 -7.351641101169370529e-01 -7.318183043930280851e-01
0.000000000000000000e+00 0.000000000000000000e+00 0.000000000000000000e+00 0.000000000000000000e+00
-6.943565137177692970e-01 -6.793465209300982854e-01 -7.022117701553277636e-01 -7.215589942977308491e-01
-7.567054561151509429e-01 -7.593022859475249131e-01 -7.575777409765314108e-01 -7.590988272010824600e-01
-7.593871592464513931e-01 -7.590493919723383387e-01 -7.600705509850129715e-01 -7.590612049392957417e-01
0.000000000000000000e+00 0.000000000000000000e+00 0.000000000000000000e+00 0.000000000000000000e+00
0.000000000000000000e+00 0.000000000000000000e+00 0.000000000000000000e+00 0.000000000000000000e+00
0.000000000000000000e+00 0.000000000000000000e+00 0.000000000000000000e+00 0.000000000000000000e+00
0.000000000000000000e+00 0.000000000000000000e+00 0.000000000000000000e+00 0.000000000000000000e+00
-7.653882571569310400e-01 -7.650873988409507831e-01 -7.599659876142529358e-01 -7.595115710137760878e-01
-7.791894296101831152e-01 -7.697091006661795909e-01 -7.742012201167653984e-01 -7.782536561103605699e-01
-8.002972790980211748e-01 -8.059940088400981972e-01 -8.009209098397442883e-01 -8.065303670032031302e-01
-8.667554975875391143e-01 -7.725530557207967997e-01 -8.022433794912272598e-01 -7.986038752540693952e-01
-8.222038877655839517e-01 -8.121137087591083770e-01 -8.098787348148783760e-01 -8.147680086346298367e-01
0.000000000000000000e+00 0.000000000000000000e+00 0.000000000000000000e+00 0.000000000000000000e+00
-9.725157525124724645e-01 -9.685673551922447944e-01 -9.700805654872565187e-01 -9.699756436450528430e-01
-9.744570628422239977e-01 -9.786168875064162886e-01 -9.738060844507451241e-01 -9.688392776961729513e-01
0.000000000000000000e+00 0.000000000000000000e+00 0.000000000000000000e+00 0.000000000000000000e+00
0.000000000000000000e+00 0.000000000000000000e+00 0.000000000000000000e+00 0.000000000000000000e+00
-7.775220522377856991e-01 -7.797429481904438742e-01 -7.784368156050121001e-01 -7.860953589725869772e-01
-7.964290440203166677e-01 -7.958628530609361817e-01 -7.959861400976774304e-01 -8.021079393878304264e-01
-8.244525080646765147e-01 -8.286907936261310725e-01 -8.250711810077699937e-01 -8.356759613316800950e-01
-9.245614509415942539e-01 -8.648275251635881844e-01 -8.733260110892462347e-01 -8.694647458875238710e-01
-8.702385817590402306e-01 -8.673384403913542151e-01 -8.734538880934542560e-01 -8.699424534457607106e-01
-9.145426858127706504e-01 -9.153057913488505948e-01 -9.180173931371643503e-01 -9.221094958819645582e-01
-9.638792280714599814e-01 -9.661358329215788965e-01 -9.620701317669611008e-01 -9.668769337131576380e-01
-9.778608899341177940e-01 -9.770416132571985157e-01 -9.830000854801749233e-01 -9.847519769027760494e-01
-9.879899751110985395e-01 -9.882159634012706029e-01 -9.919573277713585879e-01 -9.898639776767181875e-01
-9.895840199685601579e-01 -9.882155810341417546e-01 -9.931442323144260564e-01 -9.882121049693288750e-01
0.000000000000000000e+00 0.000000000000000000e+00 0.000000000000000000e+00 0.000000000000000000e+00
0.000000000000000000e+00 0.000000000000000000e+00 0.000000000000000000e+00 0.000000000000000000e+00
0.000000000000000000e+00 0.000000000000000000e+00 0.000000000000000000e+00 0.000000000000000000e+00
-1.037447565722351195e+00 -9.561792499119522448e-01 -9.607340937548527471e-01 -9.842661681406099650e-01
0.000000000000000000e+00 0.000000000000000000e+00 0.000000000000000000e+00 0.000000000000000000e+00
0.000000000000000000e+00 0.000000000000000000e+00 0.000000000000000000e+00 0.000000000000000000e+00
-9.947020698788682225e-01 -9.856234566760273541e-01 -9.878563043950022715e-01 -9.889164109825459015e-01
-9.868970593108528089e-01 -9.908867675522408103e-01 -9.900632073173315506e-01 -9.842871592947490811e-01
-9.916279369334330962e-01 -9.920253203540256859e-01 -9.848238386477800033e-01 -9.906646576158286699e-01
-9.882159634012706029e-01 -9.890425727780784992e-01 -9.921259700448803454e-01 -9.881775218531103633e-01
-1.227240283458564729e+00 -1.235405629977436082e+00 -1.228397198228949661e+00 -1.235335445706770674e+00
-1.243594092700095910e+00 -1.250229628865098697e+00 -1.242866028680374102e+00 -1.224789770010314305e+00
-1.170019413915527995e+00 -1.155041508969803621e+00 -1.195163658582444999e+00 -1.136151282838701704e+00
-1.083115991406688794e+00 -1.046617457412831520e+00 -1.146306930957670112e+00 -1.059242512326725727e+00
0.000000000000000000e+00 0.000000000000000000e+00 0.000000000000000000e+00 0.000000000000000000e+00
0.000000000000000000e+00 0.000000000000000000e+00 0.000000000000000000e+00 0.000000000000000000e+00
-1.019705907957386248e+00 -1.011708118315094884e+00 -1.015224289170741256e+00 -1.008640294325990450e+00
-9.972277474378694606e-01 -1.000124613666153461e+00 -9.925114029778983049e-01 -9.991965830679757632e-01
-9.963673960788818063e-01 -9.966526082065759740e-01 -9.958458895096818919e-01 -9.882159634012706029e-01
0.000000000000000000e+00 0.000000000000000000e+00 0.000000000000000000e+00 0.000000000000000000e+00
-1.219616826303678403e+00 -1.218122276301889517e+00 -1.219616815043993663e+00 -1.221871620392560143e+00
-1.210827642686680417e+00 -1.209643164144176941e+00 -1.211914345436212903e+00 -1.207104496039932195e+00
-1.157907542619990071e+00 -1.157730857122691637e+00 -1.170101062704281603e+00 -1.161094043870094961e+00
-1.113373223647279087e+00 -1.110463070574007727e+00 -1.112600449948516035e+00 -1.108875836740199183e+00
-1.096374588373488113e+00 -1.095595597807228483e+00 -1.093179094925680550e+00 -1.089690624334852753e+00
-1.069516726533651818e+00 -1.068998351360850974e+00 -1.077749622681558828e+00 -1.071617914728844045e+00
-1.053410192843875270e+00 -1.046616293060475877e+00 -1.049914423760589521e+00 -1.051109519289911365e+00
0.000000000000000000e+00 0.000000000000000000e+00 0.000000000000000000e+00 0.000000000000000000e+00
-9.963346877585668171e-01 -9.973153197808810599e-01 -9.972277474378694606e-01 -9.970864259413594333e-01
-9.972277474378694606e-01 -9.972277474378694606e-01 -9.976449835821599166e-01 -9.972277474378694606e-01
-1.219616815043993663e+00 -1.222295775377494786e+00 -1.219616815043993663e+00 -1.219616815043993663e+00
0.000000000000000000e+00 0.000000000000000000e+00 0.000000000000000000e+00 0.000000000000000000e+00
0.000000000000000000e+00 0.000000000000000000e+00 0.000000000000000000e+00 0.000000000000000000e+00
-1.104668807660591501e+00 -1.108636260830050846e+00 -1.102943378906858563e+00 -1.105928010444650056e+00
-1.095044581756374313e+00 -1.091108501362145988e+00 -1.099659009900608053e+00 -1.091769177659864587e+00
-1.077264524098966225e+00 -1.078745483030203900e+00 -1.079338999248455000e+00 -1.072321636150999069e+00
-1.060058409770621601e+00 -1.059515945066871634e+00 -1.067510971193241343e+00 -1.060058400601848305e+00
-1.060058409770621601e+00 -1.060058409770621601e+00 -1.060058411415599533e+00 -1.060058409770621601e+00
0.000000000000000000e+00 0.000000000000000000e+00 0.000000000000000000e+00 0.000000000000000000e+00
0.000000000000000000e+00 0.000000000000000000e+00 0.000000000000000000e+00 0.000000000000000000e+00
