-6.645209224870307629e-01 -6.619208428617228135e-01 -6.619538696770718156e-01 -6.642365054109785616e-01
-6.472408745965076982e-01 -6.479658378288527532e-01 -6.475518322293749574e-01 -6.465769903426299425e-01
-6.058023071903937407e-01 -6.060162029549206464e-01 -6.037899076299957368e-01 -6.054973607674598579e-01
-5.564756818392025961e-01 -5.587683215782413004e-01 -5.572463127326374721e-01 -5.589168579375496382e-01
0.000000000000000000e+00 0.000000000000000000e+00 0.000000000000000000e+00 0.000000000000000000e+00
-2.731808119270983659e-01 -2.761844216323871559e-01 -2.761844216323871559e-01 -2.761660859173559190e-01
-2.455212987850438899e-01 -2.469618567221371908e-01 -2.428206509585898454e-01 -2.469618567221371908e-01
0.000000000000000000e+00 0.000000000000000000e+00 0.000000000000000000e+00 0.000000000000000000e+00
0.000000000000000000e+00 0.000000000000000000e+00 0.000000000000000000e+00 0.000000000000000000e+00
0.000000000000000000e+00 0.000000000000000000e+00 0.000000000000000000e+00 0.000000000000000000e+00
-6.806944509748665828e-01 -6.792193563461972339e-01 -6.762250228403706709e-01 -6.791069491821902782e-01
-6.748530301814246180e-01 -6.724407060629273847e-01 -6.697683773514429006e-01 -6.712760289048441686e-01
0.000000000000000000e+00 0.000000000000000000e+00 0.000000000000000000e+00 0.000000000000000000e+00
-5.191736133698378053e-01 -4.995636545828560093e-01 -5.016055783330668483e-01 -4.900995009999977170e-01
-4.060582661552455952e-01 -4.060822714953754575e-01 -4.134522415578215648e-01 -3.940398999999985552e-01
-3.049394850829835191e-01 -3.031039393468534793e-01 -3.358557537950829786e-01 -2.970099999999989970e-01
-2.121317481995960708e-01 -2.087916792736125016e-01 -2.633304661308050743e-01 -1.989999999999992886e-01
-1.044458655257310825e-01 -1.091965354908242813e-01 -1.295594157601783480e-01 -9.999999999999986677e-02
0.000000000000000000e+00 0.000000000000000000e+00 0.000000000000000000e+00 0.000000000000000000e+00
0.000000000000000000e+00 0.000000000000000000e+00 0.000000000000000000e+00 0.000000000000000000e+00
-7.052669854041853092e-01 -7.018474142664128390e-01 -7.041614069163830703e-01 -7.046774020050037279e-01
-6.922190850200752310e-01 -6.896336845345035771e-01 -6.934234032308415063e-01 -6.906703084961173245e-01
-6.433095951582831207e-01 -6.433302626801783441e-01 -6.468789662959787412e-01 -6.445913155648915760e-01
-6.102843181146182516e-01 -5.851985059899951214e-01 -5.874306590592717203e-01 -6.000465686445484170e-01
0.000000000000000000e+00 0.000000000000000000e+00 0.000000000000000000e+00 0.000000000000000000e+00
0.000000000000000000e+00 0.000000000000000000e+00 0.000000000000000000e+00 0.000000000000000000e+00
0.000000000000000000e+00 0.000000000000000000e+00 0.000000000000000000e+00 0.000000000000000000e+00
0.000000000000000000e+00 0.000000000000000000e+00 0.000000000000000000e+00 0.000000000000000000e+00
0.000000000000000000e+00 0.000000000000000000e+00 0.000000000000000000e+00 0.000000000000000000e+00
0.000000000000000000e+00 0.000000000000000000e+00 0.000000000000000000e+00 0.000000000000000000e+00
-7.325328905000756397e-01 -7.327864219502358001e-01 -7.318496308265548533e-01 -7.302722774102731185e-01
-7.343034592058133025e-01 -7.311729265860971161e-01 -7.290882732344384776e-01 -7.315424901153803061e-01
0.000000000000000000e+00 0.000000000000000000e+00 0.000000000000000000e+00 0.000000000000000000e+00
-7.061666636625918425e-01 -6.793465209300936225e-01 -6.852889322898287894e-01 -6.920239250883523097e-01
-7.526955346269043057e-01 -7.505361610132729178e-01 -7.514369393573611111e-01 -7.548282276934467072e-01
-7.549997736985222252e-01 -7.547146814265582870e-01 -7.557213025449954769e-01 -7.551608929327662256e-01
0.000000000000000000e+00 0.000000000000000000e+00 0.000000000000000000e+00 0.000000000000000000e+00
0.000000000000000000e+00 0.000000000000000000e+00 0.000000000000000000e+00 0.000000000000000000e+00
0.000000000000000000e+00 0.000000000000000000e+00 0.000000000000000000e+00 0.000000000000000000e+00
0.000000000000000000e+00 0.000000000000000000e+00 0.000000000000000000e+00 0.000000000000000000e+00
-7.572641681038444483e-01 -7.590779102181310911e-01 -7.594428928583960570e-01 -7.602818916737947852e-01
-7.669548182348243648e-01 -7.673398755887644862e-01 -7.686186663691441101e-01 -7.690412815882211595e-01
-7.880003918196442081e-01 -7.874693348281435190e-01 -7.895629833420417798e-01 -7.910272970614364851e-01
-7.774735823217781006e-01 -7.725530557207909155e-01 -7.731532827474729697e-01 -7.887610434679266369e-01
-8.108341925195295952e-01 -8.070533517590061656e-01 -8.096979006947880864e-01 -8.104776416771948266e-01
0.000000000000000000e+00 0.000000000000000000e+00 0.000000000000000000e+00 0.000000000000000000e+00
-9.634587102434988282e-01 -9.608763554053971756e-01 -9.602587447423475142e-01 -9.597038032835341070e-01
-9.657724508630386451e-01 -9.654175384645348190e-01 -9.656615095806284632e-01 -9.649936869151077845e-01
0.000000000000000000e+00 0.000000000000000000e+00 0.000000000000000000e+00 0.000000000000000000e+00
0.000000000000000000e+00 0.000000000000000000e+00 0.000000000000000000e+00 0.000000000000000000e+00
-7.734667416817290198e-01 -7.748671952024375198e-01 -7.735368115664810196e-01 -7.717175501473241273e-01
-7.870441011713589230e-01 -7.893718507777635063e-01 -7.882831973761419420e-01 -7.870007810104948653e-01
-8.196648666549279927e-01 -8.214127413952381218e-01 -8.211842053323020751e-01 -8.263016461040855187e-01
-8.892306680994797041e-01 -8.648275251635760830e-01 -8.722376644063845053e-01 -8.732241130764820669e-01
-8.653214903136757785e-01 -8.648613231532279455e-01 -8.679336431536923691e-01 -8.694286013979325434e-01
-9.154885964822639943e-01 -9.153960567108336832e-01 -9.146121755088530980e-01 -9.151133056964160239e-01
-9.578284938015888539e-01 -9.559889996953085944e-01 -9.562381362347880387e-01 -9.566252032673785433e-01
-9.679847749012546743e-01 -9.703936938685134850e-01 -9.681420738690125205e-01 -9.726269078298022119e-01
-9.769538004013949006e-01 -9.787779917879775304e-01 -9.787306432886222485e-01 -9.802181876901602253e-01
-9.818250794048991592e-01 -9.787504556044849258e-01 -9.799731135490006295e-01 -9.787391843747115239e-01
0.000000000000000000e+00 0.000000000000000000e+00 0.000000000000000000e+00 0.000000000000000000e+00
0.000000000000000000e+00 0.000000000000000000e+00 0.000000000000000000e+00 0.000000000000000000e+00
0.000000000000000000e+00 0.000000000000000000e+00 0.000000000000000000e+00 0.000000000000000000e+00
-9.846853862813107483e-01 -9.561792499118956234e-01 -9.608176779641457443e-01 -9.562823086455665145e-01
0.000000000000000000e+00 0.000000000000000000e+00 0.000000000000000000e+00 0.000000000000000000e+00
0.000000000000000000e+00 0.000000000000000000e+00 0.000000000000000000e+00 0.000000000000000000e+00
-9.838789461280329496e-01 -9.827129194069867957e-01 -9.832613133690901730e-01 -9.822590027204031182e-01
-9.797259363250601094e-01 -9.791404088876947132e-01 -9.819703770259302633e-01 -9.812577722936278724e-01
-9.839721453467674683e-01 -9.827477324852222917e-01 -9.819887550071968452e-01 -9.808741096047928210e-01
-9.787391432363488075e-01 -9.804731254980904032e-01 -9.832708371831820893e-01 -9.789457671619279377e-01
-1.221285817180209454e+00 -1.218945257664909132e+00 -1.219312050494715249e+00 -1.219114947711692709e+00
-1.228401553502196597e+00 -1.235974081461891805e+00 -1.233523267367002685e+00 -1.224789770002821188e+00
-1.141393785578495468e+00 -1.151893591495564362e+00 -1.149958243777781330e+00 -1.136151282837114973e+00
-1.063953580353888206e+00 -1.046617457412529983e+00 -1.070409403591148223e+00 -1.055125452766367600e+00
0.000000000000000000e+00 0.000000000000000000e+00 0.000000000000000000e+00 0.000000000000000000e+00
0.000000000000000000e+00 0.000000000000000000e+00 0.000000000000000000e+00 0.000000000000000000e+00
-1.007777150100942709e+00 -1.006640197420223481e+00 -1.005991943091294250e+00 -1.006789087563120244e+00
-9.922217264391987035e-01 -9.900101625108178593e-01 -9.941681462744140774e-01 -9.924183076533925618e-01
-9.879248390404291591e-01 -9.892746312103686268e-01 -9.885097385713882412e-01 -9.879124582198079985e-01
0.000000000000000000e+00 0.000000000000000000e+00 0.000000000000000000e+00 0.000000000000000000e+00
-1.206645252225811094e+00 -1.206247570381801637e+00 -1.209972096327651681e+00 -1.209232657125155930e+00
-1.192710112630282593e+00 -1.194136323120194021e+00 -1.192512707438156738e+00 -1.193460444891157657e+00
-1.144113002445523941e+00 -1.144750608680396242e+00 -1.147863272310455596e+00 -1.145058777315883569e+00
-1.096586621195056344e+00 -1.094419988937885835e+00 -1.098689108037562701e+00 -1.096622693344370791e+00
-1.078040460246308507e+00 -1.077376608434850391e+00 -1.077023854942638970e+00 -1.078433137788616047e+00
-1.061751325777831489e+00 -1.059766429805286903e+00 -1.061027310409043078e+00 -1.058756011454109469e+00
-1.036873531528336390e+00 -1.039049077220476125e+00 -1.040551830004635470e+00 -1.037248301273430817e+00
0.000000000000000000e+00 0.000000000000000000e+00 0.000000000000000000e+00 0.000000000000000000e+00
-9.878226934637533985e-01 -9.903008569100111291e-01 -9.879735585857416513e-01 -9.875392626607490953e-01
-9.871523613825483601e-01 -9.879752154643235418e-01 -9.890353085852271464e-01 -9.879814194526245208e-01
-1.206146977087804162e+00 -1.209170407865936658e+00 -1.205511259701828930e+00 -1.206095083653604627e+00
0.000000000000000000e+00 0.000000000000000000e+00 0.000000000000000000e+00 0.000000000000000000e+00
0.000000000000000000e+00 0.000000000000000000e+00 0.000000000000000000e+00 0.000000000000000000e+00
-1.086374566124883589e+00 -1.085548634184064554e+00 -1.085806435220677768e+00 -1.087609264163237777e+00
-1.077674815863577829e+00 -1.075178263658878475e+00 -1.075614679982119348e+00 -1.078978458271587559e+00
-1.063755592881300949e+00 -1.062361111396675550e+00 -1.064983120458732557e+00 -1.065972831893211126e+00
-1.050835618179080333e+00 -1.052456071022953799e+00 -1.052464385363721222e+00 -1.050589928443083743e+00
-1.050813795052657929e+00 -1.050640242613666508e+00 -1.051088306676831285e+00 -1.050816908723367860e+00
0.000000000000000000e+00 0.000000000000000000e+00 0.000000000000000000e+00 0.000000000000000000e+00
0.000000000000000000e+00 0.000000000000000000e+00 0.000000000000000000e+00 0.000000000000000000e+00
