
Starting position: Point(x=4, y=2)
Exit: Point(x=16, y=15)
Maze:
[[0 0 0 0 1 0 0 1 1 1 0 1 0 1 1 1 1 0 0 1]
 [0 0 1 0 0 1 0 0 1 0 0 0 0 1 0 1 1 0 1 1]
 [1 0 0 0 0 1 1 0 1 1 1 0 0 0 0 0 0 0 0 0]
 [0 1 0 0 0 0 1 0 0 0 1 0 0 1 1 0 0 0 1 1]
 [1 1 0 1 1 0 0 0 1 0 1 0 0 1 0 1 0 1 0 1]
 [0 0 0 0 1 0 1 0 0 0 0 0 0 1 0 1 0 0 0 0]
 [0 1 1 0 1 1 1 0 1 1 0 0 0 1 0 0 0 1 1 0]
 [0 1 1 0 1 0 1 0 1 1 0 0 0 0 0 1 1 1 0 0]
 [1 0 0 0 0 0 0 0 0 0 1 1 0 0 0 0 0 0 0 1]
 [0 0 0 1 0 1 1 0 0 0 1 1 1 0 1 0 0 0 1 0]
 [1 0 0 0 0 0 0 0 0 0 1 0 1 0 1 0 1 0 0 1]
 [1 1 1 1 1 1 1 1 0 0 0 0 0 0 0 1 0 0 1 0]
 [0 0 1 0 1 1 0 1 0 0 0 1 0 1 0 0 0 0 0 0]
 [0 0 0 0 0 0 0 0 1 1 1 1 0 0 0 0 0 0 1 1]
 [1 1 1 1 1 1 0 1 1 0 0 0 0 1 1 1 1 0 1 1]
 [1 0 1 0 0 1 0 0 0 0 0 0 1 1 0 1 2 0 0 1]
 [1 0 0 0 0 1 1 0 0 1 0 0 1 0 0 1 0 1 1 0]
 [1 1 1 0 0 0 0 0 0 1 1 0 1 1 0 1 0 0 0 0]
 [0 0 0 0 0 1 0 1 0 0 0 0 0 0 0 0 0 1 0 1]
 [1 0 1 1 1 0 0 0 0 0 1 0 1 0 0 1 0 0 0 0]]
Policy 0:
α=0.1, γ=0.99, ϵ=0.01
63493688362860e+02 -5.989081890301820295e+02
0.000000000000000000e+00 0.000000000000000000e+00 0.000000000000000000e+00 0.000000000000000000e+00
0.000000000000000000e+00 0.000000000000000000e+00 0.000000000000000000e+00 0.000000000000000000e+00
-4.797058132090087952e+02 -4.788391417912312136e+02 -4.766498984086260293e+02 -4.771700682769840114e+02
-4.746565945853479889e+02 -4.731786417086731831e+02 -4.774675911724682464e+02 -4.724406449804126851e+02
0.000000000000000000e+00 0.000000000000000000e+00 0.000000000000000000e+00 0.000000000000000000e+00
0.000000000000000000e+00 0.000000000000000000e+00 0.000000000000000000e+00 0.000000000000000000e+00
0.000000000000000000e+00 0.000000000000000000e+00 0.000000000000000000e+00 0.000000000000000000e+00
0.000000000000000000e+00 0.000000000000000000e+00 0.000000000000000000e+00 0.000000000000000000e+00
-4.679062030778644612e+02 -4.672388416933566759e+02 -4.675636158465189283e+02 -4.678883899996815217e+02
0.000000000000000000e+00 0.000000000000000000e+00 0.000000000000000000e+00 0.000000000000000000e+00
-6.120031105797091868e+02 -6.119894688250882382e+02 -6.114702228200371792e+02 -6.111598541412953409e+02
-6.110633029222919959e+02 -6.117392241005632059e+02 -6.118695690543689807e+02 -6.115116617466857178e+02
-6.106443323509356560e+02 -6.102911800056281209e+02 -6.111663397762764589e+02 -6.105697067971897241e+02
0.000000000000000000e+00 0.000000000000000000e+00 0.000000000000000000e+00 0.000000000000000000e+00
0.000000000000000000e+00 0.000000000000000000e+00 0.000000000000000000e+00 0.000000000000000000e+00
-6.102003774108836751e+02 -6.085110589011094362e+02 -6.100114846345492197e+02 -6.102225288365979168e+02
0.000000000000000000e+00 0.000000000000000000e+00 0.000000000000000000e+00 0.000000000000000000e+00
0.000000000000000000e+00 0.000000000000000000e+00 0.000000000000000000e+00 0.000000000000000000e+00
-5.964615703793377861e+02 -5.957082890247162368e+02 -5.961176247372508215e+02 -5.927701116322384678e+02
-5.981777061584945159e+02 -5.967319758838359576e+02 -5.919002815926181711e+02 -5.975210582501127874e+02
-5.950946254059805369e+02 -5.977249855288210938e+02 -5.997670640349023188e+02 -5.975144375598515580e+02
0.000000000000000000e+00 0.000000000000000000e+00 0.000000000000000000e+00 0.000000000000000000e+00
-4.756956364727531650e+02 -4.777844890968810887e+02 -4.769006338535455711e+02 -4.787733303757593717e+02
-4.764863425238926311e+02 -4.726562835206374302e+02 -4.763981840894904849e+02 -4.746719736225260817e+02
0.000000000000000000e+00 0.000000000000000000e+00 0.000000000000000000e+00 0.000000000000000000e+00
-4.587729305195466623e+02 -4.590394495948510212e+02 -4.593059686701553233e+02 -4.597448217944644853e+02
-4.608578554525379332e+02 -4.582398923689380013e+02 -4.586787454932468791e+02 -4.598390068207640979e+02
0.000000000000000000e+00 0.000000000000000000e+00 0.000000000000000000e+00 0.000000000000000000e+00
-4.712772814115552933e+02 -4.670202353063626788e+02 -4.656990226641493109e+02 -4.676472802360011656e+02
-4.678078928097494895e+02 -4.681229820521540432e+02 -4.716306834264522649e+02 -4.685544065589144225e+02
-6.116459005586129933e+02 -6.112276371915043001e+02 -6.114614367242926392e+02 -6.107418680641425226e+02
0.000000000000000000e+00 0.000000000000000000e+00 0.000000000000000000e+00 0.000000000000000000e+00
-6.097293587013065235e+02 -6.097667084807118272e+02 -6.096917440255327847e+02 -6.101703491081667607e+02
-6.099008854492733462e+02 -6.100015277200391210e+02 -6.095822839287465058e+02 -6.092018080285988617e+02
-6.083593983902530908e+02 -6.070230470878766482e+02 -6.075409663453574467e+02 -6.097965811304372892e+02
-6.089345172121271617e+02 -6.081885762986844384e+02 -6.073187667956469795e+02 -6.069784910389652168e+02
0.000000000000000000e+00 0.000000000000000000e+00 0.000000000000000000e+00 0.000000000000000000e+00
0.000000000000000000e+00 0.000000000000000000e+00 0.000000000000000000e+00 0.000000000000000000e+00
-5.956464882796875600e+02 -5.954506692307968478e+02 -5.957334397240784938e+02 -5.950368336783603809e+02
-5.952087071494520387e+02 -5.965730106409203017e+02 -5.952518870683319392e+02 -5.944548353344245015e+02
-5.902461584380777140e+02 -5.965567232218011213e+02 -5.923467878470568166e+02 -5.915402401774842929e+02
0.000000000000000000e+00 0.000000000000000000e+00 0.000000000000000000e+00 0.000000000000000000e+00
0.000000000000000000e+00 0.000000000000000000e+00 0.000000000000000000e+00 0.000000000000000000e+00
-4.737373739331692946e+02 -4.726913529134436658e+02 -4.708386562015829782e+02 -4.713318300516433510e+02
0.000000000000000000e+00 0.000000000000000000e+00 0.000000000000000000e+00 0.000000000000000000e+00
0.000000000000000000e+00 0.000000000000000000e+00 0.000000000000000000e+00 0.000000000000000000e+00
-4.643979163763472684e+02 -4.576809682835678927e+02 -4.612168497631999458e+02 -4.615125400905693596e+02
0.000000000000000000e+00 0.000000000000000000e+00 0.000000000000000000e+00 0.000000000000000000e+00
-4.676324684887468948e+02 -4.613307283061108137e+02 -4.671824836280671320e+02 -4.674684599317398579e+02
0.000000000000000000e+00 0.000000000000000000e+00 0.000000000000000000e+00 0.000000000000000000e+00
-6.101154467248881019e+02 -6.107648105164521439e+02 -6.106242536069200924e+02 -6.110347521130797759e+02
-6.104606326192014194e+02 -6.103888468775868432e+02 -6.099395293393744168e+02 -6.106480322008724215e+02
-6.089071130233647864e+02 -6.098492076894913225e+02 -6.092565819561413036e+02 -5.754429123074390873e+02
-2.948718181770588558e+02 -6.083505442058584549e+02 -6.078193492377042730e+02 -6.079692137263809855e+02
0.000000000000000000e+00 0.000000000000000000e+00 0.000000000000000000e+00 0.000000000000000000e+00
-6.030904831506086339e+02 -6.052550897499943403e+02 -6.033985099001625940e+02 -6.063529135426845187e+02
-6.010132622009462011e+02 -6.011185354153739127e+02 -6.020269417153242557e+02 -6.025589773162763549e+02
-5.989363592660068889e+02 -5.988449736521781688e+02 -5.971484419430230446e+02 -5.986321573177566506e+02
-5.956914292173744343e+02 -5.943612480248399379e+02 -5.935496375409832126e+02 -5.946548476325713182e+02
0.000000000000000000e+00 0.000000000000000000e+00 0.000000000000000000e+00 0.000000000000000000e+00
-5.892530829166092872e+02 -5.902126546664351281e+02 -5.871687115289551002e+02 -5.891600303140062351e+02
0.000000000000000000e+00 0.000000000000000000e+00 0.000000000000000000e+00 0.000000000000000000e+00
-4.666871993987353449e+02 -4.669828897261043039e+02 -4.672785800534733767e+02 -4.679023899864781697e+02
-4.712842814268695975e+02 -4.701348967013536821e+02 -4.665914385145627534e+02 -4.685457331848821241e+02
0.000000000000000000e+00 0.000000000000000000e+00 0.000000000000000000e+00 0.000000000000000000e+00
-4.619037214934206759e+02 -4.562725266295726669e+02 -4.604863983250260162e+02 -4.637469009216047766e+02
-4.609272958445666859e+02 -4.589199388966806623e+02 -4.590957928149755958e+02 -4.574190864696029166e+02
-4.582173068012638169e+02 -4.563733534941035259e+02 -4.576666075003383298e+02 -4.539506505439985631e+02
-4.652114463263845892e+02 -4.611439214348593509e+02 -4.571849913055019670e+02 -4.595567126200308508e+02
0.000000000000000000e+00 0.000000000000000000e+00 0.000000000000000000e+00 0.000000000000000000e+00
0.000000000000000000e+00 0.000000000000000000e+00 0.000000000000000000e+00 0.000000000000000000e+00
-6.099052277324349234e+02 -6.108808834417857270e+02 -6.108377871634705798e+02 -5.522177714943317142e+02
-5.120318202781184027e+02 -6.050617216178911804e+02 -6.083705638891648277e+02 -3.242630479249478981e+01
-3.264764034246281454e+01 -5.302101518719285878e+02 -4.767408390551434536e+02 -4.966278682596006888e+02
0.000000000000000000e+00 0.000000000000000000e+00 0.000000000000000000e+00 0.000000000000000000e+00
0.000000000000000000e+00 0.000000000000000000e+00 0.000000000000000000e+00 0.000000000000000000e+00
0.000000000000000000e+00 0.000000000000000000e+00 0.000000000000000000e+00 0.000000000000000000e+00
0.000000000000000000e+00 0.000000000000000000e+00 0.000000000000000000e+00 0.000000000000000000e+00
-5.898627610521750739e+02 -5.917227492653123591e+02 -5.886550452723499802e+02 -5.870630727256829005e+02
-5.872647328303411314e+02 -5.886558198990566098e+02 -5.889070299260437196e+02 -5.892339016968295482e+02
-5.874074273789856306e+02 -5.884784175236450210e+02 -5.864579785947044002e+02 -5.881367009720769374e+02
0.000000000000000000e+00 0.000000000000000000e+00 0.000000000000000000e+00 0.000000000000000000e+00
0.000000000000000000e+00 0.000000000000000000e+00 0.000000000000000000e+00 0.000000000000000000e+00
-4.691985069652911307e+02 -4.667097844016922750e+02 -4.640807767967710902e+02 -4.694848804203651298e+02
0.000000000000000000e+00 0.000000000000000000e+00 0.000000000000000000e+00 0.000000000000000000e+00
-4.569468409569849996e+02 -4.641144819911475565e+02 -4.580699571811254032e+02 -4.599117330805043480e+02
-4.580039248655581900e+02 -4.588914971580132942e+02 -4.584040009046914292e+02 -4.601541590348278987e+02
-4.640160525386990571e+02 -4.552666879949350687e+02 -4.564159588987893699e+02 -4.586207716087298536e+02
-4.571918048683887150e+02 -4.590718948287309331e+02 -4.662952368976494881e+02 -4.573550196938199974e+02
0.000000000000000000e+00 0.000000000000000000e+00 0.000000000000000000e+00 0.000000000000000000e+00
-5.929836532843607984e+02 -5.921432608959447634e+02 -5.925478599341445261e+02 -5.926779399139310271e+02
0.000000000000000000e+00 0.000000000000000000e+00 0.000000000000000000e+00 0.000000000000000000e+00
0.000000000000000000e+00 0.000000000000000000e+00 0.000000000000000000e+00 0.000000000000000000e+00
-5.435500122826456391e+02 -4.074899346065062105e+02 -5.437982962359899375e+02 -3.275515986537219959e+01
-3.276345074274162528e+01 -5.430407345089284945e+02 -5.335295939102768443e+02 -5.360878587193720932e+02
-5.967062970241984203e+02 -5.818406235542494187e+02 -3.446066510288841869e+02 -5.965734491868913665e+02
0.000000000000000000e+00 0.000000000000000000e+00 0.000000000000000000e+00 0.000000000000000000e+00
-5.838372315854936687e+02 -5.871474021404027326e+02 -5.864965009755328538e+02 -5.873682323259884015e+02
-5.833163433254997017e+02 -5.879770789527663055e+02 -5.846094328326847744e+02 -5.832477823577739855e+02
0.000000000000000000e+00 0.000000000000000000e+00 0.000000000000000000e+00 0.000000000000000000e+00
-5.799852738140057227e+02 -5.838887539885164415e+02 -5.830083625524647459e+02 -5.828325944329163804e+02
0.000000000000000000e+00 0.000000000000000000e+00 0.000000000000000000e+00 0.000000000000000000e+00
0.000000000000000000e+00 0.000000000000000000e+00 0.000000000000000000e+00 0.000000000000000000e+00
-4.689581270658811150e+02 -4.643491613776957365e+02 -4.684962378029467231e+02 -4.662615277992513256e+02
0.000000000000000000e+00 0.000000000000000000e+00 0.000000000000000000e+00 0.000000000000000000e+00
0.000000000000000000e+00 0.000000000000000000e+00 0.000000000000000000e+00 0.000000000000000000e+00
0.000000000000000000e+00 0.000000000000000000e+00 0.000000000000000000e+00 0.000000000000000000e+00
-4.587382143923001649e+02 -4.545812874631508294e+02 -4.524611569732343241e+02 -4.488169267372052786e+02
0.000000000000000000e+00 0.000000000000000000e+00 0.000000000000000000e+00 0.000000000000000000e+00
-4.413933525483778908e+02 -4.365495411570192914e+02 -4.367770287788048904e+02 -4.370045164005900915e+02
-5.917045322307053539e+02 -5.919490105457321079e+02 -5.913750276980648550e+02 -5.919825125859289301e+02
-5.908368770324200341e+02 -5.905986030452617115e+02 -5.908596720116771621e+02 -5.903519160582163749e+02
0.000000000000000000e+00 0.000000000000000000e+00 0.000000000000000000e+00 0.000000000000000000e+00
0.000000000000000000e+00 0.000000000000000000e+00 0.000000000000000000e+00 0.000000000000000000e+00
-3.267074090184679847e+01 -5.130669014660119274e+02 -5.867881333883669868e+02 -3.823507998435505328e+02
0.000000000000000000e+00 0.000000000000000000e+00 0.000000000000000000e+00 0.000000000000000000e+00
0.000000000000000000e+00 0.000000000000000000e+00 0.000000000000000000e+00 0.000000000000000000e+00
0.000000000000000000e+00 0.000000000000000000e+00 0.000000000000000000e+00 0.000000000000000000e+00
-5.756217196035944426e+02 -5.805993823893953731e+02 -5.756176166420781328e+02 -5.761773239309183055e+02
0.000000000000000000e+00 0.000000000000000000e+00 0.000000000000000000e+00 0.000000000000000000e+00
-5.731463807882826131e+02 -5.758047519732925821e+02 -5.738240872857423938e+02 -5.733861442120032734e+02
0.000000000000000000e+00 0.000000000000000000e+00 0.000000000000000000e+00 0.000000000000000000e+00
-4.775997080558970538e+02 -4.704052199159472138e+02 -4.677180317980732411e+02 -4.712433821285699196e+02
-4.694569352084017737e+02 -4.635936442656995382e+02 -4.670810822401990094e+02 -4.696915435225823785e+02
-4.627416662585235940e+02 -4.634857850739353466e+02 -4.625199504372324100e+02 -4.646410842009514113e+02
-4.672987980282547369e+02 -4.649522615920867565e+02 -4.566335189300940556e+02 -4.574226879265120829e+02
0.000000000000000000e+00 0.000000000000000000e+00 0.000000000000000000e+00 0.000000000000000000e+00
-4.543069340395616678e+02 -4.486226881534959148e+02 -4.458057396020957981e+02 -4.526038199492627427e+02
-4.472549126491296647e+02 -4.474628258894825308e+02 -4.541184343776472474e+02 -4.445416346462031925e+02
-4.366176505247685213e+02 -4.346808114347028322e+02 -4.443802113615153075e+02 -4.361549871771541689e+02
0.000000000000000000e+00 0.000000000000000000e+00 0.000000000000000000e+00 0.000000000000000000e+00
-5.888617836874909699e+02 -5.893688416703316761e+02 -5.896847064008697998e+02 -5.895558433910886151e+02
-5.870525088802332903e+02 -5.868130153324419780e+02 -5.874583066981313095e+02 -5.874493097796419079e+02
-5.853080220328314454e+02 -5.847256675627645564e+02 -5.851677641029343704e+02 -4.354176372022610622e+02
-5.257143696831855095e+02 -4.214292285401946856e+02 -5.679072261502583387e+02 -3.247514217442030571e+01
-3.217470853647024853e+01 -4.061530103260355418e+02 -4.278399585603337982e+02 -5.789010350006161616e+02
-5.710506558318290899e+02 -5.772951262235595777e+02 -5.236598440391950362e+02 -5.771220284344772153e+02
-5.754177126241378346e+02 -5.745501334970391554e+02 -5.752486664595129469e+02 -5.743492805702139776e+02
-5.706373252169649959e+02 -5.713373611292697660e+02 -5.719636011668811761e+02 -5.709204220823563674e+02
-5.678198648373393098e+02 -5.676415792874580575e+02 -5.690060422162861187e+02 -5.679537525523692238e+02
-5.668291808129298488e+02 -5.684694972129560711e+02 -5.675682578917774208e+02 -5.669448166335708947e+02
0.000000000000000000e+00 0.000000000000000000e+00 0.000000000000000000e+00 0.000000000000000000e+00
0.000000000000000000e+00 0.000000000000000000e+00 0.000000000000000000e+00 0.000000000000000000e+00
-4.679542526915772100e+02 -4.742347645473819284e+02 -4.700468639104893782e+02 -4.702841240446530833e+02
0.000000000000000000e+00 0.000000000000000000e+00 0.000000000000000000e+00 0.000000000000000000e+00
-4.645509551369401038e+02 -4.574806068056826689e+02 -4.646993836284704003e+02 -4.576077245243177458e+02
-4.512163985906117887e+02 -4.528569597214896589e+02 -4.579070748595476061e+02 -4.465245363114984798e+02
-4.532439145148794637e+02 -4.466779817124772762e+02 -4.443998003052993226e+02 -4.502154115159261778e+02
0.000000000000000000e+00 0.000000000000000000e+00 0.000000000000000000e+00 0.000000000000000000e+00
-4.327757469923088820e+02 -4.312783029834557738e+02 -4.331092358148265475e+02 -4.245216172922227997e+02
0.000000000000000000e+00 0.000000000000000000e+00 0.000000000000000000e+00 0.000000000000000000e+00
0.000000000000000000e+00 0.000000000000000000e+00 0.000000000000000000e+00 0.000000000000000000e+00
0.000000000000000000e+00 0.000000000000000000e+00 0.000000000000000000e+00 0.000000000000000000e+00
-5.845364948918669370e+02 -5.832917977706246120e+02 -5.842439629817594096e+02 -5.837074804326040294e+02
0.000000000000000000e+00 0.000000000000000000e+00 0.000000000000000000e+00 0.000000000000000000e+00
-3.176753374006015562e+01 -4.886354863383152178e+02 -4.730540732298734383e+02 -5.222364280756169137e+02
0.000000000000000000e+00 0.000000000000000000e+00 0.000000000000000000e+00 0.000000000000000000e+00
0.000000000000000000e+00 0.000000000000000000e+00 0.000000000000000000e+00 0.000000000000000000e+00
-5.672729145256054153e+02 -5.676265568251279774e+02 -5.673213498010919693e+02 -5.671886842202443404e+02
-5.653103374709397713e+02 -5.653723326735004093e+02 -5.656415940514955309e+02 -5.649164614221554075e+02
-5.607053928903804945e+02 -5.641479921084463740e+02 -5.621310643171633501e+02 -5.619380758883239650e+02
-5.553660888970587166e+02 -5.554675739611755034e+02 -5.590033087185927343e+02 -5.547955313800775912e+02
-5.629409545802453749e+02 -5.514462160120094723e+02 -5.537315362972093453e+02 -5.509421522944769549e+02
0.000000000000000000e+00 0.000000000000000000e+00 0.000000000000000000e+00 0.000000000000000000e+00
0.000000000000000000e+00 0.000000000000000000e+00 0.000000000000000000e+00 0.000000000000000000e+00
-4.575537475700863297e+02 -4.558476728296773217e+02 -4.528562518533236130e+02 -4.472568608125243941e+02
-4.431430174771446673e+02 -4.504118358861134084e+02 -4.459199585719334209e+02 -4.402870608208119734e+02
-4.459496003847749535e+02 -4.427425962521032261e+02 -4.395518567590907537e+02 -4.452896935701532470e+02
-4.368033342630729408e+02 -4.288640180933879265e+02 -4.368638115083197135e+02 -4.246608560766588880e+02
-4.364767390563779372e+02 -4.273138354088794131e+02 -4.297551660200214201e+02 -4.286993477217802138e+02
0.000000000000000000e+00 0.000000000000000000e+00 0.000000000000000000e+00 0.000000000000000000e+00
-5.551546249589827084e+02 -5.551911389712263372e+02 -5.412571702946838741e+02 -5.464899495370881368e+02
0.000000000000000000e+00 0.000000000000000000e+00 0.000000000000000000e+00 0.000000000000000000e+00
-5.823948568993363324e+02 -5.819758659717798537e+02 -5.821397067720437235e+02 -5.822436611471705419e+02
-5.775422166849944006e+02 -5.776222090981378869e+02 -5.779608810115839788e+02 -5.028216497644087895e+02
-3.125203890862546530e+01 -5.538418894039124325e+02 -5.700761124641430797e+02 -5.186370059337548355e+02
0.000000000000000000e+00 0.000000000000000000e+00 0.000000000000000000e+00 0.000000000000000000e+00
0.000000000000000000e+00 0.000000000000000000e+00 0.000000000000000000e+00 0.000000000000000000e+00
-5.651747150020158870e+02 -5.656886502194967079e+02 -5.650063096286068003e+02 -5.655279962557663112e+02
-5.629318330810491489e+02 -5.627446640790622041e+02 -5.628805549542182689e+02 -5.627419466528702969e+02
-5.570110485984299658e+02 -5.572499111745925120e+02 -5.565157820172638594e+02 -5.550538833720210050e+02
-5.404881258014188461e+02 -5.521318673263150458e+02 -5.465607655809765220e+02 -5.473667313964041341e+02
-5.458706240039948625e+02 -5.620814888857806864e+02 -5.494352316121487547e+02 -5.476713664519170379e+02
0.000000000000000000e+00 0.000000000000000000e+00 0.000000000000000000e+00 0.000000000000000000e+00
-4.465125027961487376e+02 -4.478608261610720547e+02 -4.481176020122275645e+02 -4.500836146321142337e+02
-4.536107952172365572e+02 -4.504896612156553601e+02 -4.469023677029590544e+02 -4.490430883424878630e+02
0.000000000000000000e+00 0.000000000000000000e+00 0.000000000000000000e+00 0.000000000000000000e+00
0.000000000000000000e+00 0.000000000000000000e+00 0.000000000000000000e+00 0.000000000000000000e+00
-4.391480024617355298e+02 -4.265247850822895543e+02 -4.364113985949747416e+02 -4.346096405805360519e+02
-4.331877392688442114e+02 -4.364841252779629599e+02 -4.396047299957489258e+02 -4.314464585975201771e+02
-5.520692865487183099e+02 -5.523843757911229204e+02 -5.526994650335274173e+02 -5.536069642120224898e+02
-5.532528358902752643e+02 -5.523464555868836214e+02 -5.519727202325385633e+02 -5.530582333668497768e+02
0.000000000000000000e+00 0.000000000000000000e+00 0.000000000000000000e+00 0.000000000000000000e+00
0.000000000000000000e+00 0.000000000000000000e+00 0.000000000000000000e+00 0.000000000000000000e+00
0.000000000000000000e+00 0.000000000000000000e+00 0.000000000000000000e+00 0.000000000000000000e+00
-3.062744592333865157e+01 -4.193823609566462665e+02 -5.616172099562212452e+02 -5.500945246605175498e+02
-4.717109524779348249e+02 -5.498000109300725171e+02 -5.556228227560650339e+02 -5.560499271570669180e+02
-5.529037692582654699e+02 -5.520005323536923925e+02 -5.448604811160938652e+02 -5.476011643775016182e+02
0.000000000000000000e+00 0.000000000000000000e+00 0.000000000000000000e+00 0.000000000000000000e+00
0.000000000000000000e+00 0.000000000000000000e+00 0.000000000000000000e+00 0.000000000000000000e+00
0.000000000000000000e+00 0.000000000000000000e+00 0.000000000000000000e+00 0.000000000000000000e+00
-5.204665693329095575e+02 -5.384896706601216465e+02 -5.329895650354310419e+02 -5.349817999842433665e+02
-5.406964937762768386e+02 -5.461829342348904675e+02 -5.377867314672128032e+02 -5.423434807627545524e+02
0.000000000000000000e+00 0.000000000000000000e+00 0.000000000000000000e+00 0.000000000000000000e+00
-4.444082410388280096e+02 -4.471887659344664030e+02 -4.463834625077789724e+02 -4.494455162231321310e+02
-4.487462627732974170e+02 -4.451253338634295460e+02 -4.476695730690560140e+02 -4.576856759075246259e+02
-4.536441922887046303e+02 -4.503766193631616375e+02 -4.471483378711782848e+02 -4.507018321087292634e+02
0.000000000000000000e+00 0.000000000000000000e+00 0.000000000000000000e+00 0.000000000000000000e+00
-4.268932199257142770e+02 -4.272647662750077302e+02 -4.142324786863331951e+02 -4.151307442095799161e+02
0.000000000000000000e+00 0.000000000000000000e+00 0.000000000000000000e+00 0.000000000000000000e+00
0.000000000000000000e+00 0.000000000000000000e+00 0.000000000000000000e+00 0.000000000000000000e+00
-5.527685898599684151e+02 -5.500236856831801333e+02 -5.504441597510883639e+02 -5.559184763215612293e+02
-5.518610197279537033e+02 -5.519713493942516607e+02 -5.510906933415292315e+02 -5.558532884608102904e+02
-5.494707285321580912e+02 -5.499913947901954998e+02 -5.513641373692390744e+02 -5.553277869437831669e+02
-5.511330705694782637e+02 -5.538845896446475763e+02 -5.512014111078217411e+02 -5.530172757161324171e+02
-2.989255434692569935e+01 -5.529470097367203607e+02 -5.523389674711787620e+02 -4.394382427856857589e+02
-1.807993261487235941e+02 -5.500912562612744523e+02 -5.476647784421172673e+02 -5.503414820503728606e+02
-5.446062221054800148e+02 -5.450129860993548618e+02 -5.449869081497714660e+02 -5.443674980180401235e+02
0.000000000000000000e+00 0.000000000000000000e+00 0.000000000000000000e+00 0.000000000000000000e+00
0.000000000000000000e+00 0.000000000000000000e+00 0.000000000000000000e+00 0.000000000000000000e+00
-5.049580104792948418e+02 -5.071419130663990700e+02 -5.064166164261481526e+02 -5.074166003845998603e+02
-5.011438593320427231e+02 -5.154129978102345149e+02 -5.049984150725250629e+02 -5.044803026119810170e+02
0.000000000000000000e+00 0.000000000000000000e+00 0.000000000000000000e+00 0.000000000000000000e+00
0.000000000000000000e+00 0.000000000000000000e+00 0.000000000000000000e+00 0.000000000000000000e+00
-4.434125784934620924e+02 -4.417725174109203294e+02 -4.402323303894195305e+02 -4.516155410349538215e+02
-4.524673357691458477e+02 -4.531824036646499962e+02 -4.406886804761770691e+02 -4.512608755141480401e+02
-4.371674160967281182e+02 -4.404934197780801242e+02 -4.422739135644721387e+02 -4.445952293500824908e+02
-4.290080565207234713e+02 -4.294140772972721720e+02 -4.243557011059725710e+02 -4.349741449474386172e+02
-4.133736016676099894e+02 -4.124675807743263931e+02 -4.170812807351214815e+02 -4.036020376289608862e+02
-4.064396264344208021e+02 -4.066279260857766076e+02 -4.113975986910576239e+02 -3.999620909540998355e+02
-5.437645916397395922e+02 -5.505857581693011298e+02 -5.545668072960822883e+02 -5.545584343407275583e+02
-5.517710246895951514e+02 -5.549912990114039530e+02 -5.504923757946335172e+02 -5.510763931949703647e+02
-5.485997598618637312e+02 -5.534297566957512799e+02 -5.491861757156173098e+02 -5.496808523972586045e+02
-5.496731622391826022e+02 -5.497666058128506847e+02 -5.496286936438384600e+02 -5.500687946772211490e+02
-5.499159783170284754e+02 -5.499135886578200143e+02 -5.498045617154778029e+02 -4.519797289765635924e+02
-4.935107128873981424e+02 -3.705597895363688394e+02 -5.413025264518009863e+02 -2.904273705194675870e+01
-4.026689615158865081e+02 -5.188688352318545185e+02 -3.315028280765305908e+02 -2.807991173034863053e+01
-5.252898978358865634e+02 -5.307696113791280368e+02 -4.505784476865892429e+02 -2.700820485583765418e+01
-2.582382809448723648e+01 -2.903223281226442509e+02 -4.275380477755166453e+02 -3.338234905122525902e+02
0.000000000000000000e+00 0.000000000000000000e+00 0.000000000000000000e+00 0.000000000000000000e+00
0.000000000000000000e+00 0.000000000000000000e+00 0.000000000000000000e+00 0.000000000000000000e+00
-4.868293767983475391e+02 -4.873595898238712039e+02 -4.863534173693248022e+02 -4.828090739595377840e+02
-4.689113730614055271e+02 -4.692656791718117688e+02 -4.747267330982963358e+02 -4.633302500736127740e+02
-4.440709207023519980e+02 -4.483671779953450027e+02 -4.524069540676365477e+02 -4.518979863943218334e+02
-4.497914389455415858e+02 -4.503539619311713977e+02 -4.418311282470628498e+02 -4.388323289425578650e+02
0.000000000000000000e+00 0.000000000000000000e+00 0.000000000000000000e+00 0.000000000000000000e+00
0.000000000000000000e+00 0.000000000000000000e+00 0.000000000000000000e+00 0.000000000000000000e+00
0.000000000000000000e+00 0.000000000000000000e+00 0.000000000000000000e+00 0.000000000000000000e+00
-3.793412202231078822e+02 -3.842706370818081609e+02 -3.709408658450172993e+02 -3.711291654963731617e+02
0.000000000000000000e+00 0.000000000000000000e+00 0.000000000000000000e+00 0.000000000000000000e+00
0.000000000000000000e+00 0.000000000000000000e+00 0.000000000000000000e+00 0.000000000000000000e+00
0.000000000000000000e+00 0.000000000000000000e+00 0.000000000000000000e+00 0.000000000000000000e+00
-5.456726509300909811e+02 -5.507033835798171140e+02 -5.494507073832348851e+02 -5.499535309927420030e+02
0.000000000000000000e+00 0.000000000000000000e+00 0.000000000000000000e+00 0.000000000000000000e+00
0.000000000000000000e+00 0.000000000000000000e+00 0.000000000000000000e+00 0.000000000000000000e+00
0.000000000000000000e+00 0.000000000000000000e+00 0.000000000000000000e+00 0.000000000000000000e+00
0.000000000000000000e+00 0.000000000000000000e+00 0.000000000000000000e+00 0.000000000000000000e+00
-4.429643199908156248e+02 -5.179072458790311657e+02 -5.137676380947174266e+02 -5.211031815327017966e+02
-2.452504127512014165e+01 -3.441174059867219057e+02 -5.053477998806574192e+02 -5.114297343271894647e+02
-4.927604316057741016e+02 -4.983572836002554141e+02 -4.537079329566256547e+02 -5.039105078398990258e+02
-4.971489667635221394e+02 -4.869966376436196356e+02 -4.900118710867458276e+02 -4.961167746932221689e+02
-4.799628507652399776e+02 -4.727817844546084416e+02 -4.810280338268616447e+02 -4.751349311590569187e+02
0.000000000000000000e+00 0.000000000000000000e+00 0.000000000000000000e+00 0.000000000000000000e+00
-4.217847512294814578e+02 -4.350858156297916253e+02 -4.335381816512602313e+02 -4.341145328244781467e+02
0.000000000000000000e+00 0.000000000000000000e+00 0.000000000000000000e+00 0.000000000000000000e+00
0.000000000000000000e+00 0.000000000000000000e+00 0.000000000000000000e+00 0.000000000000000000e+00
-3.254059405264023894e+02 -3.171267058270556163e+02 -3.163827613020860099e+02 -3.165415668839295904e+02
0.000000000000000000e+00 0.000000000000000000e+00 0.000000000000000000e+00 0.000000000000000000e+00
-3.486729732779445499e+02 -3.422814980785307739e+02 -3.467829530747870308e+02 -3.454815177648550844e+02
-3.382227231813616299e+02 -3.311698213172619489e+02 -3.372726925747285804e+02 -3.373889719619097605e+02
0.000000000000000000e+00 0.000000000000000000e+00 0.000000000000000000e+00 0.000000000000000000e+00
-5.451830135112710423e+02 -5.450558308302959176e+02 -5.450959857306477261e+02 -5.451374445693271582e+02
-5.433285700455530787e+02 -5.481485085768936187e+02 -5.437834051866149139e+02 -5.435968490021903108e+02
0.000000000000000000e+00 0.000000000000000000e+00 0.000000000000000000e+00 0.000000000000000000e+00
-5.148504062100064402e+02 -5.131174839736648892e+02 -5.134235868295941145e+02 -5.163845915516725427e+02
-5.119864960581205082e+02 -5.117101808128519451e+02 -5.116571998245539703e+02 -5.116888577727749521e+02
-5.103344397072486913e+02 -5.079396692532566817e+02 -5.085501779309996664e+02 -4.932177668127451398e+02
-5.049663298315861653e+02 -5.065114095767587514e+02 -5.068085916629860321e+02 -2.349491570387734214e+02
-2.311623390327263650e+01 -2.308750952990314147e+02 -4.785395044755330787e+02 -3.357873230582395649e+02
0.000000000000000000e+00 0.000000000000000000e+00 0.000000000000000000e+00 0.000000000000000000e+00
0.000000000000000000e+00 0.000000000000000000e+00 0.000000000000000000e+00 0.000000000000000000e+00
-4.461209376271701785e+02 -4.519356732105821379e+02 -4.493690354011227441e+02 -4.554547227971044094e+02
-4.253049488152803974e+02 -4.228960098348816246e+02 -4.222505195148269195e+02 -4.144155447608095528e+02
-3.900122868736697797e+02 -4.124028331393317899e+02 -4.143924917456057528e+02 -4.117690267999460616e+02
0.000000000000000000e+00 0.000000000000000000e+00 0.000000000000000000e+00 0.000000000000000000e+00
-3.258769704882261635e+02 -3.260456172644878734e+02 -3.262142640407496970e+02 -3.263323394653833134e+02
-3.254707393195482155e+02 -3.169484424237661528e+02 -3.257936476699257469e+02 -3.263191236985292676e+02
-3.263064307590128692e+02 -3.264750775352746928e+02 -3.202395207708987641e+02 -3.284383499319449129e+02
-3.196179699454037859e+02 -3.211281618082351770e+02 -3.226821580712904733e+02 -3.213551865386607460e+02
-3.346942898214940669e+02 -3.283089514930114206e+02 -3.395008297603915821e+02 -3.291374581776591981e+02
0.000000000000000000e+00 0.000000000000000000e+00 0.000000000000000000e+00 0.000000000000000000e+00
0.000000000000000000e+00 0.000000000000000000e+00 0.000000000000000000e+00 0.000000000000000000e+00
-5.385239277021773887e+02 -5.451117538025071099e+02 -5.448640601202159814e+02 -5.427457484661130138e+02
-5.322949119930829056e+02 -5.320195158160479423e+02 -5.440093028358530773e+02 -5.323682463415548227e+02
0.000000000000000000e+00 0.000000000000000000e+00 0.000000000000000000e+00 0.000000000000000000e+00
0.000000000000000000e+00 0.000000000000000000e+00 0.000000000000000000e+00 0.000000000000000000e+00
-5.116969804820382706e+02 -5.120380752682685852e+02 -5.124476351187862520e+02 -5.105683568190808046e+02
0.000000000000000000e+00 0.000000000000000000e+00 0.000000000000000000e+00 0.000000000000000000e+00
-2.159729509527361557e+01 -3.901646772303266744e+02 -3.741220845170813050e+02 -4.446474495970184648e+02
-4.607594707436974204e+02 -4.613333649147358528e+02 -2.389736525229236292e+02 -4.609944896492143585e+02
-4.672245794209412679e+02 -4.670872185401258889e+02 -4.663859021640123501e+02 -4.669845622881744589e+02
0.000000000000000000e+00 0.000000000000000000e+00 0.000000000000000000e+00 0.000000000000000000e+00
-3.979343168893814209e+02 -3.926797389602032808e+02 -3.970935260069819037e+02 -3.916601932906125398e+02
-3.474371935233126578e+02 -3.970772901533118215e+02 -3.782714481260077264e+02 -3.807786285084267206e+02
0.000000000000000000e+00 0.000000000000000000e+00 0.000000000000000000e+00 0.000000000000000000e+00
0.000000000000000000e+00 0.000000000000000000e+00 0.000000000000000000e+00 0.000000000000000000e+00
0.000000000000000000e+00 0.000000000000000000e+00 0.000000000000000000e+00 0.000000000000000000e+00
0.000000000000000000e+00 0.000000000000000000e+00 0.000000000000000000e+00 0.000000000000000000e+00
-2.746081754204510617e+02 -2.710336283715990362e+02 -2.779059257007692736e+02 -2.780450193307793256e+02
0.000000000000000000e+00 0.000000000000000000e+00 0.000000000000000000e+00 0.000000000000000000e+00
0.000000000000000000e+00 0.000000000000000000e+00 0.000000000000000000e+00 0.000000000000000000e+00
0.000000000000000000e+00 0.000000000000000000e+00 0.000000000000000000e+00 0.000000000000000000e+00
-5.365518073097837259e+02 -5.417359850510435990e+02 -5.348491485734296020e+02 -5.343797017097203934e+02
-5.320498917447473559e+02 -5.313318292729942414e+02 -5.360180177346885557e+02 -5.305850502753245337e+02
-5.221886099961418495e+02 -5.225177814916305579e+02 -5.279498720374433560e+02 -5.216931477526246681e+02
-5.121935859979824954e+02 -5.150236142979856595e+02 -5.172424703382337157e+02 -5.140353758190020699e+02
-5.116320382059160465e+02 -5.123359864859086201e+02 -5.124390633856274917e+02 -5.110407669963100830e+02
0.000000000000000000e+00 0.000000000000000000e+00 0.000000000000000000e+00 0.000000000000000000e+00
-1.996712097728976332e+01 -4.158173842748333300e+02 -4.149425870045492388e+02 -4.543595427906703890e+02
-4.535265411152474826e+02 -4.084661993270305516e+02 -4.539955647380892856e+02 -4.530791097750350787e+02
0.000000000000000000e+00 0.000000000000000000e+00 0.000000000000000000e+00 0.000000000000000000e+00
-3.888260974233257343e+02 -3.860046024164038272e+02 -3.858944103633360783e+02 -3.753114244267910067e+02
-3.811040400327478892e+02 -3.796835176826339193e+02 -3.777701899752747750e+02 -2.937151539428415390e+02
-1.412485191570011409e+02 -3.541655832552826269e+02 -3.679209021638496324e+02 -3.535715854717868751e+02
0.000000000000000000e+00 0.000000000000000000e+00 0.000000000000000000e+00 0.000000000000000000e+00
0.000000000000000000e+00 0.000000000000000000e+00 0.000000000000000000e+00 0.000000000000000000e+00
-9.738535514097162604e+01 -9.742529518096162633e+01 -9.849892924999929278e+01 -1.075875090324739176e+02
-1.681624840771286529e+02 -1.737266488314204764e+02 -1.724807708409423412e+02 -1.712199954771387240e+02
-2.289123222891688556e+02 -2.294221912052481400e+02 -2.236683911402122646e+02 -2.232902158495618039e+02
-2.218700886847865377e+02 -2.255641514157993015e+02 -2.303253297316756232e+02 -2.261191232585982789e+02
-5.426579200260110838e+02 -5.438259203861545075e+02 -5.428844850234042951e+02 -5.436474177164793673e+02
-5.415190556864969267e+02 -5.407491616954484925e+02 -5.414803116373598186e+02 -5.422500250781489513e+02
-5.383841458092545054e+02 -5.380875713955009587e+02 -5.399598745938471893e+02 -5.398902290561010204e+02
-5.371726694780409161e+02 -5.368997564591930995e+02 -5.369026188698554733e+02 -5.369433416775063961e+02
0.000000000000000000e+00 0.000000000000000000e+00 0.000000000000000000e+00 0.000000000000000000e+00
-5.050353759896219117e+02 -5.124641861008572050e+02 -5.045170671976285917e+02 -5.042043208599188802e+02
0.000000000000000000e+00 0.000000000000000000e+00 0.000000000000000000e+00 0.000000000000000000e+00
0.000000000000000000e+00 0.000000000000000000e+00 0.000000000000000000e+00 0.000000000000000000e+00
-4.369952670326194948e+02 -4.122849416689775239e+02 -3.713959677284546501e+02 -1.824425079554378470e+01
-4.006198453480962485e+02 -4.425269854442434507e+02 -3.635622524984015627e+02 -1.638784500695568269e+01
-3.939618469782200236e+02 -3.806723783512339878e+02 -2.341277531295218637e+02 -1.441714234237798564e+01
-3.161106008977295687e+02 -3.907258395931682458e+02 -2.637917173185082333e+02 -1.232858162378237132e+01
-3.472925585475849175e+02 -3.542117079580718269e+02 -3.628546678902882263e+02 -1.011755394142813280e+01
-2.260128750752578526e+02 -3.122553730352668708e+02 -2.774733737648718943e+02 -7.785659742390102167e+00
-2.344424597013790788e+02 -1.494388209162345049e+02 -2.370740585634960098e+02 -5.329727664553829847e+00
-1.346956650729136697e+02 -2.743575449752263307e+00 -1.292135990861217465e+02 -8.966732829969458862e+01
0.000000000000000000e+00 0.000000000000000000e+00 0.000000000000000000e+00 0.000000000000000000e+00
-1.895284890200532857e+02 -1.765188149452002904e+02 -1.735240008494369306e+02 -1.729238383962081400e+02
0.000000000000000000e+00 0.000000000000000000e+00 0.000000000000000000e+00 0.000000000000000000e+00
-2.221794070923787672e+02 -2.280597260974499534e+02 -2.179393601775455807e+02 -2.180587023726035625e+02
-5.436939950274924058e+02 -5.447314778064359189e+02 -5.429786794143744828e+02 -5.446209515499687086e+02
0.000000000000000000e+00 0.000000000000000000e+00 0.000000000000000000e+00 0.000000000000000000e+00
-5.421020569428653744e+02 -5.417556940820758200e+02 -5.413662664853044362e+02 -5.411437224340586454e+02
0.000000000000000000e+00 0.000000000000000000e+00 0.000000000000000000e+00 0.000000000000000000e+00
-5.027286499170003253e+02 -4.984363746899624630e+02 -4.895513641985994013e+02 -5.031036987401982969e+02
-4.993006267432562595e+02 -5.040687630682238591e+02 -4.999845220539820048e+02 -5.001355349376261188e+02
0.000000000000000000e+00 0.000000000000000000e+00 0.000000000000000000e+00 0.000000000000000000e+00
-4.680802163924896604e+02 -4.688607107919872306e+02 -4.686133430842395455e+02 -4.640208986176145913e+02
-4.607893321688435435e+02 -3.115961814935313896e+02 -4.631712657125633541e+02 -4.605223561825365550e+02
0.000000000000000000e+00 0.000000000000000000e+00 0.000000000000000000e+00 0.000000000000000000e+00
-4.260351277862130814e+02 -2.689319833946036624e+02 -4.260947967189524661e+02 -4.258414584189699781e+02
0.000000000000000000e+00 0.000000000000000000e+00 0.000000000000000000e+00 0.000000000000000000e+00
-3.622431701824714878e+02 -2.678362843872118901e+02 -3.621443315858454639e+02 -3.623216218002388018e+02
0.000000000000000000e+00 0.000000000000000000e+00 0.000000000000000000e+00 0.000000000000000000e+00
0.000000000000000000e+00 0.000000000000000000e+00 0.000000000000000000e+00 0.000000000000000000e+00
-1.413956158986887033e+02 -1.279292021444873484e+02 -1.445562380618699194e+02 -1.415459091611907070e+02
0.000000000000000000e+00 0.000000000000000000e+00 0.000000000000000000e+00 0.000000000000000000e+00
-2.029761945802385696e+02 -1.913141045332352519e+02 -2.048082656020065428e+02 -2.085997582762874458e+02
-2.200468286254739780e+02 -2.201661708205319314e+02 -2.067212565852340731e+02 -2.218126580375013646e+02
-2.172066108739290087e+02 -2.258583034938870924e+02 -2.210533478024488545e+02 -2.180472804739806065e+02
0.000000000000000000e+00 0.000000000000000000e+00 0.000000000000000000e+00 0.000000000000000000e+00
0.000000000000000000e+00 0.000000000000000000e+00 0.000000000000000000e+00 0.000000000000000000e+00
-5.423409561950138595e+02 -5.433735006408088566e+02 -5.434897224882548699e+02 -5.425006164928890939e+02
0.000000000000000000e+00 0.000000000000000000e+00 0.000000000000000000e+00 0.000000000000000000e+00
0.000000000000000000e+00 0.000000000000000000e+00 0.000000000000000000e+00 0.000000000000000000e+00
-4.944906814718165151e+02 -4.978195142964665934e+02 -4.897193226366915724e+02 -4.892750068945955491e+02
-4.801710415391922879e+02 -4.824723721298415740e+02 -4.865633416065614938e+02 -4.789708648314713173e+02
-4.729282728604439967e+02 -4.730762368584269097e+02 -4.739381590799523565e+02 -4.731275741437094666e+02
0.000000000000000000e+00 0.000000000000000000e+00 0.000000000000000000e+00 0.000000000000000000e+00
0.000000000000000000e+00 0.000000000000000000e+00 0.000000000000000000e+00 0.000000000000000000e+00
0.000000000000000000e+00 0.000000000000000000e+00 0.000000000000000000e+00 0.000000000000000000e+00
-3.687950021027794492e+02 -3.688673454866971042e+02 -3.685278673585328875e+02 -3.686097659063396463e+02
-3.659016278881239259e+02 -3.658095209601343072e+02 -3.659575293142659120e+02 -3.657663367835169197e+02
0.000000000000000000e+00 0.000000000000000000e+00 0.000000000000000000e+00 0.000000000000000000e+00
0.000000000000000000e+00 0.000000000000000000e+00 0.000000000000000000e+00 0.000000000000000000e+00
0.000000000000000000e+00 0.000000000000000000e+00 0.000000000000000000e+00 0.000000000000000000e+00
-2.016948877514495280e+02 -2.017944389493519850e+02 -2.018939901472545273e+02 -2.020279603870695837e+02
-2.044664799828088348e+02 -2.085716521254242650e+02 -2.016297555954594998e+02 -2.020930925430595835e+02
0.000000000000000000e+00 0.000000000000000000e+00 0.000000000000000000e+00 0.000000000000000000e+00
-2.123647526829023207e+02 -2.253994981704119880e+02 -2.237021746564578848e+02 -2.238413177887613585e+02
