-2.080237054090245152e+01 -2.078295274596747433e+01 -2.078013778062632966e+01 -2.038869338183083002e+01
-2.056099663463279015e+01 -2.057665834723270137e+01 -2.058362732241617010e+01 -2.001336996349192887e+01
-2.008030605309277306e+01 -2.008329973057379547e+01 -2.009612640973982778e+01 -1.941101993974126572e+01
-1.923942769809548992e+01 -1.923558984585634590e+01 -1.925041617854424203e+01 -1.870722265785700600e+01
-1.821808210137273676e+01 -1.821645255118640350e+01 -1.822392934508241069e+01 -1.811854162052130945e+01
-1.779130414746174793e+01 -1.779628343124045031e+01 -1.780286990367031308e+01 -1.766126789817585419e+01
-1.704789982300514239e+01 -1.724467588866340151e+01 -1.723518720220308253e+01 -1.725035418503942353e+01
-1.697643398231098999e+01 -1.699079634315705434e+01 -1.697281545332320363e+01 -1.699875809414354322e+01
-1.699227047929520396e+01 -1.699190295839371245e+01 -1.698076439425123141e+01 -1.702524481440939397e+01
-1.713328075039192555e+01 -1.712808099467618561e+01 -1.709642951725554383e+01 -1.709266981767313354e+01
-2.080184207090292503e+01 -2.078028416715753579e+01 -2.078079864282052824e+01 -2.078138635630585895e+01
-2.057511077442221747e+01 -2.058673000975344891e+01 -2.057676301684867326e+01 -1.994420557667640637e+01
-1.905502747429988020e+01 -2.016722592541980319e+01 -2.016352956047509082e+01 -2.016612598751857277e+01
0.000000000000000000e+00 0.000000000000000000e+00 0.000000000000000000e+00 0.000000000000000000e+00
-1.737006428371989131e+01 -1.736466245913330297e+01 -1.736984170449822429e+01 -1.737011868030777961e+01
0.000000000000000000e+00 0.000000000000000000e+00 0.000000000000000000e+00 0.000000000000000000e+00
-1.624517230392098099e+01 -1.655967576479559611e+01 -1.652761079299386893e+01 -1.651555623906793357e+01
-1.656732742802408609e+01 -1.655648677647164035e+01 -1.651135901538291506e+01 -1.654013268727327102e+01
-1.678194785168742342e+01 -1.672665726426548005e+01 -1.679437362593192518e+01 -1.677483951965239939e+01
-1.702597839156994652e+01 -1.703086417735557134e+01 -1.707048166658853461e+01 -1.706150706684043072e+01
-2.082629607416640738e+01 -2.080783573597573266e+01 -2.080230879703947622e+01 -2.080411144231198151e+01
0.000000000000000000e+00 0.000000000000000000e+00 0.000000000000000000e+00 0.000000000000000000e+00
-1.703967913563488779e+01 -1.963683589260757145e+01 -1.962278835235714780e+01 -1.960229708800360982e+01
0.000000000000000000e+00 0.000000000000000000e+00 0.000000000000000000e+00 0.000000000000000000e+00
-1.637845354604550963e+01 -1.638223542556795920e+01 -1.639015215809607184e+01 -1.637756455666857391e+01
-1.615417804700743076e+01 -1.614801924649749409e+01 -1.612119609976389611e+01 -1.615164882915885514e+01
-1.517986501734967320e+01 -1.570996432501112317e+01 -1.571682754664861470e+01 -1.572434521188620415e+01
-1.572120894884928965e+01 -1.570617872073539978e+01 -1.569649625687401517e+01 -1.569422268425046951e+01
-1.629798719148506692e+01 -1.635167803544487697e+01 -1.630325381739889323e+01 -1.630438427494683040e+01
0.000000000000000000e+00 0.000000000000000000e+00 0.000000000000000000e+00 0.000000000000000000e+00
-2.064481176911285587e+01 -2.063829552046425420e+01 -2.062714368199723580e+01 -2.064360825771807484e+01
-1.982193465081046568e+01 -1.982039421795128931e+01 -1.983307890438589638e+01 -1.985154271577385288e+01
-1.880486969260415009e+01 -1.876916916325531304e+01 -1.875799075946435224e+01 -1.483220822959136420e+01
-1.707246771593069923e+01 -1.710348049625442712e+01 -1.714969197778706445e+01 -1.187372617366375138e+01
-9.479331009250868689e+00 -1.535907519924303344e+01 -1.521858215676551040e+01 -1.532956711917255888e+01
0.000000000000000000e+00 0.000000000000000000e+00 0.000000000000000000e+00 0.000000000000000000e+00
-1.381296839446541469e+01 -1.432324662196932330e+01 -1.433247595595793200e+01 -1.431769681154378659e+01
-1.415117206897853741e+01 -1.417128450103043669e+01 -1.418788763806166742e+01 -1.416932803157881970e+01
0.000000000000000000e+00 0.000000000000000000e+00 0.000000000000000000e+00 0.000000000000000000e+00
-1.145636832753756096e+01 -1.144560905544710039e+01 -1.145244280443941065e+01 -1.144933471320732821e+01
-2.106903561651492396e+01 -2.107719062944688915e+01 -2.105456889097894191e+01 -2.103477951604926943e+01
0.000000000000000000e+00 0.000000000000000000e+00 0.000000000000000000e+00 0.000000000000000000e+00
-1.818000523526239220e+01 -1.809876509447519766e+01 -1.799535202221738928e+01 -1.818372125014749585e+01
0.000000000000000000e+00 0.000000000000000000e+00 0.000000000000000000e+00 0.000000000000000000e+00
-6.932445289504886254e+00 -1.247106210641328516e+01 -1.245847628863560885e+01 -1.245587039372552596e+01
-9.590792458256620634e+00 -1.177839055150039904e+01 -1.173677559096221401e+01 -1.181056494819422475e+01
-1.279039261993356824e+01 -1.278162799934322003e+01 -1.218793697438793799e+01 -1.277782007554202082e+01
-1.195863248673279067e+01 -1.197765026653645926e+01 -1.196905985153825114e+01 -1.195483213482087059e+01
-1.098271279013375334e+01 -1.099795899051671455e+01 -1.102076249502013638e+01 -1.099044296629720741e+01
-1.129641995706245261e+01 -1.129277098124556389e+01 -1.129787544328175386e+01 -1.128626940368842213e+01
-2.127140624537176450e+01 -2.128519862774795968e+01 -2.128357641443518133e+01 -2.124100524677497148e+01
0.000000000000000000e+00 0.000000000000000000e+00 0.000000000000000000e+00 0.000000000000000000e+00
-1.736864451359347328e+01 -1.727563586322985145e+01 -1.716619342089406075e+01 -1.723760265132025893e+01
0.000000000000000000e+00 0.000000000000000000e+00 0.000000000000000000e+00 0.000000000000000000e+00
-4.926454528283237266e+00 -1.059906975215712066e+01 -1.057508647786443845e+01 -1.058797203254307107e+01
-4.966510158725849777e+00 -9.965870093779592764e+00 -9.975349787360274334e+00 -9.966253239832523647e+00
0.000000000000000000e+00 0.000000000000000000e+00 0.000000000000000000e+00 0.000000000000000000e+00
-9.607265222161393226e+00 -9.512178297386510550e+00 -9.587975976197693484e+00 -9.608186836491615423e+00
-9.477763857086930699e+00 -9.542050922119202028e+00 -9.517704638275132467e+00 -9.489723392747029251e+00
0.000000000000000000e+00 0.000000000000000000e+00 0.000000000000000000e+00 0.000000000000000000e+00
0.000000000000000000e+00 0.000000000000000000e+00 0.000000000000000000e+00 0.000000000000000000e+00
-1.643720509311155453e+01 -1.647826048042760405e+01 -1.647293312896857387e+01 -1.648941271947590081e+01
-1.651392132847929517e+01 -1.636762482868124735e+01 -1.629952713100927753e+01 -1.633538950145777591e+01
0.000000000000000000e+00 0.000000000000000000e+00 0.000000000000000000e+00 0.000000000000000000e+00
-8.555137798279350392e+00 -8.573477032514917440e+00 -8.487455023167072454e+00 -3.097840698148521810e+00
-7.201064192370131067e+00 -7.206735568502244504e+00 -7.284938210022752436e+00 -1.698694184273594754e+00
-7.658952530272020720e-01 -4.920451434810779290e+00 -5.112430448446096953e+00 -5.025977669853546104e+00
-6.697840878669678588e+00 -6.850784548979379274e+00 -6.903631169662909350e+00 -6.877903591395337912e+00
-7.817107408265338897e+00 -7.885834969411626538e+00 -7.824987276890413845e+00 -7.819786840155645180e+00
-7.759890322746665348e+00 -7.749228412626910867e+00 -7.757263160427989135e+00 -7.754172080351543705e+00
-1.477398082993324202e+01 -1.473488835636029215e+01 -1.471420834575862990e+01 -1.467718918941937112e+01
0.000000000000000000e+00 0.000000000000000000e+00 0.000000000000000000e+00 0.000000000000000000e+00
-1.519247742754564534e+01 -1.510775025854022147e+01 -1.505712156049069250e+01 -1.494702555317937431e+01
0.000000000000000000e+00 0.000000000000000000e+00 0.000000000000000000e+00 0.000000000000000000e+00
-7.227570720005044080e+00 -7.308089785312085418e+00 -7.257052463181761226e+00 -7.148490825747955135e+00
-5.149341331917496767e+00 -5.143138371360389094e+00 -5.196003825868515946e+00 -4.462188700606056990e+00
0.000000000000000000e+00 0.000000000000000000e+00 0.000000000000000000e+00 0.000000000000000000e+00
-5.016771049547671169e+00 -5.112906732863613968e+00 -5.955694195556363590e-01 -5.052602539603450182e+00
-7.133366623573399679e+00 -7.115544213616854741e+00 -2.621369992229294343e+00 -7.159736947357794534e+00
-7.562583718595685234e+00 -7.542073555960108422e+00 -7.559129302831657959e+00 -7.536488399653951120e+00
-1.463050506176695365e+01 -1.458437889595160009e+01 -1.454411785839138460e+01 -1.465269427134915681e+01
-1.441037700093420248e+01 -1.435693735794418302e+01 -1.431832040580772336e+01 -1.441419896496674724e+01
-1.368242297146200315e+01 -1.359057401847358371e+01 -1.389047890773020733e+01 -1.387637204369063859e+01
-1.120867650547987182e+01 -1.119330308030799515e+01 -1.109156688813091307e+01 -1.118697995963110792e+01
-7.963750250074289383e+00 -7.958296259337099166e+00 -8.037094375112225464e+00 -8.051683784186101533e+00
-5.210917856372457635e+00 -5.250785537902056710e+00 -5.349230977291225209e+00 -5.240450981839623878e+00
-3.276530561570361932e+00 -3.268171053209206978e+00 -3.299336614172776905e+00 -3.283197102232134679e+00
0.000000000000000000e+00 0.000000000000000000e+00 0.000000000000000000e+00 0.000000000000000000e+00
-7.990534752463438473e+00 -4.941380172439420626e+00 -7.990939571902646144e+00 -7.988463612113792855e+00
0.000000000000000000e+00 0.000000000000000000e+00 0.000000000000000000e+00 0.000000000000000000e+00
-1.437322342358952909e+01 -1.464577159598573353e+01 -1.457057321245799208e+01 -1.437426932139385372e+01
-1.419180112937146276e+01 -1.445087792497646006e+01 -1.422466765172901226e+01 -1.426310421181604227e+01
-1.407258164999623595e+01 -1.409090247947678876e+01 -1.401878229478226245e+01 -1.397579965895907605e+01
0.000000000000000000e+00 0.000000000000000000e+00 0.000000000000000000e+00 0.000000000000000000e+00
0.000000000000000000e+00 0.000000000000000000e+00 0.000000000000000000e+00 0.000000000000000000e+00
-4.667117209120063670e+00 -4.679072845167183026e+00 -4.669209940706998019e+00 -4.656550407624039600e+00
-4.031214497796622886e+00 -4.027172366281958737e+00 -4.060096866073013899e+00 -4.029389654160600465e+00
0.000000000000000000e+00 0.000000000000000000e+00 0.000000000000000000e+00 0.000000000000000000e+00
-8.512761392741847288e+00 -7.437452770868995700e+00 -8.510255242395006192e+00 -8.510779743953932552e+00
-8.759308364566471994e+00 -8.758187741653809866e+00 -8.374458785964492336e+00 -8.758553999128388057e+00
