-9.159285163087649284e-01 -9.149597554154424994e-01 -9.139285678462996110e-01 -9.128671992175382277e-01
-9.131666394108878260e-01 -9.149597554154424994e-01 -9.120315992872596311e-01 -9.119852556726119053e-01
-8.805006398111030474e-01 -8.761182409356229606e-01 -8.819099119074891302e-01 -8.780854663658437254e-01
-8.397476082634048877e-01 -8.419007057628067336e-01 -8.428848961694271891e-01 -8.419007057628067336e-01
0.000000000000000000e+00 0.000000000000000000e+00 0.000000000000000000e+00 0.000000000000000000e+00
-8.065351488114624878e-01 -8.065415259904017420e-01 -8.065415259904017420e-01 -8.007235291160572643e-01
-8.027897533563610466e-01 -8.062475146496047573e-01 -8.065255671329506493e-01 -8.005442472265343890e-01
0.000000000000000000e+00 0.000000000000000000e+00 0.000000000000000000e+00 0.000000000000000000e+00
-8.060502085714074116e-01 -8.004734460512938909e-01 -8.059689214853092976e-01 -8.009369972808804139e-01
-8.004870062348009574e-01 -8.005442472265343890e-01 -8.060034759841391283e-01 -8.005442472265343890e-01
-9.162696172620135027e-01 -9.150503287683554587e-01 -9.148429248107307066e-01 -9.176859410402519179e-01
-9.192798246747221347e-01 -9.422798404908935277e-01 -9.465118292935074118e-01 -9.582406958016898013e-01
0.000000000000000000e+00 0.000000000000000000e+00 0.000000000000000000e+00 0.000000000000000000e+00
-7.948372816661973816e-01 -7.997775992264155587e-01 -7.990310111231884171e-01 -8.030426523389395665e-01
-8.005442472265343890e-01 -8.005442472265343890e-01 -8.052644334053665753e-01 -8.023278282660106786e-01
-8.005442472265343890e-01 -8.013690655410858898e-01 -8.063919990645311842e-01 -8.005477027115415201e-01
-8.005442472265343890e-01 -8.061947294170788147e-01 -8.008509732879223186e-01 -8.006017393212632172e-01
-8.001523558136868219e-01 -8.005005477629039135e-01 -8.051399972477319977e-01 -8.005626770845972739e-01
-7.998635992082856472e-01 -8.013122916226869119e-01 -8.056953825247947787e-01 -8.006761307963188301e-01
-8.007775694194047000e-01 -8.002859133239603739e-01 -8.014153461218850305e-01 -8.004959525474339976e-01
-8.835084467373589545e-01 -8.874623904431461208e-01 -8.869497649699120689e-01 -8.848931245911769716e-01
-8.623998154470765565e-01 -9.150734608256559932e-01 -9.119406409329813279e-01 -8.623998154470765565e-01
-8.255799682424794783e-01 -8.170833159415824554e-01 -8.080491186199981746e-01 -8.025261215232389889e-01
-7.395011805507786251e-01 -7.505793449371902515e-01 -7.455007543126224157e-01 -7.558550863412836218e-01
0.000000000000000000e+00 0.000000000000000000e+00 0.000000000000000000e+00 0.000000000000000000e+00
0.000000000000000000e+00 0.000000000000000000e+00 0.000000000000000000e+00 0.000000000000000000e+00
0.000000000000000000e+00 0.000000000000000000e+00 0.000000000000000000e+00 0.000000000000000000e+00
0.000000000000000000e+00 0.000000000000000000e+00 0.000000000000000000e+00 0.000000000000000000e+00
-7.992938770134160320e-01 -8.024206154713172667e-01 -8.005442472265343890e-01 -8.013143048013580128e-01
-8.005442472265343890e-01 -8.004341289934577830e-01 -8.042552564306360008e-01 -8.005324856481348395e-01
-8.437251884440600813e-01 -8.443237251635187235e-01 -8.474066474072532440e-01 -8.447664336930836848e-01
-8.025261215232389889e-01 -8.570436899178761614e-01 -8.689240044466250978e-01 -8.292361776692754871e-01
0.000000000000000000e+00 0.000000000000000000e+00 0.000000000000000000e+00 0.000000000000000000e+00
-6.731591374218722779e-01 -6.993350462479960283e-01 -6.801055724248055157e-01 -6.731591374218722779e-01
-6.033254078124979936e-01 -6.126130346277288696e-01 -6.116881901998443283e-01 -6.182471652307022225e-01
-6.185730935061879432e-01 -6.191964249108150575e-01 -6.184951137436081048e-01 -6.128181112402595332e-01
0.000000000000000000e+00 0.000000000000000000e+00 0.000000000000000000e+00 0.000000000000000000e+00
0.000000000000000000e+00 0.000000000000000000e+00 0.000000000000000000e+00 0.000000000000000000e+00
0.000000000000000000e+00 0.000000000000000000e+00 0.000000000000000000e+00 0.000000000000000000e+00
0.000000000000000000e+00 0.000000000000000000e+00 0.000000000000000000e+00 0.000000000000000000e+00
-7.947297983719944225e-01 -7.991036269620508392e-01 -7.940280442129452609e-01 -7.947150100088621327e-01
-7.395011805507786251e-01 -8.129626171574141358e-01 -8.226967839413752426e-01 -7.395011805507786251e-01
-6.731591374218722779e-01 -6.917965020539015297e-01 -7.067202894830240112e-01 -6.731591374218722779e-01
-6.033254078124979936e-01 -6.208583297553885716e-01 -6.391482090427081930e-01 -6.033254078124979936e-01
-5.298162187499987352e-01 -5.346109464221423524e-01 -5.363441029048529041e-01 -5.340957222452847875e-01
0.000000000000000000e+00 0.000000000000000000e+00 0.000000000000000000e+00 0.000000000000000000e+00
-2.989523120651249588e-01 -2.963962807993060222e-01 -2.963962807993060222e-01 -2.941568359834203505e-01
-2.837520026445150001e-01 -2.792316161706078215e-01 -2.776314522067335755e-01 -2.792316161706078215e-01
0.000000000000000000e+00 0.000000000000000000e+00 0.000000000000000000e+00 0.000000000000000000e+00
0.000000000000000000e+00 0.000000000000000000e+00 0.000000000000000000e+00 0.000000000000000000e+00
-7.445451690855890980e-01 -7.409567220479293947e-01 -7.388886792888267330e-01 -7.388660403995158665e-01
-6.917973542425831512e-01 -7.589089676185474254e-01 -7.653026940097311659e-01 -6.731591374218722779e-01
-6.374184870768000444e-01 -6.937754008894553293e-01 -6.786558387055577901e-01 -6.033254078124979936e-01
-5.298162187499987352e-01 -6.280379957224524468e-01 -6.075710464181557358e-01 -5.298162187499987352e-01
-4.722906408208661366e-01 -5.181605475194556165e-01 -4.827671855492018382e-01 -4.524381249999991361e-01
-3.988886570905599838e-01 -3.934655491061962440e-01 -4.153975890512777158e-01 -3.709874999999994150e-01
-2.852499999999995040e-01 -3.130163950547373841e-01 -3.165192771734848809e-01 -3.051676414248547520e-01
-2.654244233585758006e-01 -2.658166226551736955e-01 -2.754040562806416292e-01 -2.669430559856462715e-01
-2.483562965983702187e-01 -2.443817165318854234e-01 -2.457088932965056649e-01 -2.459903810217251852e-01
-2.465045728110609735e-01 -2.443817165318854234e-01 -2.402609212485420087e-01 -2.443817165318854234e-01
0.000000000000000000e+00 0.000000000000000000e+00 0.000000000000000000e+00 0.000000000000000000e+00
0.000000000000000000e+00 0.000000000000000000e+00 0.000000000000000000e+00 0.000000000000000000e+00
0.000000000000000000e+00 0.000000000000000000e+00 0.000000000000000000e+00 0.000000000000000000e+00
-4.524381249999991361e-01 -5.293590746858386487e-01 -5.095794286191268618e-01 -5.075626549630137818e-01
0.000000000000000000e+00 0.000000000000000000e+00 0.000000000000000000e+00 0.000000000000000000e+00
0.000000000000000000e+00 0.000000000000000000e+00 0.000000000000000000e+00 0.000000000000000000e+00
-1.949999999999998124e-01 -2.560183567755481282e-01 -1.998251442535110001e-01 -2.343940858235013802e-01
-2.292181522411089190e-01 -2.301054183866795000e-01 -2.328036474557340085e-01 -2.270854900001423038e-01
-2.335106167719276649e-01 -2.311429098664439796e-01 -2.326600873793515656e-01 -2.301913415796657536e-01
-2.355595141023973937e-01 -2.401467832421448068e-01 -2.400652832795623637e-01 -2.348035306517495258e-01
-3.863457106850249900e-01 -3.865289195723135007e-01 -3.877868181472086118e-01 -3.895457995241676796e-01
-3.883926732478873434e-01 -3.875763643695492866e-01 -3.877745523864247201e-01 -3.842609004526937877e-01
-3.942885754582752811e-01 -3.958478840564725876e-01 -3.922232791253007500e-01 -3.930099363846614180e-01
-3.709874999999994150e-01 -4.438427801594487798e-01 -4.266195372025609056e-01 -4.241755702681647699e-01
0.000000000000000000e+00 0.000000000000000000e+00 0.000000000000000000e+00 0.000000000000000000e+00
0.000000000000000000e+00 0.000000000000000000e+00 0.000000000000000000e+00 0.000000000000000000e+00
-9.999999999999992228e-02 -1.309457497574023632e-01 -1.374540189238343257e-01 -1.581660688713010521e-01
-1.907790394507647980e-01 -1.873115854480166820e-01 -1.840280826443891349e-01 -1.870274045220252090e-01
-2.096888750669070878e-01 -2.148878739785854419e-01 -2.111188793729097124e-01 -2.088260185322434459e-01
0.000000000000000000e+00 0.000000000000000000e+00 0.000000000000000000e+00 0.000000000000000000e+00
-3.875446834751297698e-01 -3.877874170869932691e-01 -3.877868181472086118e-01 -3.831154088870729613e-01
-3.796852443690538759e-01 -3.794442360247110013e-01 -3.815417388390877629e-01 -3.805546543732714060e-01
-3.715429591648782837e-01 -3.643908412610366021e-01 -3.692316842710581803e-01 -3.645839207304902851e-01
-3.267400921900370792e-01 -4.063296845918198397e-01 -4.019491470525836108e-01 -2.852499999999995040e-01
-2.856124003425941082e-01 -2.554348377945320214e-01 -2.635047954023286287e-01 -1.949999999999998124e-01
-1.611166014227589094e-01 -1.727054860671531633e-01 -2.154250155047276460e-01 -9.999999999999992228e-02
0.000000000000000000e+00 0.000000000000000000e+00 0.000000000000000000e+00 0.000000000000000000e+00
0.000000000000000000e+00 0.000000000000000000e+00 0.000000000000000000e+00 0.000000000000000000e+00
-2.088260185322434459e-01 -2.144878153825761080e-01 -2.088260185322434459e-01 -2.087105207103823468e-01
-2.088260185322434459e-01 -2.088260185322434459e-01 -2.090213492938212125e-01 -2.088260185322434459e-01
-3.870133010528118422e-01 -3.927804325719445044e-01 -3.877868181472086118e-01 -3.877868181472086118e-01
0.000000000000000000e+00 0.000000000000000000e+00 0.000000000000000000e+00 0.000000000000000000e+00
0.000000000000000000e+00 0.000000000000000000e+00 0.000000000000000000e+00 0.000000000000000000e+00
-2.870778841218694644e-01 -2.819392594864884027e-01 -2.955947742769290953e-01 -2.859743013198895456e-01
-2.436918292156802224e-01 -2.429470950558778597e-01 -2.398529327720921589e-01 -2.402157073590898140e-01
-1.725502279748135359e-01 -1.706155290577566208e-01 -1.823360496684835463e-01 -1.695752180380345753e-01
-9.777973906845621732e-02 -9.282102012308149352e-02 -1.066762674605946509e-01 -9.701072984735140126e-02
-9.686708067705956937e-02 -9.777973906845621732e-02 -9.812822559334349881e-02 -9.777973906845621732e-02
0.000000000000000000e+00 0.000000000000000000e+00 0.000000000000000000e+00 0.000000000000000000e+00
0.000000000000000000e+00 0.000000000000000000e+00 0.000000000000000000e+00 0.000000000000000000e+00
