-1.137813159115053319e+00 -1.130355154568267295e+00 -1.131328124139363789e+00 -1.130439293097477815e+00
-1.147081263885590730e+00 -1.140196796015224390e+00 -1.139996273145448269e+00 -1.143041057466259947e+00
-1.086851423656480797e+00 -1.084783352375892074e+00 -1.095124993123760326e+00 -1.085290319285561855e+00
-1.022714643002974544e+00 -1.022516534695316448e+00 -1.028975814134391653e+00 -1.024209064881570486e+00
0.000000000000000000e+00 0.000000000000000000e+00 0.000000000000000000e+00 0.000000000000000000e+00
-9.510206982049542734e-01 -9.520481746049986871e-01 -9.507400656516334925e-01 -9.525792889130355601e-01
-9.548525102290048583e-01 -9.430215504133243609e-01 -9.508156697628581400e-01 -9.430215504133243609e-01
0.000000000000000000e+00 0.000000000000000000e+00 0.000000000000000000e+00 0.000000000000000000e+00
-9.603653841253698697e-01 -9.520676710313520363e-01 -9.519689634717238835e-01 -9.525762040790799468e-01
-9.601377717517696198e-01 -9.607971602216119900e-01 -9.608227310771486618e-01 -9.520785288629109999e-01
-1.126634035072264783e+00 -1.126942481856344713e+00 -1.130984774573222662e+00 -1.125283406521853991e+00
-1.136151282838701704e+00 -1.200684606087013773e+00 -1.176311158367788767e+00 -1.200512030768169813e+00
0.000000000000000000e+00 0.000000000000000000e+00 0.000000000000000000e+00 0.000000000000000000e+00
-9.491449008828698464e-01 -9.641166740613746899e-01 -9.520785288629109999e-01 -9.523489296591376441e-01
-9.520446799950054162e-01 -9.520785288629109999e-01 -9.550584168048159572e-01 -9.515039180592286261e-01
-9.520785288629109999e-01 -9.530681751924134915e-01 -9.565437993717940124e-01 -9.494662024500986064e-01
-9.502014287155799988e-01 -9.510679971401848620e-01 -9.577373996450235794e-01 -9.527318806947866481e-01
-9.520785288629109999e-01 -9.520785288629109999e-01 -9.582612635689060632e-01 -9.521901787674691420e-01
-9.508127316854241284e-01 -9.536509035192137773e-01 -9.591885300363376388e-01 -9.530183479374658706e-01
-9.604148936459159236e-01 -9.607734117914384919e-01 -9.539763758259646176e-01 -9.603193652400658920e-01
-1.070350078250536408e+00 -1.075407995402759553e+00 -1.068998351360850974e+00 -1.068714380226808203e+00
-1.046617457412831520e+00 -1.139560748739582241e+00 -1.091994628329241657e+00 -1.046617457412831520e+00
-9.605891913867814491e-01 -9.693905880227267069e-01 -9.995252736345213718e-01 -9.561792499119522448e-01
-8.648275251635881844e-01 -8.876489583484616919e-01 -9.256759286618775340e-01 -8.696419565302004884e-01
0.000000000000000000e+00 0.000000000000000000e+00 0.000000000000000000e+00 0.000000000000000000e+00
0.000000000000000000e+00 0.000000000000000000e+00 0.000000000000000000e+00 0.000000000000000000e+00
0.000000000000000000e+00 0.000000000000000000e+00 0.000000000000000000e+00 0.000000000000000000e+00
0.000000000000000000e+00 0.000000000000000000e+00 0.000000000000000000e+00 0.000000000000000000e+00
-9.497060184886428891e-01 -9.548761343860914241e-01 -9.520785288629109999e-01 -9.520451734690420498e-01
-9.520785288629109999e-01 -9.598893206672728384e-01 -9.559515004234615532e-01 -9.520474840902385383e-01
-1.005437430033545132e+00 -1.016779256649657182e+00 -1.005225415915671494e+00 -1.008893471256365970e+00
-9.561792499119522448e-01 -1.094354646474191117e+00 -1.022996209295383929e+00 -1.009242243174942599e+00
0.000000000000000000e+00 0.000000000000000000e+00 0.000000000000000000e+00 0.000000000000000000e+00
-7.725530557207967997e-01 -8.211731625709981497e-01 -7.784368156050121001e-01 -7.725530557207967997e-01
-6.793465209300982854e-01 -7.020077763725306452e-01 -6.831909270280731583e-01 -6.952807173090667092e-01
-6.950262504676640862e-01 -6.941032129143911433e-01 -6.980270830828739781e-01 -6.950262504676640862e-01
0.000000000000000000e+00 0.000000000000000000e+00 0.000000000000000000e+00 0.000000000000000000e+00
0.000000000000000000e+00 0.000000000000000000e+00 0.000000000000000000e+00 0.000000000000000000e+00
0.000000000000000000e+00 0.000000000000000000e+00 0.000000000000000000e+00 0.000000000000000000e+00
0.000000000000000000e+00 0.000000000000000000e+00 0.000000000000000000e+00 0.000000000000000000e+00
-9.383232853003579121e-01 -9.411390368192953382e-01 -9.416807910920554914e-01 -9.378458381687426737e-01
-8.648275251635881844e-01 -9.863622890521914766e-01 -9.651114997899359338e-01 -8.648275251635881844e-01
-7.725530557207967997e-01 -7.779241625305243213e-01 -8.245641478112232248e-01 -7.725530557207967997e-01
-6.793465209300982854e-01 -6.852410337695747922e-01 -6.805394708339991272e-01 -6.793465209300982854e-01
-5.851985059899985631e-01 -5.946817020176480284e-01 -6.240179751825500887e-01 -6.003998257119002036e-01
0.000000000000000000e+00 0.000000000000000000e+00 0.000000000000000000e+00 0.000000000000000000e+00
-2.900258861395168530e-01 -2.859763036728156793e-01 -2.859763036728156793e-01 -2.946620167156840386e-01
-2.843353641695060552e-01 -2.762525562290447101e-01 -2.839676782434106816e-01 -2.762525562290447101e-01
0.000000000000000000e+00 0.000000000000000000e+00 0.000000000000000000e+00 0.000000000000000000e+00
0.000000000000000000e+00 0.000000000000000000e+00 0.000000000000000000e+00 0.000000000000000000e+00
-8.702385817590402306e-01 -8.667126598031754670e-01 -8.702385817590402306e-01 -8.628459346830739118e-01
-8.346685563907758620e-01 -8.823761357980931530e-01 -8.864175900987295575e-01 -7.725530557207967997e-01
-7.417862868571261092e-01 -8.107566717360834563e-01 -8.222564495954003405e-01 -6.793465209300982854e-01
-5.851985059899985631e-01 -7.120179014657022076e-01 -7.081472217630786492e-01 -5.851985059899985631e-01
-5.136030856311327719e-01 -5.319766150404003913e-01 -5.308963513180642302e-01 -4.900995009999990493e-01
-4.258061433431960530e-01 -4.186624369368845966e-01 -4.825441311070043371e-01 -3.940398999999993324e-01
-2.970099999999996077e-01 -3.000791160910959432e-01 -3.436127358464210468e-01 -3.056079077750875617e-01
-2.682624266470207131e-01 -2.713912616257226906e-01 -2.675447499017549191e-01 -2.630703082741139842e-01
-2.433142801333775529e-01 -2.470228740295339898e-01 -2.467819456384726662e-01 -2.483252380676531923e-01
-2.491694079086661517e-01 -2.470228740295339898e-01 -2.418981135573861907e-01 -2.470228740295339898e-01
0.000000000000000000e+00 0.000000000000000000e+00 0.000000000000000000e+00 0.000000000000000000e+00
0.000000000000000000e+00 0.000000000000000000e+00 0.000000000000000000e+00 0.000000000000000000e+00
0.000000000000000000e+00 0.000000000000000000e+00 0.000000000000000000e+00 0.000000000000000000e+00
-4.900995009999990493e-01 -5.953382484311526834e-01 -5.576639070594539005e-01 -5.509183638851056219e-01
0.000000000000000000e+00 0.000000000000000000e+00 0.000000000000000000e+00 0.000000000000000000e+00
0.000000000000000000e+00 0.000000000000000000e+00 0.000000000000000000e+00 0.000000000000000000e+00
-1.989999999999999269e-01 -2.411535000572682663e-01 -2.443992543943059592e-01 -2.231654688298434774e-01
-2.274198405350477126e-01 -2.291044876785030271e-01 -2.290907222472117200e-01 -2.297676411915958172e-01
-2.285052955716270484e-01 -2.306242754958807706e-01 -2.359871019157864236e-01 -2.322233319817023356e-01
-2.362916869910817730e-01 -2.424123107229851637e-01 -2.427089753979390918e-01 -2.372601341636976779e-01
-4.095275651665319927e-01 -4.115036891544912034e-01 -4.115036891544912034e-01 -4.128197605058546715e-01
-4.190097630435414278e-01 -4.115036891544912034e-01 -4.113660546391989525e-01 -4.189582838064952464e-01
-4.292660227672069340e-01 -4.306710932798714087e-01 -4.332578983348527313e-01 -4.312323656599267863e-01
-3.940398999999993324e-01 -4.886466647570882338e-01 -4.799188704637481484e-01 -4.593481873421590422e-01
0.000000000000000000e+00 0.000000000000000000e+00 0.000000000000000000e+00 0.000000000000000000e+00
0.000000000000000000e+00 0.000000000000000000e+00 0.000000000000000000e+00 0.000000000000000000e+00
-9.999999999999992228e-02 -1.376865700173081908e-01 -1.337107413535530420e-01 -1.211043718048450124e-01
-1.784781294854947686e-01 -1.821248464937745837e-01 -1.800384251090960119e-01 -1.830690006043196871e-01
-2.088750332674145782e-01 -2.128832279715037190e-01 -2.056557711819557432e-01 -2.079132403529486695e-01
0.000000000000000000e+00 0.000000000000000000e+00 0.000000000000000000e+00 0.000000000000000000e+00
-4.116234143063167705e-01 -4.118919764773139036e-01 -4.115036891544912034e-01 -4.039342603552296129e-01
-4.019055947492404246e-01 -4.021270863658950034e-01 -4.040911022504489747e-01 -4.088246024456223537e-01
-3.922978926418823065e-01 -3.888898775505950089e-01 -3.901212071112317714e-01 -3.872274222166285362e-01
-3.502561888315305350e-01 -3.856626918132735060e-01 -4.221135677692654520e-01 -2.970099999999996077e-01
-2.983972141650029219e-01 -2.586567664546932654e-01 -3.339510948564780035e-01 -1.989999999999999269e-01
-2.012984244650169452e-01 -1.603116128824134123e-01 -1.969216908492186224e-01 -9.999999999999992228e-02
0.000000000000000000e+00 0.000000000000000000e+00 0.000000000000000000e+00 0.000000000000000000e+00
0.000000000000000000e+00 0.000000000000000000e+00 0.000000000000000000e+00 0.000000000000000000e+00
-2.079132403529486695e-01 -2.142458373484525669e-01 -2.079132403529486695e-01 -2.077795060328989918e-01
-2.079132403529486695e-01 -2.079132403529486695e-01 -2.081405558313523252e-01 -2.079132403529486695e-01
-4.115036891544912034e-01 -4.156246324590914809e-01 -4.115036891544912034e-01 -4.115036891544912034e-01
0.000000000000000000e+00 0.000000000000000000e+00 0.000000000000000000e+00 0.000000000000000000e+00
0.000000000000000000e+00 0.000000000000000000e+00 0.000000000000000000e+00 0.000000000000000000e+00
-3.053946370417737199e-01 -2.981696903458898040e-01 -3.053946370417737199e-01 -3.021980090197706748e-01
-2.567758511555044976e-01 -2.529382734924560117e-01 -2.542366490954151570e-01 -2.506357601841423532e-01
-1.784781294854947686e-01 -1.787859295048737640e-01 -1.904983300466971397e-01 -1.766065746316109186e-01
-9.955119790251792944e-02 -9.418502629969602302e-02 -1.100436111128231531e-01 -9.912503536461793330e-02
-9.955119790251792944e-02 -9.955119790251792944e-02 -9.977546736043951814e-02 -9.955119790251792944e-02
0.000000000000000000e+00 0.000000000000000000e+00 0.000000000000000000e+00 0.000000000000000000e+00
0.000000000000000000e+00 0.000000000000000000e+00 0.000000000000000000e+00 0.000000000000000000e+00
