-7.159513649616217057e-01 -7.152922267268049250e-01 -7.152922267268049250e-01 -7.177981564409007254e-01
-7.173028802481685728e-01 -7.152922267268049250e-01 -7.167318727829112834e-01 -7.151113823024802807e-01
-6.975955643309788012e-01 -6.975955643309788012e-01 -6.983659677416709233e-01 -6.966218113282868218e-01
-6.748923758400369177e-01 -6.752819987615208408e-01 -6.781358125830820871e-01 -6.755544701365745475e-01
0.000000000000000000e+00 0.000000000000000000e+00 0.000000000000000000e+00 0.000000000000000000e+00
-6.507676059520408618e-01 -6.483907934419779195e-01 -6.483158401392896675e-01 -6.484615803244678789e-01
-6.502477998023018513e-01 -6.483907934419779195e-01 -6.513332282719559441e-01 -6.483464720071939746e-01
0.000000000000000000e+00 0.000000000000000000e+00 0.000000000000000000e+00 0.000000000000000000e+00
-6.517841713305793094e-01 -6.515976590802353696e-01 -6.483907934419779195e-01 -6.504450935376051568e-01
-6.516667300932642570e-01 -6.483631350312981656e-01 -6.517027351764913545e-01 -6.483859932219429023e-01
-7.133635901564499004e-01 -7.163369562018623293e-01 -7.151545542916534215e-01 -7.137222527146928064e-01
-7.175704635189980030e-01 -7.319176270692412389e-01 -7.282388184456183300e-01 -7.338828033707147647e-01
0.000000000000000000e+00 0.000000000000000000e+00 0.000000000000000000e+00 0.000000000000000000e+00
-6.474982009105922920e-01 -6.529836612082413616e-01 -6.483907934419779195e-01 -6.478960547887249177e-01
-6.483674439782100007e-01 -6.478586929871101852e-01 -6.491525877677815082e-01 -6.482460101121871876e-01
-6.480899726663609250e-01 -6.485313448198839481e-01 -6.497178932009617380e-01 -6.484641817911519501e-01
-6.483907934419779195e-01 -6.516211786853197685e-01 -6.489303381053312947e-01 -6.491264176213046300e-01
-6.483907934419779195e-01 -6.483728441041568535e-01 -6.515200749728803364e-01 -6.489433898578416127e-01
-6.516674057981484136e-01 -6.498912058232395594e-01 -6.518215799670892263e-01 -6.485243611085179660e-01
-6.516246118372890361e-01 -6.518085368417236847e-01 -6.542955492891606717e-01 -6.519068855075581537e-01
-6.986676936292455231e-01 -7.013468080938131122e-01 -7.006196086876690376e-01 -6.990649386718035263e-01
-6.861894039099978304e-01 -7.402045637883412077e-01 -7.161819777816708088e-01 -6.861894039099978304e-01
-6.553351373405723601e-01 -6.582422329514888704e-01 -6.784123200203530102e-01 -6.513215598999985145e-01
-6.125795109999984112e-01 -6.238717691898773010e-01 -6.146142708738229210e-01 -6.249000068536179064e-01
0.000000000000000000e+00 0.000000000000000000e+00 0.000000000000000000e+00 0.000000000000000000e+00
0.000000000000000000e+00 0.000000000000000000e+00 0.000000000000000000e+00 0.000000000000000000e+00
0.000000000000000000e+00 0.000000000000000000e+00 0.000000000000000000e+00 0.000000000000000000e+00
0.000000000000000000e+00 0.000000000000000000e+00 0.000000000000000000e+00 0.000000000000000000e+00
-6.516402734033288624e-01 -6.484671576257686754e-01 -6.483907934419779195e-01 -6.518943854330069287e-01
-6.519068855075581537e-01 -6.549987887963003574e-01 -6.483963752722153862e-01 -6.515906545709275743e-01
-6.752310794067443167e-01 -6.754884663159708147e-01 -6.753266107966808818e-01 -6.759768475744407645e-01
-6.513215598999985145e-01 -6.866770542221785067e-01 -6.901437989826079145e-01 -6.697921816272867090e-01
0.000000000000000000e+00 0.000000000000000000e+00 0.000000000000000000e+00 0.000000000000000000e+00
-5.695327899999987897e-01 -5.870763641238252450e-01 -5.743570672521709497e-01 -5.695327899999987897e-01
-5.217030999999987539e-01 -5.287670995315875144e-01 -5.314598088224531391e-01 -5.244671901432500505e-01
-5.242234657610465032e-01 -5.246599579942933245e-01 -5.259775555194315944e-01 -5.246202768821796036e-01
0.000000000000000000e+00 0.000000000000000000e+00 0.000000000000000000e+00 0.000000000000000000e+00
0.000000000000000000e+00 0.000000000000000000e+00 0.000000000000000000e+00 0.000000000000000000e+00
0.000000000000000000e+00 0.000000000000000000e+00 0.000000000000000000e+00 0.000000000000000000e+00
0.000000000000000000e+00 0.000000000000000000e+00 0.000000000000000000e+00 0.000000000000000000e+00
-6.459641249290265508e-01 -6.492189613405279225e-01 -6.480937103114922104e-01 -6.459796475944116212e-01
-6.125795109999984112e-01 -6.636635571106233034e-01 -6.590667700623906722e-01 -6.125795109999984112e-01
-5.695327899999987897e-01 -5.739880652821466311e-01 -5.899022549794656900e-01 -5.695327899999987897e-01
-5.217030999999987539e-01 -5.529584407308071325e-01 -5.219122176613304465e-01 -5.217030999999987539e-01
-4.685589999999993371e-01 -4.982043976706331811e-01 -5.187832045553434357e-01 -4.741546100188157031e-01
0.000000000000000000e+00 0.000000000000000000e+00 0.000000000000000000e+00 0.000000000000000000e+00
-2.790780930057648046e-01 -2.822694674017250382e-01 -2.822694674017250382e-01 -2.844575579424839518e-01
-2.695709765522026347e-01 -2.676966303456025376e-01 -2.676574116684294902e-01 -2.676966303456025376e-01
0.000000000000000000e+00 0.000000000000000000e+00 0.000000000000000000e+00 0.000000000000000000e+00
0.000000000000000000e+00 0.000000000000000000e+00 0.000000000000000000e+00 0.000000000000000000e+00
-6.147504811809939573e-01 -6.124105810151631024e-01 -6.148050367274108252e-01 -6.118954796432265475e-01
-5.900099956714970340e-01 -6.079973625801108339e-01 -6.140785087833834366e-01 -5.695327899999987897e-01
-5.568255969617060819e-01 -5.723675740331610751e-01 -5.939070707260160065e-01 -5.217030999999987539e-01
-4.685589999999993371e-01 -5.243576156146561029e-01 -5.258962580380353025e-01 -4.685589999999993371e-01
-4.129249435475151886e-01 -4.390754672902967282e-01 -4.321998101093007527e-01 -4.095099999999994300e-01
-3.443407794258563914e-01 -3.567229313349435937e-01 -3.582504783446012753e-01 -3.438999999999995949e-01
-2.709999999999995191e-01 -2.957859303569952414e-01 -3.381853047233348564e-01 -2.715227696932860368e-01
-2.473655871761212266e-01 -2.476972882532581799e-01 -2.446140141747621399e-01 -2.505718074213564850e-01
-2.342886642613160597e-01 -2.299568541948448785e-01 -2.303940347363328811e-01 -2.330345030728062650e-01
-2.319920928889272482e-01 -2.299568541948448785e-01 -2.256689733212260962e-01 -2.299568541948448785e-01
0.000000000000000000e+00 0.000000000000000000e+00 0.000000000000000000e+00 0.000000000000000000e+00
0.000000000000000000e+00 0.000000000000000000e+00 0.000000000000000000e+00 0.000000000000000000e+00
0.000000000000000000e+00 0.000000000000000000e+00 0.000000000000000000e+00 0.000000000000000000e+00
-4.095099999999994300e-01 -4.851378365626896061e-01 -4.557228910830888324e-01 -4.491739494778980157e-01
0.000000000000000000e+00 0.000000000000000000e+00 0.000000000000000000e+00 0.000000000000000000e+00
0.000000000000000000e+00 0.000000000000000000e+00 0.000000000000000000e+00 0.000000000000000000e+00
-1.899999999999998079e-01 -2.134656785792016231e-01 -1.983449186008673926e-01 -2.013385796969250630e-01
-2.103031256495362100e-01 -2.161448735109137709e-01 -2.146862700715929384e-01 -2.153483010308421541e-01
-2.222075828951387277e-01 -2.184573302954176677e-01 -2.210168025955283888e-01 -2.195073914053327635e-01
-2.221786406008534054e-01 -2.239248379856443316e-01 -2.282234120332101157e-01 -2.214938016081842431e-01
-3.325502449416398165e-01 -3.377179590160165334e-01 -3.377179590160165334e-01 -3.383963577362421593e-01
-3.387692848002031853e-01 -3.377179590160165334e-01 -3.377134376525977033e-01 -3.406512978371776801e-01
-3.364656120873841250e-01 -3.377179590160165334e-01 -3.415288757187333601e-01 -3.434941753154934774e-01
-3.438999999999995949e-01 -4.423167949706822699e-01 -3.566882022858268719e-01 -3.911042872404163484e-01
0.000000000000000000e+00 0.000000000000000000e+00 0.000000000000000000e+00 0.000000000000000000e+00
0.000000000000000000e+00 0.000000000000000000e+00 0.000000000000000000e+00 0.000000000000000000e+00
-9.999999999999992228e-02 -1.255018538523157423e-01 -1.131955711671552289e-01 -1.257077536812167828e-01
-1.738313761644133537e-01 -1.766815782423663550e-01 -1.738329045008144558e-01 -1.770386267014675830e-01
-1.988458519295460136e-01 -2.035027362355477931e-01 -2.019900389353055381e-01 -1.983694104609541597e-01
0.000000000000000000e+00 0.000000000000000000e+00 0.000000000000000000e+00 0.000000000000000000e+00
-3.311760502597340672e-01 -3.320873773308472554e-01 -3.310282414303197251e-01 -3.361195090190374213e-01
-3.371176932211518706e-01 -3.379842785933722671e-01 -3.320550802183749317e-01 -3.325663334492247603e-01
-3.242709509397168621e-01 -3.239073444254694234e-01 -3.286677970866437315e-01 -3.228762667223777361e-01
-3.038921328199779559e-01 -3.759084223538863845e-01 -3.245269137861474529e-01 -2.709999999999995191e-01
-2.541289337345568056e-01 -2.456667395524081976e-01 -2.721549944640326291e-01 -1.899999999999998079e-01
-2.093273598161731752e-01 -1.632199344002548680e-01 -1.975965210092584246e-01 -9.999999999999992228e-02
0.000000000000000000e+00 0.000000000000000000e+00 0.000000000000000000e+00 0.000000000000000000e+00
0.000000000000000000e+00 0.000000000000000000e+00 0.000000000000000000e+00 0.000000000000000000e+00
-1.974800465966248253e-01 -2.032997023035375272e-01 -1.983694104609541597e-01 -1.982599914718226330e-01
-1.983694104609541597e-01 -1.983694104609541597e-01 -1.985663646413908523e-01 -1.983694104609541597e-01
-3.310282414303197251e-01 -3.354011159005824139e-01 -3.310282414303197251e-01 -3.310282414303197251e-01
0.000000000000000000e+00 0.000000000000000000e+00 0.000000000000000000e+00 0.000000000000000000e+00
0.000000000000000000e+00 0.000000000000000000e+00 0.000000000000000000e+00 0.000000000000000000e+00
-2.676966303456025376e-01 -2.695671271287951587e-01 -2.676966303456025376e-01 -2.662895058154187700e-01
-2.299568541948448785e-01 -2.271519372614879684e-01 -2.325427437347729609e-01 -2.262760900014421095e-01
-1.738313761644133537e-01 -1.707713162506324656e-01 -1.708801112642978626e-01 -1.705647016671652527e-01
-9.561792499119553534e-02 -9.476652366972643238e-02 -1.017104536299450607e-01 -9.523050450219552876e-02
-9.561792499119553534e-02 -9.561792499119553534e-02 -9.599390944107610846e-02 -9.561792499119553534e-02
0.000000000000000000e+00 0.000000000000000000e+00 0.000000000000000000e+00 0.000000000000000000e+00
0.000000000000000000e+00 0.000000000000000000e+00 0.000000000000000000e+00 0.000000000000000000e+00
