0.000000000000000000e+00 0.000000000000000000e+00 0.000000000000000000e+00 0.000000000000000000e+00
-5.465231704430052559e+02 -5.465717553732789611e+02 -5.461760897210403982e+02 -5.463944947643708474e+02
0.000000000000000000e+00 0.000000000000000000e+00 0.000000000000000000e+00 0.000000000000000000e+00
-5.383009145276492973e+02 -5.376047453391461204e+02 -5.375000057668335103e+02 -5.386709942706693255e+02
-5.387549199962739976e+02 -5.363370407487363991e+02 -5.376570501240383919e+02 -5.390524880960645078e+02
-5.371838661314224055e+02 -5.363108302656487467e+02 -5.379406037811590977e+02 -5.388774464642790463e+02
-5.391677339921709518e+02 -5.385211891140430680e+02 -5.386326918864585878e+02 -5.381944941663857662e+02
0.000000000000000000e+00 0.000000000000000000e+00 0.000000000000000000e+00 0.000000000000000000e+00
-5.193501236905811993e+02 -5.191221914110325315e+02 -5.188394874052742125e+02 -5.203262399461585801e+02
-5.186849748161096159e+02 -5.183370592781357118e+02 -5.184525200349829674e+02 -5.183821955798432555e+02
-5.124940704969756098e+02 -5.112906857002154197e+02 -5.152373687451334945e+02 -5.136313021085984474e+02
0.000000000000000000e+00 0.000000000000000000e+00 0.000000000000000000e+00 0.000000000000000000e+00
-4.981645770944398350e+02 -4.973818968261570035e+02 -5.012464499728414467e+02 -5.011471575822711202e+02
-5.018346875893080892e+02 -4.997617988611665396e+02 -4.983451341770785916e+02 -4.989236018383812166e+02
-4.943230593952069967e+02 -4.977361383937656569e+02 -4.985985308051708671e+02 -4.983799466952827402e+02
-4.977060852721332367e+02 -4.980966693530907605e+02 -4.983015301708508673e+02 -4.964773360009000953e+02
-5.009298862168046185e+02 -4.985849376591655755e+02 -5.010291621525369692e+02 -4.979379531595768071e+02
0.000000000000000000e+00 0.000000000000000000e+00 0.000000000000000000e+00 0.000000000000000000e+00
0.000000000000000000e+00 0.000000000000000000e+00 0.000000000000000000e+00 0.000000000000000000e+00
-4.533394747684565118e+02 -4.499704989979777565e+02 -4.502661893253468861e+02 -4.505618796527160157e+02
-5.460238914274109447e+02 -5.456748766864318441e+02 -5.457834654223380539e+02 -5.458038094298196938e+02
-4.424166664226046919e+02 -5.455124892339740654e+02 -5.460317887061653437e+02 -5.457942725848756709e+02
-5.464016164707763892e+02 -5.464962316442805559e+02 -5.467421492611963458e+02 -5.466290084974732508e+02
0.000000000000000000e+00 0.000000000000000000e+00 0.000000000000000000e+00 0.000000000000000000e+00
0.000000000000000000e+00 0.000000000000000000e+00 0.000000000000000000e+00 0.000000000000000000e+00
-5.383807493030819842e+02 -5.359022922193777276e+02 -5.383132606952466404e+02 -5.378946215406177771e+02
-5.353535384789422551e+02 -5.384659162825541898e+02 -5.389945561879864044e+02 -5.382124372156063146e+02
0.000000000000000000e+00 0.000000000000000000e+00 0.000000000000000000e+00 0.000000000000000000e+00
-5.199579514397584035e+02 -5.189649736053612514e+02 -5.189764731919796077e+02 -5.195098060897303185e+02
0.000000000000000000e+00 0.000000000000000000e+00 0.000000000000000000e+00 0.000000000000000000e+00
-5.068247073227072406e+02 -5.129948283872361117e+02 -5.073420197310938420e+02 -5.084488571889561968e+02
-5.023481078801630133e+02 -5.023080377792506397e+02 -5.044579499764290631e+02 -5.040447359912843126e+02
-4.988823201551110742e+02 -5.003043118980066879e+02 -4.981183541757283137e+02 -4.975551780786871632e+02
-4.991319717281756425e+02 -4.960225702905206617e+02 -4.981661113128353122e+02 -4.955227976474959632e+02
-4.944959164304914339e+02 -4.916499238087434946e+02 -4.954533207206054612e+02 -4.940950167828499389e+02
-4.971873696967991236e+02 -4.957819361466435453e+02 -4.979695229015268296e+02 -4.925535051596226594e+02
0.000000000000000000e+00 0.000000000000000000e+00 0.000000000000000000e+00 0.000000000000000000e+00
-4.561869675963857844e+02 -4.526115586448440808e+02 -4.541073458997124135e+02 -4.746955971132765058e+02
-4.520052540666963523e+02 -4.523009443940654251e+02 -4.527517363794245284e+02 -4.733524413769671924e+02
-4.688497707200115769e+02 -4.502049652367692261e+02 -4.526939685861788121e+02 -4.483345871576640889e+02
-5.378866108677693774e+02 -5.455289651739824421e+02 -5.459362575511653404e+02 -3.879807178906498848e+02
-5.107865318513432840e+01 -5.360310712920503420e+02 -5.204563782606654740e+02 -4.757379845310508699e+02
0.000000000000000000e+00 0.000000000000000000e+00 0.000000000000000000e+00 0.000000000000000000e+00
0.000000000000000000e+00 0.000000000000000000e+00 0.000000000000000000e+00 0.000000000000000000e+00
-5.349840573521692022e+02 -5.361497386820230986e+02 -5.362709865620114442e+02 -5.366790916409210013e+02
-5.363297651720251906e+02 -5.361443110626699990e+02 -5.359687721880011395e+02 -5.353623609001723480e+02
0.000000000000000000e+00 0.000000000000000000e+00 0.000000000000000000e+00 0.000000000000000000e+00
0.000000000000000000e+00 0.000000000000000000e+00 0.000000000000000000e+00 0.000000000000000000e+00
-5.190074120211045283e+02 -5.216985342344177070e+02 -5.214202942151678144e+02 -5.187578147492641847e+02
-5.235096814702244501e+02 -5.234322108712406134e+02 -5.233930519104818586e+02 -5.227913585923207620e+02
0.000000000000000000e+00 0.000000000000000000e+00 0.000000000000000000e+00 0.000000000000000000e+00
0.000000000000000000e+00 0.000000000000000000e+00 0.000000000000000000e+00 0.000000000000000000e+00
-4.940081487370398463e+02 -4.959936187084725816e+02 -4.956560881272521897e+02 -4.967536476421071256e+02
-4.954805299785106172e+02 -4.951346040346619475e+02 -4.944416718144055949e+02 -4.978027670311197426e+02
-4.942059057837396949e+02 -4.925128588444257502e+02 -4.943747534578109821e+02 -4.939869296657459472e+02
0.000000000000000000e+00 0.000000000000000000e+00 0.000000000000000000e+00 0.000000000000000000e+00
0.000000000000000000e+00 0.000000000000000000e+00 0.000000000000000000e+00 0.000000000000000000e+00
-4.571205825273847267e+02 -4.756617343121062049e+02 -4.550605960128977472e+02 -4.553659906499393628e+02
0.000000000000000000e+00 0.000000000000000000e+00 0.000000000000000000e+00 0.000000000000000000e+00
-4.612141702055629366e+02 -4.477734847785968668e+02 -4.458151961766430986e+02 -4.463386206652105557e+02
0.000000000000000000e+00 0.000000000000000000e+00 0.000000000000000000e+00 0.000000000000000000e+00
-5.153199602426433046e+01 -4.480035329946314846e+02 -4.279155947543550838e+02 -3.970634814915262041e+02
0.000000000000000000e+00 0.000000000000000000e+00 0.000000000000000000e+00 0.000000000000000000e+00
0.000000000000000000e+00 0.000000000000000000e+00 0.000000000000000000e+00 0.000000000000000000e+00
-5.313340962203229765e+02 -5.349610271234197398e+02 -5.341917163355839193e+02 -5.335484002106768457e+02
-5.340664464768755124e+02 -5.336531783388102212e+02 -5.338771278962564111e+02 -5.327775395625131978e+02
0.000000000000000000e+00 0.000000000000000000e+00 0.000000000000000000e+00 0.000000000000000000e+00
-5.194685211331112669e+02 -5.215464422880698976e+02 -5.184039806517179159e+02 -5.218746666660117626e+02
-5.176237024671927429e+02 -5.205114061783162924e+02 -5.175111027155976444e+02 -5.192399447508180401e+02
0.000000000000000000e+00 0.000000000000000000e+00 0.000000000000000000e+00 0.000000000000000000e+00
0.000000000000000000e+00 0.000000000000000000e+00 0.000000000000000000e+00 0.000000000000000000e+00
-4.968059905451790996e+02 -4.944257198843723131e+02 -4.946858751230435018e+02 -5.093549944157086884e+02
-4.925938407676910629e+02 -4.922821204751385835e+02 -4.935757556554793837e+02 -5.057973117261236666e+02
-5.016415059970084940e+02 -4.926890990002504509e+02 -4.954327087774752272e+02 -5.001577276500354401e+02
-4.916583151538472407e+02 -4.879335931251978309e+02 -5.004438037520775424e+02 -4.896067195935788732e+02
-4.815068152571503788e+02 -4.856387525934671316e+02 -4.863505184012027485e+02 -4.911593337513197639e+02
-4.675605130774911800e+02 -4.673549533440469759e+02 -4.719684006071641988e+02 -4.802654936538627339e+02
-4.760806607800627148e+02 -4.765596133184739642e+02 -4.580182763411053202e+02 -4.690448397523837230e+02
-4.605761103050556358e+02 -4.367921966019929982e+02 -4.687660154557005399e+02 -4.419581497000550598e+02
-4.493074904321237000e+02 -4.402861375991997761e+02 -4.369776325450403078e+02 -4.394080890243063209e+02
0.000000000000000000e+00 0.000000000000000000e+00 0.000000000000000000e+00 0.000000000000000000e+00
-5.189890980756057814e+01 -4.214114121976354568e+02 -4.387708750211094184e+02 -5.386805468897421179e+02
0.000000000000000000e+00 0.000000000000000000e+00 0.000000000000000000e+00 0.000000000000000000e+00
0.000000000000000000e+00 0.000000000000000000e+00 0.000000000000000000e+00 0.000000000000000000e+00
-5.311267976837978040e+02 -5.300652623881851468e+02 -5.285280058335110880e+02 -5.313580675848145347e+02
-5.304298426323551894e+02 -5.313624112790462277e+02 -5.300327644672286169e+02 -5.316374034655869991e+02
-5.257963658801025986e+02 -5.254344784715051446e+02 -5.277301472589177820e+02 -5.285395801695126465e+02
-5.213548535455956880e+02 -5.234038911237521461e+02 -5.228434247049025316e+02 -5.201112253451472043e+02
-5.138276523941051437e+02 -5.137914423565248399e+02 -5.171187271952385345e+02 -5.160193376617980903e+02
-5.161500082941745404e+02 -5.158611548693883151e+02 -4.986030529623624830e+02 -5.178492165855039957e+02
-4.936118032438045589e+02 -4.932955602360828493e+02 -5.016087605065239359e+02 -5.148144842022491048e+02
-4.969835620689672737e+02 -5.113248823253563842e+02 -4.972415159299573020e+02 -4.929447237999345361e+02
-4.874447785479349022e+02 -4.919589466735334327e+02 -4.911810238666361670e+02 -4.876775762124672724e+02
-4.912930263413803686e+02 -4.890786301214520222e+02 -4.928164295137821682e+02 -4.996383309275433930e+02
-4.877662862385017206e+02 -4.886545151373499039e+02 -4.906704274658300733e+02 -4.966595752857228376e+02
-4.908878177129682854e+02 -4.962386928453532846e+02 -4.855125389375614304e+02 -4.813008398392107665e+02
0.000000000000000000e+00 0.000000000000000000e+00 0.000000000000000000e+00 0.000000000000000000e+00
-4.467523688126861998e+02 -4.785018586371410265e+02 -4.781377726396214030e+02 -4.784486026377775829e+02
0.000000000000000000e+00 0.000000000000000000e+00 0.000000000000000000e+00 0.000000000000000000e+00
-4.335721968647612243e+02 -4.259046058571095728e+02 -4.195153818485480883e+02 -4.234349649062914409e+02
0.000000000000000000e+00 0.000000000000000000e+00 0.000000000000000000e+00 0.000000000000000000e+00
-5.217773159867499544e+01 -4.841716536660143220e+02 -4.745302032247727198e+02 -5.320218984611286714e+02
-5.308272088859583846e+02 -5.301830785072758090e+02 -5.307897356446910635e+02 -5.281804654468610352e+02
-5.301783401219472580e+02 -5.311068576254263007e+02 -5.290962506672250356e+02 -5.317383834257391300e+02
-5.297687614682905632e+02 -5.310086260492610108e+02 -5.299268038416290665e+02 -5.313001052164236171e+02
-5.281244735775678691e+02 -5.314591301141779240e+02 -5.309223279722762072e+02 -5.298676406035669970e+02
0.000000000000000000e+00 0.000000000000000000e+00 0.000000000000000000e+00 0.000000000000000000e+00
-5.230487318958245169e+02 -5.233135654967611572e+02 -5.204217858050994892e+02 -5.234118315432923509e+02
0.000000000000000000e+00 0.000000000000000000e+00 0.000000000000000000e+00 0.000000000000000000e+00
0.000000000000000000e+00 0.000000000000000000e+00 0.000000000000000000e+00 0.000000000000000000e+00
0.000000000000000000e+00 0.000000000000000000e+00 0.000000000000000000e+00 0.000000000000000000e+00
0.000000000000000000e+00 0.000000000000000000e+00 0.000000000000000000e+00 0.000000000000000000e+00
-4.767674594304140783e+02 -4.829920285848976391e+02 -4.737110320017516756e+02 -4.739911165699347748e+02
0.000000000000000000e+00 0.000000000000000000e+00 0.000000000000000000e+00 0.000000000000000000e+00
0.000000000000000000e+00 0.000000000000000000e+00 0.000000000000000000e+00 0.000000000000000000e+00
-4.901292094552668459e+02 -4.970706145677613677e+02 -4.803662202295759585e+02 -4.917950662087548608e+02
0.000000000000000000e+00 0.000000000000000000e+00 0.000000000000000000e+00 0.000000000000000000e+00
-4.465019837049686657e+02 -4.499391345257906778e+02 -4.236519166263273632e+02 -4.239232585731836025e+02
0.000000000000000000e+00 0.000000000000000000e+00 0.000000000000000000e+00 0.000000000000000000e+00
-4.233628250512801401e+02 -4.066009356131526715e+02 -4.186175267297715550e+02 -4.188645496038009810e+02
-5.289474553737862834e+02 -5.288199971848732730e+02 -5.241825052306619455e+02 -4.191067174196571727e+02
-5.236564961281284525e+01 -3.649052482136783055e+02 -5.174009749048708500e+02 -5.161751178918482310e+02
-5.285703546604858047e+02 -5.273598020473143606e+02 -3.901618252848994075e+02 -5.285296281747126841e+02
-5.303640163537671697e+02 -5.311582468755424316e+02 -5.286152727692411872e+02 -5.304649492106530033e+02
-5.299762931895587599e+02 -5.293994033236530186e+02 -5.311229748082535025e+02 -5.296671587472994815e+02
-5.291949341115399648e+02 -5.283802057136749681e+02 -5.297791401815153449e+02 -5.293439001961731947e+02
0.000000000000000000e+00 0.000000000000000000e+00 0.000000000000000000e+00 0.000000000000000000e+00
-5.230284356384328248e+02 -5.245897537595013773e+02 -5.247027629240776605e+02 -5.229744770944250831e+02
0.000000000000000000e+00 0.000000000000000000e+00 0.000000000000000000e+00 0.000000000000000000e+00
-4.334723916021592913e+02 -4.304880823091428965e+02 -4.067175423853350935e+02 -4.321176580225640578e+02
-4.398023464237985536e+02 -4.377551256420693448e+02 -4.365289188055725731e+02 -4.438665656028042577e+02
-4.472669604145103790e+02 -4.464674456973719430e+02 -4.487781617531787788e+02 -4.570252963999901112e+02
-4.653873191541110828e+02 -4.713200686142964742e+02 -4.635773940553652892e+02 -4.632685092470250083e+02
-4.605223024587206737e+02 -4.656843347750866542e+02 -4.681542551793442613e+02 -4.656168740845867546e+02
-4.673384479492348191e+02 -4.830819720480754995e+02 -4.680487178691109307e+02 -4.865905433373351912e+02
-4.896650291465415421e+02 -4.923569983324293844e+02 -4.862431738842977893e+02 -4.871759611676416171e+02
-4.903145674273328041e+02 -4.825514924935188787e+02 -4.932453367573066316e+02 -4.798505948183919259e+02
0.000000000000000000e+00 0.000000000000000000e+00 0.000000000000000000e+00 0.000000000000000000e+00
-3.968238211171735088e+02 -3.776302100165639786e+02 -3.778576976383494639e+02 -3.806962790537102137e+02
-3.911398890864374494e+02 -3.966523762923245044e+02 -4.048483206934601526e+02 -3.905182753997929694e+02
-5.280877732079217139e+02 -5.283729184832985766e+02 -5.281250657723372797e+02 -3.827186737834535393e+02
-4.365327316391433783e+02 -4.769880853435456629e+02 -5.057425214706655083e+02 -5.245797180787188552e+01
-5.244793558807583622e+01 -5.171742206263519392e+02 -3.989015267377120608e+02 -5.118012494092253633e+02
0.000000000000000000e+00 0.000000000000000000e+00 0.000000000000000000e+00 0.000000000000000000e+00
0.000000000000000000e+00 0.000000000000000000e+00 0.000000000000000000e+00 0.000000000000000000e+00
0.000000000000000000e+00 0.000000000000000000e+00 0.000000000000000000e+00 0.000000000000000000e+00
0.000000000000000000e+00 0.000000000000000000e+00 0.000000000000000000e+00 0.000000000000000000e+00
0.000000000000000000e+00 0.000000000000000000e+00 0.000000000000000000e+00 0.000000000000000000e+00
0.000000000000000000e+00 0.000000000000000000e+00 0.000000000000000000e+00 0.000000000000000000e+00
-4.228941438366552461e+02 -4.290403870852579757e+02 -4.296521313019549098e+02 -4.337615458872644467e+02
-4.362992150837870895e+02 -4.367282617414546735e+02 -4.387004060102578933e+02 -4.367787764444745449e+02
-4.434422768118729437e+02 -4.447116543971410465e+02 -4.417529362514838454e+02 -4.410942351076421915e+02
0.000000000000000000e+00 0.000000000000000000e+00 0.000000000000000000e+00 0.000000000000000000e+00
-4.629560121152643433e+02 -4.667162126624549501e+02 -4.536262443143920109e+02 -4.585582545934046266e+02
0.000000000000000000e+00 0.000000000000000000e+00 0.000000000000000000e+00 0.000000000000000000e+00
0.000000000000000000e+00 0.000000000000000000e+00 0.000000000000000000e+00 0.000000000000000000e+00
-4.848135745697749712e+02 -4.959051357934696398e+02 -4.907045019724520785e+02 -4.920638116411665237e+02
0.000000000000000000e+00 0.000000000000000000e+00 0.000000000000000000e+00 0.000000000000000000e+00
-3.781135309929596815e+02 -3.737998463435512235e+02 -3.798851732997731006e+02 -3.800930865401260803e+02
0.000000000000000000e+00 0.000000000000000000e+00 0.000000000000000000e+00 0.000000000000000000e+00
0.000000000000000000e+00 0.000000000000000000e+00 0.000000000000000000e+00 0.000000000000000000e+00
0.000000000000000000e+00 0.000000000000000000e+00 0.000000000000000000e+00 0.000000000000000000e+00
-5.232729947005370974e+01 -4.712030627790687731e+02 -3.575545173273413297e+02 -3.574136884090503372e+02
0.000000000000000000e+00 0.000000000000000000e+00 0.000000000000000000e+00 0.000000000000000000e+00
0.000000000000000000e+00 0.000000000000000000e+00 0.000000000000000000e+00 0.000000000000000000e+00
-4.756961874898823908e+02 -4.703861647976141285e+02 -4.740173064052747804e+02 -4.664150992464352612e+02
-4.536122398696066966e+02 -4.657333858427682571e+02 -4.719331796212971994e+02 -4.700339411061203805e+02
-4.724602105472382618e+02 -4.727364631034673152e+02 -4.730671591318559877e+02 -4.704679467586894930e+02
0.000000000000000000e+00 0.000000000000000000e+00 0.000000000000000000e+00 0.000000000000000000e+00
-4.011835362311414315e+02 -4.184245428431402729e+02 -4.117430784959828429e+02 -4.119998543471385801e+02
0.000000000000000000e+00 0.000000000000000000e+00 0.000000000000000000e+00 0.000000000000000000e+00
0.000000000000000000e+00 0.000000000000000000e+00 0.000000000000000000e+00 0.000000000000000000e+00
0.000000000000000000e+00 0.000000000000000000e+00 0.000000000000000000e+00 0.000000000000000000e+00
0.000000000000000000e+00 0.000000000000000000e+00 0.000000000000000000e+00 0.000000000000000000e+00
0.000000000000000000e+00 0.000000000000000000e+00 0.000000000000000000e+00 0.000000000000000000e+00
0.000000000000000000e+00 0.000000000000000000e+00 0.000000000000000000e+00 0.000000000000000000e+00
0.000000000000000000e+00 0.000000000000000000e+00 0.000000000000000000e+00 0.000000000000000000e+00
0.000000000000000000e+00 0.000000000000000000e+00 0.000000000000000000e+00 0.000000000000000000e+00
-3.552985854970618220e+02 -3.526254363551868778e+02 -3.497477572909446053e+02 -3.466876728419889560e+02
0.000000000000000000e+00 0.000000000000000000e+00 0.000000000000000000e+00 0.000000000000000000e+00
-5.091714092837921726e+02 -5.092973595090984418e+02 -5.090058021455591302e+02 -5.091179894918058153e+02
-4.991370664061198568e+02 -5.045253532168802053e+02 -5.046157834274195011e+02 -5.049674927179878523e+02
-5.208709508950346390e+01 -4.999556288759051768e+02 -5.053419633924287950e+02 -3.556872961958715678e+02
0.000000000000000000e+00 0.000000000000000000e+00 0.000000000000000000e+00 0.000000000000000000e+00
0.000000000000000000e+00 0.000000000000000000e+00 0.000000000000000000e+00 0.000000000000000000e+00
-4.794758939897342316e+02 -4.702910409397154012e+02 -4.782194172278696556e+02 -4.784106062584123720e+02
0.000000000000000000e+00 0.000000000000000000e+00 0.000000000000000000e+00 0.000000000000000000e+00
0.000000000000000000e+00 0.000000000000000000e+00 0.000000000000000000e+00 0.000000000000000000e+00
-3.756266527359879319e+02 -3.710881361838293060e+02 -3.713058415109418320e+02 -3.748238232095895910e+02
-3.889129801500915846e+02 -3.953847937441031490e+02 -3.783732208053148156e+02 -3.789906706075154830e+02
-3.711538213650233047e+02 -3.713340754034499582e+02 -3.701950536361482591e+02 -3.691508987715006924e+02
-3.614544087489868502e+02 -3.527383235898754492e+02 -3.633445563523164310e+02 -3.526155248840323679e+02
-3.375654779599439621e+02 -3.378230235268966339e+02 -3.422312897503002773e+02 -3.411251450261063383e+02
-3.275347852852416963e+02 -3.266229691151490329e+02 -3.306938463739169265e+02 -3.299413191171261701e+02
-3.177601332705027630e+02 -3.186766944752430391e+02 -3.167019938857217767e+02 -3.173837710842256001e+02
-2.981500634320133827e+02 -3.001113272550102806e+02 -2.999821985317517488e+02 -2.994107684363610247e+02
-2.796085154207253254e+02 -2.825548537698983864e+02 -2.800626414910252606e+02 -2.836094619041296028e+02
-2.858575035496333498e+02 -2.884975202905606011e+02 -3.072369817308805295e+02 -2.912529299401007847e+02
-3.231960576270361116e+02 -3.252670250660959255e+02 -3.258910567373276308e+02 -3.242234507494437139e+02
-3.243390553737239088e+02 -3.245573550250799144e+02 -3.291287274852376186e+02 -3.250999289672420787e+02
0.000000000000000000e+00 0.000000000000000000e+00 0.000000000000000000e+00 0.000000000000000000e+00
-5.011749634212550291e+02 -5.012138601986394519e+02 -5.014297834669118288e+02 -3.511329711899288668e+02
-5.171854374286837697e+01 -4.135141755272002229e+02 -4.783324243172043566e+02 -4.958082876294499783e+02
-4.919355339692160101e+02 -4.934194023946562879e+02 -4.934231841249492163e+02 -4.900617963761142164e+02
-4.901003542854014086e+02 -4.807929962063017229e+02 -4.914869646720346736e+02 -4.760614974659877134e+02
-4.573229944437040331e+02 -4.740556636241832393e+02 -4.782373379417570050e+02 -4.600844774355139748e+02
0.000000000000000000e+00 0.000000000000000000e+00 0.000000000000000000e+00 0.000000000000000000e+00
0.000000000000000000e+00 0.000000000000000000e+00 0.000000000000000000e+00 0.000000000000000000e+00
-3.712502997947399308e+02 -3.702284002430850478e+02 -3.688230597825940436e+02 -3.690309730229471370e+02
0.000000000000000000e+00 0.000000000000000000e+00 0.000000000000000000e+00 0.000000000000000000e+00
0.000000000000000000e+00 0.000000000000000000e+00 0.000000000000000000e+00 0.000000000000000000e+00
0.000000000000000000e+00 0.000000000000000000e+00 0.000000000000000000e+00 0.000000000000000000e+00
0.000000000000000000e+00 0.000000000000000000e+00 0.000000000000000000e+00 0.000000000000000000e+00
0.000000000000000000e+00 0.000000000000000000e+00 0.000000000000000000e+00 0.000000000000000000e+00
0.000000000000000000e+00 0.000000000000000000e+00 0.000000000000000000e+00 0.000000000000000000e+00
0.000000000000000000e+00 0.000000000000000000e+00 0.000000000000000000e+00 0.000000000000000000e+00
-2.456759467260105509e+02 -2.547931336639923359e+02 -2.535142483495272643e+02 -2.549764361657559562e+02
-2.722831748325786521e+02 -2.768130704017441985e+02 -2.595190357673271251e+02 -2.698814909329663578e+02
0.000000000000000000e+00 0.000000000000000000e+00 0.000000000000000000e+00 0.000000000000000000e+00
0.000000000000000000e+00 0.000000000000000000e+00 0.000000000000000000e+00 0.000000000000000000e+00
-4.639145386050997217e+02 -4.650070360053741183e+02 -4.650278484470022136e+02 -4.649561104218840910e+02
0.000000000000000000e+00 0.000000000000000000e+00 0.000000000000000000e+00 0.000000000000000000e+00
-5.121471871251289798e+01 -4.876559345709573563e+02 -3.663979788461438147e+02 -4.417012778034271605e+02
0.000000000000000000e+00 0.000000000000000000e+00 0.000000000000000000e+00 0.000000000000000000e+00
0.000000000000000000e+00 0.000000000000000000e+00 0.000000000000000000e+00 0.000000000000000000e+00
-4.480724196801734820e+02 -4.532167794682794693e+02 -4.493840230139962841e+02 -4.492004072529179552e+02
0.000000000000000000e+00 0.000000000000000000e+00 0.000000000000000000e+00 0.000000000000000000e+00
0.000000000000000000e+00 0.000000000000000000e+00 0.000000000000000000e+00 0.000000000000000000e+00
-3.678617842075232716e+02 -3.650777875551974034e+02 -3.677432214172019940e+02 -3.679511346575549737e+02
0.000000000000000000e+00 0.000000000000000000e+00 0.000000000000000000e+00 0.000000000000000000e+00
-2.362524770895182940e+02 -2.399980167561624000e+02 -2.401371103861723668e+02 -2.409312741441205787e+02
-2.325411474370367273e+02 -2.326703702898994948e+02 -2.360165962634204107e+02 -2.383171059769954638e+02
-2.341078887773676342e+02 -2.327044800243915574e+02 -2.325489397397081177e+02 -2.328732255084742064e+02
0.000000000000000000e+00 0.000000000000000000e+00 0.000000000000000000e+00 0.000000000000000000e+00
-1.501567857917768549e+02 -1.486683288123251714e+02 -1.487579696510664462e+02 -1.488476104898076926e+02
0.000000000000000000e+00 0.000000000000000000e+00 0.000000000000000000e+00 0.000000000000000000e+00
-2.061872718937657680e+02 -2.136998759461843349e+02 -2.122276283828483088e+02 -2.103848416254339782e+02
0.000000000000000000e+00 0.000000000000000000e+00 0.000000000000000000e+00 0.000000000000000000e+00
0.000000000000000000e+00 0.000000000000000000e+00 0.000000000000000000e+00 0.000000000000000000e+00
-1.679083121830094569e+02 -1.668680596230195761e+02 -1.674039922991686353e+02 -1.677600051352378046e+02
-4.625725438359475561e+02 -4.634829687250648931e+02 -4.596585633113953691e+02 -3.864566092130908146e+02
-4.979196356234564291e+01 -2.937883377535999330e+02 -4.582358577422883172e+02 -3.241087374026085399e+02
-3.555385588385317419e+02 -4.791161397734789489e+02 -5.057216720501668306e+01 -4.646298325214062857e+02
-4.547201790188399855e+02 -4.580619746360897011e+02 -4.609145802458477306e+02 -4.578627368996318978e+02
0.000000000000000000e+00 0.000000000000000000e+00 0.000000000000000000e+00 0.000000000000000000e+00
-4.422758942528506623e+02 -4.438734523081378711e+02 -4.443252767593752424e+02 -4.442798433309268376e+02
0.000000000000000000e+00 0.000000000000000000e+00 0.000000000000000000e+00 0.000000000000000000e+00
-3.585708713104277194e+02 -3.587413956129653343e+02 -3.589572034654836443e+02 -3.592221223808033415e+02
-3.583902547823312830e+02 -3.611797553400922425e+02 -3.584798908699258391e+02 -3.594130476055380541e+02
0.000000000000000000e+00 0.000000000000000000e+00 0.000000000000000000e+00 0.000000000000000000e+00
-1.781913848895358115e+02 -2.398044956799009242e+02 -2.342059185352869122e+02 -2.342919512517759415e+02
0.000000000000000000e+00 0.000000000000000000e+00 0.000000000000000000e+00 0.000000000000000000e+00
-1.696235220027095920e+02 -2.280742804743757119e+02 -2.262855665179584719e+02 -2.264147893708212962e+02
0.000000000000000000e+00 0.000000000000000000e+00 0.000000000000000000e+00 0.000000000000000000e+00
-1.428120217306812663e+02 -1.465663135091145648e+02 -1.465978728412122223e+02 -1.472764009906060210e+02
-1.515987924033249783e+02 -1.518072105628104396e+02 -1.557614343604861347e+02 -1.514672886375045948e+02
-1.564010788138074872e+02 -1.604211765071266029e+02 -1.591802448101090306e+02 -1.585880774484484732e+02
-1.568520266034022939e+02 -1.569614782501068362e+02 -1.617911155310760876e+02 -1.574528698553178572e+02
-1.601307015327482191e+02 -1.602500437278061725e+02 -1.616391495038594712e+02 -1.607688144539251596e+02
-1.610324349138752780e+02 -1.657631760935743728e+02 -1.653196625385230050e+02 -1.646184483715990723e+02
-4.784962774186661250e+01 -4.612307871400071804e+02 -4.105291767577342057e+02 -3.762848160635618910e+02
-4.187902091494989918e+02 -3.217023131450558822e+02 -4.888086547895776590e+01 -4.204418482897916078e+02
0.000000000000000000e+00 0.000000000000000000e+00 0.000000000000000000e+00 0.000000000000000000e+00
-4.498425714799319053e+02 -4.493943206416812473e+02 -4.490579160240291685e+02 -4.455655569408696124e+02
-4.430252051785294043e+02 -4.412460984041586585e+02 -4.450278659289692769e+02 -4.358849499853672569e+02
-3.979987345886076469e+02 -4.372206987573985089e+02 -4.392346732881637195e+02 -4.377924044734184008e+02
-4.361380295635054836e+02 -4.400182418613112532e+02 -4.401594994722740921e+02 -4.388790149536631588e+02
0.000000000000000000e+00 0.000000000000000000e+00 0.000000000000000000e+00 0.000000000000000000e+00
-2.787061004197080365e+02 -3.520064167171069016e+02 -3.362692617016418808e+02 -3.364477398311274783e+02
0.000000000000000000e+00 0.000000000000000000e+00 0.000000000000000000e+00 0.000000000000000000e+00
-1.770412431122232135e+02 -2.300527378370337033e+02 -2.318085985085812695e+02 -2.194518070114476771e+01
-2.179786667107130427e+02 -2.195962038892509440e+02 -1.717987232147796419e+02 -1.920247696647238911e+01
-1.635057469580516099e+01 -2.170259686139690700e+02 -1.975606371736494680e+02 -1.470161049516700018e+02
0.000000000000000000e+00 0.000000000000000000e+00 0.000000000000000000e+00 0.000000000000000000e+00
-8.254250199225725737e+01 -1.365256322789900310e+02 -1.361813678593206305e+02 -1.359241156049355652e+02
0.000000000000000000e+00 0.000000000000000000e+00 0.000000000000000000e+00 0.000000000000000000e+00
-9.783198113000040053e+01 -7.765775329497584778e+01 -7.827780346790683552e+01 -7.832770356785682964e+01
0.000000000000000000e+00 0.000000000000000000e+00 0.000000000000000000e+00 0.000000000000000000e+00
0.000000000000000000e+00 0.000000000000000000e+00 0.000000000000000000e+00 0.000000000000000000e+00
0.000000000000000000e+00 0.000000000000000000e+00 0.000000000000000000e+00 0.000000000000000000e+00
-4.605107755703868406e+02 -3.826475836364286920e+02 -3.489053292123049914e+02 -4.670698051013866348e+01
-3.171420721188046059e+02 -3.167587627959712790e+02 -3.805381559139071896e+02 -4.545738640073615500e+01
-4.534962264689216340e+02 -4.476323636899052758e+02 -3.842990885107076906e+02 -4.410641500990063690e+01
-4.266104257588855830e+01 -4.490886207094392830e+02 -3.880716523758781591e+02 -4.431355629326023404e+02
0.000000000000000000e+00 0.000000000000000000e+00 0.000000000000000000e+00 0.000000000000000000e+00
-2.554622719436199247e+02 -4.256456850345624616e+02 -4.257495980395209472e+02 -4.256614129785583032e+02
0.000000000000000000e+00 0.000000000000000000e+00 0.000000000000000000e+00 0.000000000000000000e+00
-3.453719706474356030e+02 -3.466062754244658777e+02 -3.449382868396349409e+02 -2.170865855549675416e+02
-3.205303519721073826e+02 -3.254005969316909841e+02 -3.190793366783689180e+02 -2.944216185163952559e+01
-2.376906460598945046e+02 -2.379573487950670767e+02 -2.401416331072907155e+02 -2.706754253469246407e+01
-2.430889374676543753e+02 -2.456819383774688959e+01 -2.055749755317215488e+02 -2.278183276324546114e+02
-2.196388911499981305e+02 -1.150593536281961775e+02 -2.240211428740262249e+02 -2.190776846390223795e+02
-2.016171064602208105e+02 -1.169451926182107684e+02 -1.888506044171298015e+02 -1.338690848536541367e+01
-1.782005043626319321e+02 -1.325523508309651675e+02 -1.222865571518426719e+02 -1.025713203143700980e+01
-1.178391183542593694e+02 -1.217425371226153601e+02 -9.933472151802961037e+01 -6.984244115681959464e+00
-6.785290257748854970e+01 -5.140966790470680081e+01 -4.943496741346510248e+01 -3.563334688730954269e+00
0.000000000000000000e+00 0.000000000000000000e+00 0.000000000000000000e+00 0.000000000000000000e+00
-5.891304557967461619e+01 -5.594448000000333820e+01 -3.178957273700161323e+01 -5.451105725591044404e+01
-5.522635439691043047e+01 -5.913477425434876977e+01 -5.831142588422117967e+01 -5.536595499641065032e+01
0.000000000000000000e+00 0.000000000000000000e+00 0.000000000000000000e+00 0.000000000000000000e+00
-4.618100482106899562e+02 -4.619996540328590982e+02 -4.617905912617666786e+02 -4.618948632387169368e+02
0.000000000000000000e+00 0.000000000000000000e+00 0.000000000000000000e+00 0.000000000000000000e+00
0.000000000000000000e+00 0.000000000000000000e+00 0.000000000000000000e+00 0.000000000000000000e+00
-4.308183539094947605e+02 -3.683868912751411813e+02 -2.821647117540125009e+02 -4.111997407711798047e+01
-4.008370119708568495e+02 -3.845111810414076103e+02 -3.909033527856520323e+02 -3.946965939811543933e+01
-4.040923968889537150e+02 -4.085581528286951425e+02 -2.620582723017179205e+02 -3.770547229484057539e+01
-3.207650062519571179e+02 -3.207986898725678202e+02 -3.183492374066917705e+02 -3.582249588408195251e+01
-3.571255847877158089e+02 -3.433366791701257057e+02 -3.303832758879045741e+02 -3.381824484258951458e+01
-2.380369378264014983e+02 -3.169208424373952937e+01 -2.873601133891534118e+02 -2.394020023522538452e+02
0.000000000000000000e+00 0.000000000000000000e+00 0.000000000000000000e+00 0.000000000000000000e+00
-2.263576824580380844e+02 -2.043541590910000423e+02 -2.261242470529961679e+02 -2.245122429004291860e+02
-2.172873934851614877e+02 -2.161402367747260200e+02 -2.140476945142793284e+02 -2.150985431340837124e+02
-1.978853867867443341e+02 -1.800892909174758643e+02 -2.050447227189362991e+02 -2.014383896320906047e+02
-1.817738092207570730e+02 -1.887558747685426965e+02 -1.876746324832071764e+02 -1.895848254846219163e+02
0.000000000000000000e+00 0.000000000000000000e+00 0.000000000000000000e+00 0.000000000000000000e+00
0.000000000000000000e+00 0.000000000000000000e+00 0.000000000000000000e+00 0.000000000000000000e+00
0.000000000000000000e+00 0.000000000000000000e+00 0.000000000000000000e+00 0.000000000000000000e+00
-9.590511111176664372e+01 -7.378367815606885927e+01 -9.608200539487023661e+01 -9.614185559472028331e+01
0.000000000000000000e+00 0.000000000000000000e+00 0.000000000000000000e+00 0.000000000000000000e+00
0.000000000000000000e+00 0.000000000000000000e+00 0.000000000000000000e+00 0.000000000000000000e+00
0.000000000000000000e+00 0.000000000000000000e+00 0.000000000000000000e+00 0.000000000000000000e+00
0.000000000000000000e+00 0.000000000000000000e+00 0.000000000000000000e+00 0.000000000000000000e+00
-4.305521168853279050e+02 -4.307740791202670607e+02 -4.306804364196600545e+02 -4.305934049423875649e+02
-4.279687026571645561e+02 -4.300189161395328483e+02 -4.282675992134223293e+02 -4.074064519107785145e+02
-4.253560577087816341e+02 -2.548490178971891282e+02 -4.260762215027121442e+02 -4.252977269004210825e+02
-4.224006160628075008e+02 -3.191045889742454165e+02 -4.223454980697342194e+02 -4.223924349255032098e+02
0.000000000000000000e+00 0.000000000000000000e+00 0.000000000000000000e+00 0.000000000000000000e+00
-3.656476060463260183e+02 -3.034234196110906510e+02 -3.655811283314190518e+02 -3.654077566903019942e+02
0.000000000000000000e+00 0.000000000000000000e+00 0.000000000000000000e+00 0.000000000000000000e+00
0.000000000000000000e+00 0.000000000000000000e+00 0.000000000000000000e+00 0.000000000000000000e+00
-2.216813052397444892e+02 -2.183855005835251575e+02 -2.196220614060216576e+02 -2.214687769591359370e+02
-2.167797127160057187e+02 -2.216030988467283009e+02 -2.193345097181562835e+02 -2.210304790164647954e+02
0.000000000000000000e+00 0.000000000000000000e+00 0.000000000000000000e+00 0.000000000000000000e+00
-1.791363426112415027e+02 -1.830829652999693167e+02 -1.829211134069871605e+02 -1.774887075957126683e+02
-1.757387511077313604e+02 -1.755321165245889006e+02 -1.756743638200130704e+02 -1.723226249093635545e+02
-1.697338371134849524e+02 -1.693505759206022390e+02 -1.692338904676562663e+02 -1.612945808512533574e+02
-1.547298522124060298e+02 -1.548491944074639264e+02 -1.553880280387325570e+02 -1.399436676079289441e+02
-1.249720100000091918e+02 -1.100116945939600868e+02 -1.275489655301633292e+02 -1.295140068517500822e+02
-1.321588711292502865e+02 -1.322286614789005057e+02 -1.350355498352525387e+02 -1.324972548245538064e+02
0.000000000000000000e+00 0.000000000000000000e+00 0.000000000000000000e+00 0.000000000000000000e+00
-4.451003463980399601e+02 -4.447237383588265516e+02 -4.466480493212291663e+02 -4.467246122082464694e+02
-4.456616930518247841e+02 -4.452611199014946237e+02 -4.444564314981025177e+02 -4.435817906296564388e+02
0.000000000000000000e+00 0.000000000000000000e+00 0.000000000000000000e+00 0.000000000000000000e+00
0.000000000000000000e+00 0.000000000000000000e+00 0.000000000000000000e+00 0.000000000000000000e+00
-4.276786680773652165e+02 -4.289033324469000377e+02 -4.263337745032202974e+02 -4.287669430187186776e+02
-4.285514992948441204e+02 -4.257818082268273656e+02 -4.287521812462812250e+02 -4.285141508416913894e+02
0.000000000000000000e+00 0.000000000000000000e+00 0.000000000000000000e+00 0.000000000000000000e+00
-3.666164323500832438e+02 -3.701295616939738125e+02 -3.654213684750764060e+02 -3.661554143245045339e+02
-3.675545233106051910e+02 -3.647960390550471743e+02 -3.697838645240018423e+02 -3.653858706491357680e+02
0.000000000000000000e+00 0.000000000000000000e+00 0.000000000000000000e+00 0.000000000000000000e+00
-2.212277602240235694e+02 -2.175399359697327100e+02 -2.128232995070488300e+02 -2.149387948751888757e+02
-2.171365066789747971e+02 -2.164468537813377793e+02 -2.193588141477656848e+02 -2.141633564652900645e+02
0.000000000000000000e+00 0.000000000000000000e+00 0.000000000000000000e+00 0.000000000000000000e+00
-1.874400565555804405e+02 -1.854638286564828604e+02 -1.859202460822147316e+02 -1.860760766374813215e+02
0.000000000000000000e+00 0.000000000000000000e+00 0.000000000000000000e+00 0.000000000000000000e+00
-1.764018646389910998e+02 -1.757429259929578791e+02 -1.763634565344099201e+02 -1.757780286127728004e+02
0.000000000000000000e+00 0.000000000000000000e+00 0.000000000000000000e+00 0.000000000000000000e+00
-1.250400800000091976e+02 -1.334871560000099180e+02 -8.924571000000661058e+01 -8.926570000000660343e+01
0.000000000000000000e+00 0.000000000000000000e+00 0.000000000000000000e+00 0.000000000000000000e+00
0.000000000000000000e+00 0.000000000000000000e+00 0.000000000000000000e+00 0.000000000000000000e+00
-4.453328520091828295e+02 -4.458389146016421023e+02 -4.444030756845469909e+02 -4.435828269289763170e+02
-4.432512623485835661e+02 -4.415728735870320634e+02 -4.423241289817798929e+02 -4.429334038038828680e+02
-4.386812110508876117e+02 -4.388876205479858186e+02 -4.386903960981908881e+02 -4.411265747630617398e+02
-4.353855947766516579e+02 -4.372076922924724158e+02 -4.375723623255568100e+02 -4.375227301231627735e+02
-4.303761062384917295e+02 -4.317053844153910518e+02 -4.321735615609288743e+02 -4.308582955749102439e+02
-4.281763958840145960e+02 -4.302985326017557099e+02 -4.298908891979379518e+02 -4.301614058022192921e+02
0.000000000000000000e+00 0.000000000000000000e+00 0.000000000000000000e+00 0.000000000000000000e+00
-3.704589465703237465e+02 -3.716919992042890613e+02 -3.674251429931265420e+02 -3.676428483202391249e+02
0.000000000000000000e+00 0.000000000000000000e+00 0.000000000000000000e+00 0.000000000000000000e+00
0.000000000000000000e+00 0.000000000000000000e+00 0.000000000000000000e+00 0.000000000000000000e+00
-2.194355801605165937e+02 -2.158659816142824184e+02 -2.192156028230762956e+02 -2.205514433978047180e+02
-2.211448504481975306e+02 -2.175656535417750774e+02 -2.135120892598238811e+02 -2.126353679205954563e+02
0.000000000000000000e+00 0.000000000000000000e+00 0.000000000000000000e+00 0.000000000000000000e+00
-1.885865503110191241e+02 -1.946097540532685457e+02 -1.896450889344451411e+02 -1.899103403653750206e+02
-1.868527852389200632e+02 -1.854221842581527255e+02 -1.870277644612993981e+02 -1.864097241036548382e+02
-1.807149719925178886e+02 -1.808570384183672104e+02 -1.811124404902293179e+02 -1.812160069978900196e+02
0.000000000000000000e+00 0.000000000000000000e+00 0.000000000000000000e+00 0.000000000000000000e+00
-1.338573541500099111e+02 -1.338902921800099364e+02 -8.930568000000661755e+01 -1.300249340000097220e+02
-1.677614750700126365e+02 -1.347961643700101320e+02 -1.419011643500106459e+02 -1.354947950500102820e+02
0.000000000000000000e+00 0.000000000000000000e+00 0.000000000000000000e+00 0.000000000000000000e+00
-4.445429233778259572e+02 -4.463805583964421544e+02 -4.460636903708825116e+02 -4.453314328034149412e+02
-4.446815308132684663e+02 -4.442052279844533018e+02 -4.457998574180258515e+02 -4.448280752105246734e+02
0.000000000000000000e+00 0.000000000000000000e+00 0.000000000000000000e+00 0.000000000000000000e+00
-4.378079385935957362e+02 -4.389481636004276766e+02 -4.375044363482920744e+02 -4.386860681698082089e+02
0.000000000000000000e+00 0.000000000000000000e+00 0.000000000000000000e+00 0.000000000000000000e+00
-4.291956616283240464e+02 -4.305284586861005209e+02 -4.283702357075674172e+02 -4.287452882704621402e+02
0.000000000000000000e+00 0.000000000000000000e+00 0.000000000000000000e+00 0.000000000000000000e+00
-3.705913763012740674e+02 -3.743865769187180490e+02 -3.710202511657928426e+02 -3.709335363459430823e+02
0.000000000000000000e+00 0.000000000000000000e+00 0.000000000000000000e+00 0.000000000000000000e+00
0.000000000000000000e+00 0.000000000000000000e+00 0.000000000000000000e+00 0.000000000000000000e+00
0.000000000000000000e+00 0.000000000000000000e+00 0.000000000000000000e+00 0.000000000000000000e+00
-2.102415736608040504e+02 -2.122218398922826452e+02 -2.190555351345736028e+02 -2.168348663852702600e+02
-2.096258825497303917e+02 -2.097452247447883167e+02 -2.092427609230931580e+02 -2.099315528119979035e+02
-1.965943692667929099e+02 -2.020863340665317480e+02 -1.995654219443767374e+02 -2.034246466953772767e+02
0.000000000000000000e+00 0.000000000000000000e+00 0.000000000000000000e+00 0.000000000000000000e+00
-1.859623209363556668e+02 -1.855968075450506376e+02 -1.854331983983620376e+02 -1.863304298291804457e+02
-1.893812013996409860e+02 -1.895505435946989223e+02 -1.894166495701883548e+02 -1.891471093395632579e+02
0.000000000000000000e+00 0.000000000000000000e+00 0.000000000000000000e+00 0.000000000000000000e+00
-1.799115781256635671e+02 -1.754782553030132419e+02 -1.354647150700102998e+02 -1.770109433449234473e+02
-1.806692004449237174e+02 -1.807091404849137461e+02 -1.870743321556641945e+02 -1.808487808248037823e+02
