-5.467279787363476089e+02 -5.453368001516539607e+02 -5.561398304956873062e+02 -5.569736971403799544e+02
-5.559836496445411740e+02 -5.559986968124659370e+02 -5.459837521769627529e+02 -5.456132918836863155e+02
-5.471993497520101073e+02 -5.450165687582723422e+02 -5.479921763773412522e+02 -5.465232908537951744e+02
-5.479219495971383367e+02 -5.471345052564835214e+02 -5.500443990661699445e+02 -5.491941667018995759e+02
0.000000000000000000e+00 0.000000000000000000e+00 0.000000000000000000e+00 0.000000000000000000e+00
0.000000000000000000e+00 0.000000000000000000e+00 0.000000000000000000e+00 0.000000000000000000e+00
0.000000000000000000e+00 0.000000000000000000e+00 0.000000000000000000e+00 0.000000000000000000e+00
0.000000000000000000e+00 0.000000000000000000e+00 0.000000000000000000e+00 0.000000000000000000e+00
-5.159050278111466241e+02 -5.135428568668094158e+02 -5.133407339381757311e+02 -4.279289431082149804e+02
-2.071431853991998651e+02 -5.041040567703414013e+02 -5.147877287146662866e+02 -5.137549955224794758e+02
-5.151176677996442095e+02 -5.158507652202767986e+02 -5.165408785753058964e+02 -5.135928945730992154e+02
0.000000000000000000e+00 0.000000000000000000e+00 0.000000000000000000e+00 0.000000000000000000e+00
0.000000000000000000e+00 0.000000000000000000e+00 0.000000000000000000e+00 0.000000000000000000e+00
0.000000000000000000e+00 0.000000000000000000e+00 0.000000000000000000e+00 0.000000000000000000e+00
0.000000000000000000e+00 0.000000000000000000e+00 0.000000000000000000e+00 0.000000000000000000e+00
-4.248066711339082531e+02 -4.250636242175879715e+02 -4.252742071636500896e+02 -4.282074279629716216e+02
-4.326550934892605937e+02 -4.243126253858491168e+02 -4.247138501137851563e+02 -4.291886812904120916e+02
0.000000000000000000e+00 0.000000000000000000e+00 0.000000000000000000e+00 0.000000000000000000e+00
-4.008116846103500279e+02 -3.652537226419474337e+02 -3.911052732996510031e+02 -3.960230028722322118e+02
0.000000000000000000e+00 0.000000000000000000e+00 0.000000000000000000e+00 0.000000000000000000e+00
-5.457887085070317426e+02 -5.564146506451514824e+02 -5.451311191037776780e+02 -5.476634917383765924e+02
-5.556369615242198279e+02 -5.442502166028860984e+02 -5.542093518275676161e+02 -5.544733156282258051e+02
0.000000000000000000e+00 0.000000000000000000e+00 0.000000000000000000e+00 0.000000000000000000e+00
0.000000000000000000e+00 0.000000000000000000e+00 0.000000000000000000e+00 0.000000000000000000e+00
-4.682433736700937743e+02 -5.629837228137785132e+02 -5.630596966778904289e+02 -5.628487128110569984e+02
0.000000000000000000e+00 0.000000000000000000e+00 0.000000000000000000e+00 0.000000000000000000e+00
0.000000000000000000e+00 0.000000000000000000e+00 0.000000000000000000e+00 0.000000000000000000e+00
-3.907552727799739500e+02 -4.271154773013979593e+02 -2.925670728969514585e+02 -3.081474746069997650e+01
-3.830032395516093402e+02 -4.966394718439092344e+02 -3.547805037685736238e+02 -3.051882385942903042e+01
-3.012087497670443526e+01 -4.489038672131252952e+02 -2.555152623186606320e+02 -4.103576690517916745e+02
0.000000000000000000e+00 0.000000000000000000e+00 0.000000000000000000e+00 0.000000000000000000e+00
-4.574975988346265581e+02 -4.593361992571579435e+02 -4.530390530817571744e+02 -4.595042950952862384e+02
0.000000000000000000e+00 0.000000000000000000e+00 0.000000000000000000e+00 0.000000000000000000e+00
0.000000000000000000e+00 0.000000000000000000e+00 0.000000000000000000e+00 0.000000000000000000e+00
-4.353093392259837060e+02 -4.341593615128266492e+02 -4.346451378164994139e+02 -4.352868617901877428e+02
0.000000000000000000e+00 0.000000000000000000e+00 0.000000000000000000e+00 0.000000000000000000e+00
-4.286988780948653357e+02 -4.259994874277674057e+02 -4.195860553772805019e+02 -4.147505676142526454e+02
-4.087121347764220900e+02 -4.124783502488720046e+02 -4.239029192233359140e+02 -4.094849926812127023e+02
-3.942578077665243654e+02 -3.938468349773081627e+02 -4.145049092142128302e+02 -3.944099152453649140e+02
-4.040071172900164242e+02 -3.984635259782299954e+02 -4.047174813088861356e+02 -3.990124060297944766e+02
0.000000000000000000e+00 0.000000000000000000e+00 0.000000000000000000e+00 0.000000000000000000e+00
-5.615707941872999527e+02 -5.483871583526432687e+02 -5.475320273102960300e+02 -5.493457766427007982e+02
0.000000000000000000e+00 0.000000000000000000e+00 0.000000000000000000e+00 0.000000000000000000e+00
-5.569056606460692365e+02 -5.565848861224941402e+02 -5.566369993660127875e+02 -3.483888202803856871e+02
-5.569581541331816652e+02 -5.537577799003764767e+02 -5.519034016531333009e+02 -3.092288474539526888e+01
-5.513943824300151846e+02 -3.744540548172693093e+02 -5.025706130098637345e+02 -3.105958949136962843e+01
-3.701656175140685718e+02 -4.488205575261088143e+02 -4.977866350047360129e+02 -3.108700057967933716e+01
-5.349190109242475728e+02 -3.100499663990283850e+01 -4.421629473038343576e+02 -4.848224409599335445e+02
0.000000000000000000e+00 0.000000000000000000e+00 0.000000000000000000e+00 0.000000000000000000e+00
-4.724991370027257744e+02 -3.238291188938775917e+02 -3.561600297768877113e+02 -2.962483864753279761e+01
-4.215488471593810686e+02 -3.864445344747679201e+02 -3.509166824128157600e+02 -2.903360878700466685e+01
-2.834830762989316000e+01 -4.576888985037157909e+02 -2.992267564681845897e+02 -3.686645042167153292e+02
0.000000000000000000e+00 0.000000000000000000e+00 0.000000000000000000e+00 0.000000000000000000e+00
-4.353696177497181452e+02 -4.339104652533725357e+02 -4.364570752003077700e+02 -4.344790674502237380e+02
-4.322420693168587604e+02 -4.321671251136168053e+02 -4.322743494049165633e+02 -4.304575386417021150e+02
-4.251384570919224188e+02 -4.267688997837844340e+02 -4.273845735116595961e+02 -4.313518619020655933e+02
-4.177627363276611732e+02 -4.203879703246760755e+02 -4.197873849701544486e+02 -4.214885002670655467e+02
-4.137646979242438192e+02 -4.092378147217344804e+02 -4.110764949156791772e+02 -4.140315884433377960e+02
-3.886305775963965061e+02 -3.973533963198605079e+02 -4.004557539828641097e+02 -3.898967457434537209e+02
-3.952368320644822575e+02 -3.986365878689213673e+02 -4.035580806088822214e+02 -4.011950030461193819e+02
-5.584587915971873144e+02 -5.582858978958025773e+02 -5.583905377985586256e+02 -5.608363143470247678e+02
-5.579440260779605296e+02 -5.550184891114112133e+02 -5.584657132931934029e+02 -5.622990136494331637e+02
-5.596801686400916651e+02 -5.597254055013503375e+02 -5.578164335096531659e+02 -5.633500385538928867e+02
-5.634790512405605796e+02 -5.163295658649631150e+02 -5.570257800555860968e+02 -5.619248293551077040e+02
-5.573499386353611271e+02 -5.600308326824181222e+02 -5.513615001485138691e+02 -5.586471448214531392e+02
-5.572812238093617907e+02 -4.712697080024092884e+02 -5.597750669261879466e+02 -5.573151783812132862e+02
0.000000000000000000e+00 0.000000000000000000e+00 0.000000000000000000e+00 0.000000000000000000e+00
-5.412973774347623248e+02 -4.909935199803445585e+02 -5.408565451823845933e+02 -5.414141549576659145e+02
0.000000000000000000e+00 0.000000000000000000e+00 0.000000000000000000e+00 0.000000000000000000e+00
-4.824994584293508524e+02 -3.831048195903399574e+02 -4.619051576132541186e+02 -4.709779104718307963e+02
0.000000000000000000e+00 0.000000000000000000e+00 0.000000000000000000e+00 0.000000000000000000e+00
-3.109626875760155826e+02 -3.388020630322705529e+02 -4.527741572681508160e+02 -2.756908285249669888e+01
-2.669722901290074901e+01 -3.193506357768982298e+02 -3.262707874267255761e+02 -4.284018071130034855e+02
-4.342281804236570224e+02 -4.325598144502483251e+02 -3.260565702736880098e+02 -4.377530474626564683e+02
-4.304633315251523413e+02 -4.302356638778840079e+02 -4.314275151969952731e+02 -4.335452120140545276e+02
-4.284219570888968747e+02 -4.355101871789815959e+02 -4.288433427254699382e+02 -4.284784335962568775e+02
0.000000000000000000e+00 0.000000000000000000e+00 0.000000000000000000e+00 0.000000000000000000e+00
0.000000000000000000e+00 0.000000000000000000e+00 0.000000000000000000e+00 0.000000000000000000e+00
-3.856892942626130889e+02 -3.751750450013648219e+02 -3.822904368654016594e+02 -3.825569559407060751e+02
0.000000000000000000e+00 0.000000000000000000e+00 0.000000000000000000e+00 0.000000000000000000e+00
-5.573186276041564042e+02 -5.611606817169791839e+02 -5.550543309926667916e+02 -5.553791051458292714e+02
0.000000000000000000e+00 0.000000000000000000e+00 0.000000000000000000e+00 0.000000000000000000e+00
-5.537450152862318191e+02 -5.640364697293675817e+02 -5.554284814087409359e+02 -5.518781357413339492e+02
0.000000000000000000e+00 0.000000000000000000e+00 0.000000000000000000e+00 0.000000000000000000e+00
-5.645781002736830487e+02 -5.647098759450192347e+02 -5.623714533655640935e+02 -5.621681706543206474e+02
-5.626015544534950550e+02 -5.595705709575424862e+02 -5.639426854570201613e+02 -5.635951501751588921e+02
0.000000000000000000e+00 0.000000000000000000e+00 0.000000000000000000e+00 0.000000000000000000e+00
0.000000000000000000e+00 0.000000000000000000e+00 0.000000000000000000e+00 0.000000000000000000e+00
0.000000000000000000e+00 0.000000000000000000e+00 0.000000000000000000e+00 0.000000000000000000e+00
-4.784321518837966778e+02 -4.774468880213933062e+02 -4.752004184844086012e+02 -4.754766710406379389e+02
0.000000000000000000e+00 0.000000000000000000e+00 0.000000000000000000e+00 0.000000000000000000e+00
0.000000000000000000e+00 0.000000000000000000e+00 0.000000000000000000e+00 0.000000000000000000e+00
-2.573213781229211605e+01 -2.741687758589779946e+02 -3.362928383913038601e+02 -3.458485113642401529e+02
0.000000000000000000e+00 0.000000000000000000e+00 0.000000000000000000e+00 0.000000000000000000e+00
0.000000000000000000e+00 0.000000000000000000e+00 0.000000000000000000e+00 0.000000000000000000e+00
-4.300555950836488250e+02 -4.300707794112350939e+02 -4.294621172409551946e+02 -4.281941506805374047e+02
-4.302917425990655147e+02 -4.309454694049022123e+02 -4.309259219598933441e+02 -4.310406668618267076e+02
0.000000000000000000e+00 0.000000000000000000e+00 0.000000000000000000e+00 0.000000000000000000e+00
-3.770602985417117452e+02 -3.677286404400936703e+02 -3.777869122347372013e+02 -3.780436880858927111e+02
0.000000000000000000e+00 0.000000000000000000e+00 0.000000000000000000e+00 0.000000000000000000e+00
-5.561805631876106872e+02 -5.540186835932773874e+02 -5.554615047506025576e+02 -5.602470387425909166e+02
-5.454182198940736725e+02 -5.444657846821278326e+02 -5.485744617460037489e+02 -5.587687591714493465e+02
-5.559785572136190694e+02 -5.577884969565914162e+02 -5.449274425590024293e+02 -5.552820303686312400e+02
0.000000000000000000e+00 0.000000000000000000e+00 0.000000000000000000e+00 0.000000000000000000e+00
0.000000000000000000e+00 0.000000000000000000e+00 0.000000000000000000e+00 0.000000000000000000e+00
-5.652803650157027278e+02 -5.661496142735311423e+02 -5.643372126700176068e+02 -5.643851967367122597e+02
-5.707319013498886306e+02 -5.701706405598906713e+02 -5.662384270020631902e+02 -5.686190003626838916e+02
-5.695386495062289214e+02 -5.704883834874624426e+02 -5.705318148686526456e+02 -5.684666600587224821e+02
0.000000000000000000e+00 0.000000000000000000e+00 0.000000000000000000e+00 0.000000000000000000e+00
-4.724418670960436657e+02 -4.759721472422831994e+02 -4.683814498271489128e+02 -4.692917971203845582e+02
0.000000000000000000e+00 0.000000000000000000e+00 0.000000000000000000e+00 0.000000000000000000e+00
0.000000000000000000e+00 0.000000000000000000e+00 0.000000000000000000e+00 0.000000000000000000e+00
-2.465356327519040036e+01 -2.490643869878329042e+02 -3.439249568887579471e+02 -3.844876938791396697e+02
-3.942782769262908005e+02 -3.944666033580187445e+02 -3.334844509969873911e+02 -3.939099054444817511e+02
0.000000000000000000e+00 0.000000000000000000e+00 0.000000000000000000e+00 0.000000000000000000e+00
0.000000000000000000e+00 0.000000000000000000e+00 0.000000000000000000e+00 0.000000000000000000e+00
0.000000000000000000e+00 0.000000000000000000e+00 0.000000000000000000e+00 0.000000000000000000e+00
0.000000000000000000e+00 0.000000000000000000e+00 0.000000000000000000e+00 0.000000000000000000e+00
-3.503694685300450828e+02 -3.612771411791491118e+02 -3.585703190559671611e+02 -3.580533375713592932e+02
0.000000000000000000e+00 0.000000000000000000e+00 0.000000000000000000e+00 0.000000000000000000e+00
-5.609406068309250486e+02 -5.629780663109038414e+02 -5.556600537641437541e+02 -5.552919217555363502e+02
-5.510708229544652568e+02 -5.473587675511048474e+02 -5.612150364856480564e+02 -5.471356037292872543e+02
-5.475235522154173395e+02 -5.462684332565546583e+02 -5.593435049257947185e+02 -5.465772633281620756e+02
-5.452705587290905669e+02 -5.441514355325463157e+02 -5.488654446640821334e+02 -5.489221152417653684e+02
0.000000000000000000e+00 0.000000000000000000e+00 0.000000000000000000e+00 0.000000000000000000e+00
-5.659985284056335786e+02 -5.685421867378273646e+02 -5.646802375292776333e+02 -5.683251004064439940e+02
-5.652478207916291240e+02 -5.689195640336928363e+02 -5.703224046211274754e+02 -5.682396256024774175e+02
0.000000000000000000e+00 0.000000000000000000e+00 0.000000000000000000e+00 0.000000000000000000e+00
0.000000000000000000e+00 0.000000000000000000e+00 0.000000000000000000e+00 0.000000000000000000e+00
-4.650805043038409394e+02 -4.689618708542963077e+02 -4.597946509095521037e+02 -4.655956327246580031e+02
-4.554543860646842859e+02 -4.522082040333579016e+02 -4.614043495442620610e+02 -4.532472808968741447e+02
0.000000000000000000e+00 0.000000000000000000e+00 0.000000000000000000e+00 0.000000000000000000e+00
-2.346908676690620510e+01 -3.042522952133254535e+02 -3.337881076294604554e+02 -2.752718712274881909e+02
0.000000000000000000e+00 0.000000000000000000e+00 0.000000000000000000e+00 0.000000000000000000e+00
0.000000000000000000e+00 0.000000000000000000e+00 0.000000000000000000e+00 0.000000000000000000e+00
-3.416951037390508077e+02 -3.424084428496923351e+02 -3.426796085524989053e+02 -3.427287251018252050e+02
-3.412852552467077771e+02 -3.412182781475833053e+02 -3.419944200846040872e+02 -3.419003305809887934e+02
-3.383791313902073625e+02 -3.390966326520550069e+02 -3.382279165399925205e+02 -3.403101542186009851e+02
-3.360390461022245177e+02 -3.379150393990834118e+02 -3.362434394480619062e+02 -3.366940962417924084e+02
-3.316423398952713910e+02 -3.304683688622384352e+02 -3.308060558488270999e+02 -3.307834872370002017e+02
0.000000000000000000e+00 0.000000000000000000e+00 0.000000000000000000e+00 0.000000000000000000e+00
-5.438703026431500120e+02 -5.473372201319042460e+02 -5.482884095507461097e+02 -5.473471565428258145e+02
-5.349135878535035999e+02 -5.467840450269749226e+02 -5.433352014599593076e+02 -5.424226533677233419e+02
0.000000000000000000e+00 0.000000000000000000e+00 0.000000000000000000e+00 0.000000000000000000e+00
-5.202625941932501519e+02 -5.175462825539498226e+02 -5.184753480620476012e+02 -5.180563337534445054e+02
0.000000000000000000e+00 0.000000000000000000e+00 0.000000000000000000e+00 0.000000000000000000e+00
0.000000000000000000e+00 0.000000000000000000e+00 0.000000000000000000e+00 0.000000000000000000e+00
0.000000000000000000e+00 0.000000000000000000e+00 0.000000000000000000e+00 0.000000000000000000e+00
0.000000000000000000e+00 0.000000000000000000e+00 0.000000000000000000e+00 0.000000000000000000e+00
0.000000000000000000e+00 0.000000000000000000e+00 0.000000000000000000e+00 0.000000000000000000e+00
-4.398098112966050621e+02 -4.560496323267144021e+02 -4.520731679281795437e+02 -4.522712792798842543e+02
0.000000000000000000e+00 0.000000000000000000e+00 0.000000000000000000e+00 0.000000000000000000e+00
-3.505158542864986657e+02 -2.400870290628510872e+02 -2.863818111888485873e+02 -2.217613506737895435e+01
-2.075963658827592440e+01 -2.337401121442793794e+02 -3.122786127642170300e+02 -3.392430672376480629e+02
-2.287737030539896068e+02 -3.378003011626900047e+02 -3.387543286635535651e+02 -3.392628122882472326e+02
-3.407522043583592222e+02 -3.414601989639453450e+02 -3.394288843627433607e+02 -3.404718783160793691e+02
-3.417423586998390306e+02 -3.431006362018789559e+02 -3.417165145866746343e+02 -3.423720047143418128e+02
0.000000000000000000e+00 0.000000000000000000e+00 0.000000000000000000e+00 0.000000000000000000e+00
-3.297411764283838806e+02 -3.296189816148663567e+02 -3.303451636303967689e+02 -3.295005754813470844e+02
-3.264510864234571272e+02 -3.269531054752671935e+02 -3.286801415400163933e+02 -3.264845685432027835e+02
0.000000000000000000e+00 0.000000000000000000e+00 0.000000000000000000e+00 0.000000000000000000e+00
0.000000000000000000e+00 0.000000000000000000e+00 0.000000000000000000e+00 0.000000000000000000e+00
-5.247318095768789590e+02 -5.277860113094867529e+02 -5.249180433414159097e+02 -5.289996940245728183e+02
-5.181780235813928357e+02 -5.212167599271967902e+02 -5.213685733916450999e+02 -5.215512745135944215e+02
-5.202756133840193797e+02 -5.177602969734069802e+02 -5.147194010565726785e+02 -5.202249873871290902e+02
-5.121741931932939451e+02 -5.147684598099616551e+02 -5.133534720734030543e+02 -5.134782683920335558e+02
-5.050884477125080139e+02 -5.056171830143099442e+02 -5.012812806935442040e+02 -5.046781481342851521e+02
-4.903652686474110283e+02 -4.947511702132998721e+02 -4.904689009262563104e+02 -4.964507590689908056e+02
-4.936135814215427899e+02 -4.927249170494065993e+02 -4.927424749285717667e+02 -4.906403188644437705e+02
0.000000000000000000e+00 0.000000000000000000e+00 0.000000000000000000e+00 0.000000000000000000e+00
-4.269372455885650766e+02 -4.427157692056401856e+02 -4.357748059852956999e+02 -4.359631056366517328e+02
0.000000000000000000e+00 0.000000000000000000e+00 0.000000000000000000e+00 0.000000000000000000e+00
-3.576826469824652008e+02 -2.555799754330250835e+02 -3.538867166792185799e+02 -3.568211625947749326e+02
-2.913776390340389639e+02 -2.838282748213763966e+02 -3.335014293812900519e+02 -1.922646807974318506e+01
-1.757736946182059867e+01 -3.200814708791315297e+02 -2.743348658487797707e+02 -2.478970294887872114e+02
0.000000000000000000e+00 0.000000000000000000e+00 0.000000000000000000e+00 0.000000000000000000e+00
0.000000000000000000e+00 0.000000000000000000e+00 0.000000000000000000e+00 0.000000000000000000e+00
0.000000000000000000e+00 0.000000000000000000e+00 0.000000000000000000e+00 0.000000000000000000e+00
-3.139869258579271900e+02 -3.163369076550394539e+02 -3.149869108591076383e+02 -3.132928908345527361e+02
-3.207567829391743999e+02 -3.192754514625383422e+02 -3.208417188289066075e+02 -3.212853770876367321e+02
0.000000000000000000e+00 0.000000000000000000e+00 0.000000000000000000e+00 0.000000000000000000e+00
0.000000000000000000e+00 0.000000000000000000e+00 0.000000000000000000e+00 0.000000000000000000e+00
0.000000000000000000e+00 0.000000000000000000e+00 0.000000000000000000e+00 0.000000000000000000e+00
-5.131383055626312171e+02 -5.164947515648190119e+02 -5.139265400272553279e+02 -5.107322948323390506e+02
0.000000000000000000e+00 0.000000000000000000e+00 0.000000000000000000e+00 0.000000000000000000e+00
0.000000000000000000e+00 0.000000000000000000e+00 0.000000000000000000e+00 0.000000000000000000e+00
0.000000000000000000e+00 0.000000000000000000e+00 0.000000000000000000e+00 0.000000000000000000e+00
-4.769090263932702669e+02 -4.841785191700749920e+02 -4.810821187287459111e+02 -4.926603139302345653e+02
-4.822881122672837932e+02 -4.848244639378830243e+02 -4.777694360173484824e+02 -4.818507039694018772e+02
-4.527970914072773780e+02 -4.534433565719440935e+02 -4.584903518665047386e+02 -4.528032454670241123e+02
-4.207351683829773492e+02 -4.284341768292301822e+02 -4.206176702850368656e+02 -4.244721597354469509e+02
-3.912059818760233156e+02 -3.913746286522850824e+02 -3.992630067916659300e+02 -4.010707854092668754e+02
-3.863685084181821026e+02 -3.771569401980651719e+02 -3.761764058049330401e+02 -3.852710114250584752e+02
0.000000000000000000e+00 0.000000000000000000e+00 0.000000000000000000e+00 0.000000000000000000e+00
-3.167697533654726385e+02 -2.630732388650298503e+02 -2.902815973644840142e+02 -1.581110607211828345e+01
-2.694584363601259156e+02 -2.668258859423252147e+02 -2.967635147726215905e+02 -1.392466435138051217e+01
-1.191426753164460806e+01 -2.004970324344492667e+02 -2.453822859750792986e+02 -1.373286712708554660e+02
0.000000000000000000e+00 0.000000000000000000e+00 0.000000000000000000e+00 0.000000000000000000e+00
-2.947755917254806377e+02 -2.982262628203070562e+02 -2.945896290395179449e+02 -2.967224200824984450e+02
0.000000000000000000e+00 0.000000000000000000e+00 0.000000000000000000e+00 0.000000000000000000e+00
0.000000000000000000e+00 0.000000000000000000e+00 0.000000000000000000e+00 0.000000000000000000e+00
-5.134994375963029825e+02 -5.139301086895827666e+02 -5.083659344199201087e+02 -5.144412614713434095e+02
-5.150300966844563391e+02 -5.155505983460934658e+02 -5.123471831797174900e+02 -5.161205154751462487e+02
-5.089617828075860757e+02 -5.093242589074455395e+02 -5.072847496383024577e+02 -5.096112002943382890e+02
-5.015246362317068360e+02 -5.015121107253634136e+02 -4.997084383231508582e+02 -4.981410735231096965e+02
-5.101606857549954839e+02 -5.090376845789033950e+02 -4.956423671084182274e+02 -5.099107852934172342e+02
0.000000000000000000e+00 0.000000000000000000e+00 0.000000000000000000e+00 0.000000000000000000e+00
-4.830384378552398630e+02 -4.891191619251941347e+02 -4.817718505321002453e+02 -4.793158466062630509e+02
0.000000000000000000e+00 0.000000000000000000e+00 0.000000000000000000e+00 0.000000000000000000e+00
0.000000000000000000e+00 0.000000000000000000e+00 0.000000000000000000e+00 0.000000000000000000e+00
-4.076393873542349411e+02 -4.237263183823671966e+02 -4.065344219147893909e+02 -4.067926602841949375e+02
0.000000000000000000e+00 0.000000000000000000e+00 0.000000000000000000e+00 0.000000000000000000e+00
-3.754253384138946785e+02 -3.815172758575040461e+02 -3.773690282402700404e+02 -3.776550045439427663e+02
0.000000000000000000e+00 0.000000000000000000e+00 0.000000000000000000e+00 0.000000000000000000e+00
-3.331787183367040370e+02 -2.592386670909131681e+02 -3.334759778218108863e+02 -3.324502112490110335e+02
0.000000000000000000e+00 0.000000000000000000e+00 0.000000000000000000e+00 0.000000000000000000e+00
-9.778151903519924915e+00 -2.111604935192149810e+02 -1.930226557903635864e+02 -1.588472252559886044e+02
0.000000000000000000e+00 0.000000000000000000e+00 0.000000000000000000e+00 0.000000000000000000e+00
-2.722939676885901576e+02 -2.751941899802056355e+02 -2.715912426975734206e+02 -2.692232258276268340e+02
-2.360701158171780492e+02 -2.364589425036055275e+02 -2.420636490260727669e+02 -2.366767067205730939e+02
-5.347174500534008530e+02 -5.300442344923842484e+02 -5.336916867811060001e+02 -5.330142668867730436e+02
0.000000000000000000e+00 0.000000000000000000e+00 0.000000000000000000e+00 0.000000000000000000e+00
-5.202123391841132616e+02 -5.233055404195148412e+02 -5.240033204683545591e+02 -5.220420590136743613e+02
0.000000000000000000e+00 0.000000000000000000e+00 0.000000000000000000e+00 0.000000000000000000e+00
-4.959508892292570863e+02 -4.945694738537707735e+02 -4.911889992967195440e+02 -4.914778284582816923e+02
-4.907196027135307759e+02 -5.053722066867824765e+02 -4.916939290499230992e+02 -5.054926217199292751e+02
-4.903590659131328948e+02 -4.911196437031052824e+02 -4.953436929047783792e+02 -5.001467509845392669e+02
-4.844744443046982951e+02 -4.960604871726066563e+02 -4.873114506273860798e+02 -4.874322419628452963e+02
-4.887024024445846635e+02 -4.888720811849430561e+02 -4.904285677598934399e+02 -4.895359165995644730e+02
0.000000000000000000e+00 0.000000000000000000e+00 0.000000000000000000e+00 0.000000000000000000e+00
-4.044505132041952606e+02 -4.075250034686105778e+02 -4.032160148237822455e+02 -3.944225973999073176e+02
-3.766141344602804111e+02 -3.894687267917602753e+02 -3.989812454168118734e+02 -3.746506470010259591e+02
-3.681414993570176648e+02 -3.694044716318139194e+02 -3.722010807441254201e+02 -3.626986782470814319e+02
-3.539865919780758077e+02 -3.555232929005327378e+02 -3.588110902750270839e+02 -3.530273864925114253e+02
-3.415775598928873364e+02 -3.441646660993114324e+02 -3.476678351687768327e+02 -3.414027489211262605e+02
0.000000000000000000e+00 0.000000000000000000e+00 0.000000000000000000e+00 0.000000000000000000e+00
-7.517637646911381033e+00 -1.198091701447389852e+02 -1.298873383396991983e+02 -1.557499054215873286e+02
0.000000000000000000e+00 0.000000000000000000e+00 0.000000000000000000e+00 0.000000000000000000e+00
0.000000000000000000e+00 0.000000000000000000e+00 0.000000000000000000e+00 0.000000000000000000e+00
-2.022563726171782719e+02 -2.061469133753247149e+02 -2.047266015037602926e+02 -2.048558243566231170e+02
-5.337362068805836088e+02 -5.323852070492686153e+02 -5.327603246764150526e+02 -5.370403786162155484e+02
-5.320555769443218423e+02 -5.279815419479814409e+02 -5.263388174539652482e+02 -5.316575416278685680e+02
-5.271764294706346163e+02 -5.279579676420559053e+02 -5.235428342193173421e+02 -5.260941383057680696e+02
0.000000000000000000e+00 0.000000000000000000e+00 0.000000000000000000e+00 0.000000000000000000e+00
-4.941515938060003350e+02 -4.877422554093515146e+02 -4.927045979124199562e+02 -4.912372743064571523e+02
-4.913178317382328260e+02 -4.940020317725129644e+02 -4.924126924025756011e+02 -4.902623288394624410e+02
0.000000000000000000e+00 0.000000000000000000e+00 0.000000000000000000e+00 0.000000000000000000e+00
-4.855237463048641189e+02 -4.872857119226487157e+02 -4.872656390658809187e+02 -4.822116110042542232e+02
0.000000000000000000e+00 0.000000000000000000e+00 0.000000000000000000e+00 0.000000000000000000e+00
0.000000000000000000e+00 0.000000000000000000e+00 0.000000000000000000e+00 0.000000000000000000e+00
0.000000000000000000e+00 0.000000000000000000e+00 0.000000000000000000e+00 0.000000000000000000e+00
0.000000000000000000e+00 0.000000000000000000e+00 0.000000000000000000e+00 0.000000000000000000e+00
-3.657786685854262032e+02 -3.707872569576545061e+02 -3.649196382471618563e+02 -3.688702163214679786e+02
-3.558273984949046849e+02 -3.575607959157882192e+02 -3.682020410072456116e+02 -3.663325376646853329e+02
0.000000000000000000e+00 0.000000000000000000e+00 0.000000000000000000e+00 0.000000000000000000e+00
0.000000000000000000e+00 0.000000000000000000e+00 0.000000000000000000e+00 0.000000000000000000e+00
-5.135277470779059605e+00 -1.175707942230610570e+02 -9.596555330558956598e+01 -1.362509238555369677e+02
-1.427304365801235804e+02 -1.428101571394241205e+02 -1.118860500179621482e+02 -1.449660942969154007e+02
-1.624796259392071818e+02 -1.658445622684507725e+02 -1.386673082159465480e+02 -1.416938292903539605e+02
-1.604142708519279950e+02 -1.634133591031806532e+02 -1.568602136438212824e+02 -1.584229878516979682e+02
-5.375370910053413809e+02 -5.412663684733902301e+02 -5.394063284761344903e+02 -5.362246640818183323e+02
-5.412792053559759324e+02 -5.383912573591221644e+02 -5.361718496859496099e+02 -5.377984654267884252e+02
0.000000000000000000e+00 0.000000000000000000e+00 0.000000000000000000e+00 0.000000000000000000e+00
0.000000000000000000e+00 0.000000000000000000e+00 0.000000000000000000e+00 0.000000000000000000e+00
-4.894430560529209515e+02 -4.858887569083238986e+02 -4.884912290121120009e+02 -4.887674815683409975e+02
0.000000000000000000e+00 0.000000000000000000e+00 0.000000000000000000e+00 0.000000000000000000e+00
-4.914780953297371298e+02 -4.887082049849734062e+02 -4.889063163366781168e+02 -4.891044276883828843e+02
0.000000000000000000e+00 0.000000000000000000e+00 0.000000000000000000e+00 0.000000000000000000e+00
0.000000000000000000e+00 0.000000000000000000e+00 0.000000000000000000e+00 0.000000000000000000e+00
-4.488476078028259053e+02 -4.426318368812695780e+02 -4.428495422083819335e+02 -4.434572475354946732e+02
0.000000000000000000e+00 0.000000000000000000e+00 0.000000000000000000e+00 0.000000000000000000e+00
-4.514072717968770689e+02 -4.485746176977830828e+02 -4.487825309381360626e+02 -4.489904441784889855e+02
0.000000000000000000e+00 0.000000000000000000e+00 0.000000000000000000e+00 0.000000000000000000e+00
0.000000000000000000e+00 0.000000000000000000e+00 0.000000000000000000e+00 0.000000000000000000e+00
-6.458304962594223753e+01 -6.428491168000073230e+01 -6.431488169000073185e+01 -6.428077941591742217e+01
-7.750000256868737836e+01 -6.357497166000072752e+01 -6.378507568803184569e+01 -5.844721439964217780e+01
-2.629801960554749574e+00 -7.447387032503841908e+01 -8.018810771764020728e+01 -6.026525845810360238e+01
0.000000000000000000e+00 0.000000000000000000e+00 0.000000000000000000e+00 0.000000000000000000e+00
-1.506773887252554402e+02 -1.304859546178635128e+02 -1.457289524053810510e+02 -1.458163627946814813e+02
-1.470337487245137993e+02 -1.373069260240571339e+02 -1.371088125454689077e+02 -1.458685331046814895e+02
-5.404649352475217938e+02 -5.435799789955283359e+02 -5.396600542354710797e+02 -5.421915892173674365e+02
-5.443823748435243033e+02 -5.421063831413971457e+02 -5.462794307944554930e+02 -5.452892643183967039e+02
0.000000000000000000e+00 0.000000000000000000e+00 0.000000000000000000e+00 0.000000000000000000e+00
-4.713883506298158181e+02 -4.766845204478256619e+02 -4.769120080696113178e+02 -4.816594291783857216e+02
-4.759576858000768880e+02 -4.848044052562294723e+02 -4.754277662946692544e+02 -4.793803056378806673e+02
-4.674788016148829115e+02 -4.640795295120063884e+02 -4.761627966870529463e+02 -4.666208437288538562e+02
-4.486484497090686432e+02 -4.896841583780999372e+02 -4.615454290445985635e+02 -4.537545033058295303e+02
-4.467275503453190026e+02 -4.393448083940662059e+02 -4.439445136464877351e+02 -4.453882278549904186e+02
-4.330276213426213872e+02 -4.297446334145897708e+02 -4.380866485990922570e+02 -4.336429574092986741e+02
-4.387571287930343260e+02 -4.418425236842849699e+02 -4.447060245192560615e+02 -4.423479123228347021e+02
-4.479879106281388204e+02 -4.467092840493092467e+02 -4.518814516980830263e+02 -4.459288173550260694e+02
-4.526385462073013741e+02 -4.454903867157473769e+02 -4.521539046497000527e+02 -4.468000503666121972e+02
-4.505814826442735921e+02 -4.503229154138833792e+02 -4.526320887280788838e+02 -4.523345804508219885e+02
0.000000000000000000e+00 0.000000000000000000e+00 0.000000000000000000e+00 0.000000000000000000e+00
-6.449097004999762817e+01 -6.440951379583498237e+01 -6.476766522460394526e+01 -6.476949641986041684e+01
-6.246678988454571879e+01 -6.126636545181449378e+01 -6.047441843520362426e+01 -6.643579399999799762e+01
0.000000000000000000e+00 0.000000000000000000e+00 0.000000000000000000e+00 0.000000000000000000e+00
-6.243331915000322851e+01 -6.246328916000322806e+01 -8.751603000000372390e+01 -6.637036888244251998e+01
-1.060415676029349896e+02 -1.235913315509500023e+02 -1.376806482843966251e+02 -1.021767609690214016e+02
-1.366601490755487589e+02 -1.134974353069950155e+02 -1.427841238480308448e+02 -1.052688034169672591e+02
0.000000000000000000e+00 0.000000000000000000e+00 0.000000000000000000e+00 0.000000000000000000e+00
-5.489394620875985993e+02 -5.493102981631774355e+02 -5.490264472936070206e+02 -5.437769992690092522e+02
0.000000000000000000e+00 0.000000000000000000e+00 0.000000000000000000e+00 0.000000000000000000e+00
0.000000000000000000e+00 0.000000000000000000e+00 0.000000000000000000e+00 0.000000000000000000e+00
0.000000000000000000e+00 0.000000000000000000e+00 0.000000000000000000e+00 0.000000000000000000e+00
-4.707354410001505585e+02 -4.788038938944611118e+02 -4.655398539312526509e+02 -4.654242665123593952e+02
0.000000000000000000e+00 0.000000000000000000e+00 0.000000000000000000e+00 0.000000000000000000e+00
0.000000000000000000e+00 0.000000000000000000e+00 0.000000000000000000e+00 0.000000000000000000e+00
-4.194733937396639476e+02 -4.196415125337363179e+02 -4.150138639821726656e+02 -4.137903781921630753e+02
0.000000000000000000e+00 0.000000000000000000e+00 0.000000000000000000e+00 0.000000000000000000e+00
-4.507265580699375391e+02 -4.528080358923318727e+02 -4.475692800254669237e+02 -4.458669163922554617e+02
-4.486532548565187426e+02 -4.508162239422346715e+02 -4.478559087443840667e+02 -4.541685427324007946e+02
-4.518098175174924904e+02 -4.561828903679538030e+02 -4.541545872514896587e+02 -4.507888203492159391e+02
0.000000000000000000e+00 0.000000000000000000e+00 0.000000000000000000e+00 0.000000000000000000e+00
-7.260380185997757962e+01 -7.221584809279300998e+01 -7.277355197994758385e+01 -7.410273149299753470e+01
-9.124664610180398938e+01 -8.710136738294727365e+01 -8.258743060232748689e+01 -8.934962798923969274e+01
0.000000000000000000e+00 0.000000000000000000e+00 0.000000000000000000e+00 0.000000000000000000e+00
0.000000000000000000e+00 0.000000000000000000e+00 0.000000000000000000e+00 0.000000000000000000e+00
0.000000000000000000e+00 0.000000000000000000e+00 0.000000000000000000e+00 0.000000000000000000e+00
-1.571470023593118697e+02 -1.381231119233945890e+02 -1.523403567584809650e+02 -1.524101471081311843e+02
0.000000000000000000e+00 0.000000000000000000e+00 0.000000000000000000e+00 0.000000000000000000e+00
-5.518815094332931039e+02 -5.533295754667524307e+02 -5.536534518060410619e+02 -5.523197043862576265e+02
-5.548511399657026004e+02 -5.525457806130227709e+02 -5.552242578421432881e+02 -5.546261267653464984e+02
0.000000000000000000e+00 0.000000000000000000e+00 0.000000000000000000e+00 0.000000000000000000e+00
0.000000000000000000e+00 0.000000000000000000e+00 0.000000000000000000e+00 0.000000000000000000e+00
-4.798793102127987709e+02 -4.824114307163756621e+02 -4.699300871265395472e+02 -4.753120086925428609e+02
-4.738869009894368105e+02 -4.767535828213412401e+02 -4.827124815288900663e+02 -4.769174627576966259e+02
0.000000000000000000e+00 0.000000000000000000e+00 0.000000000000000000e+00 0.000000000000000000e+00
-4.096040781254858416e+02 -4.083582067682764318e+02 -4.075549142414415655e+02 -4.077235610177034459e+02
0.000000000000000000e+00 0.000000000000000000e+00 0.000000000000000000e+00 0.000000000000000000e+00
0.000000000000000000e+00 0.000000000000000000e+00 0.000000000000000000e+00 0.000000000000000000e+00
0.000000000000000000e+00 0.000000000000000000e+00 0.000000000000000000e+00 0.000000000000000000e+00
0.000000000000000000e+00 0.000000000000000000e+00 0.000000000000000000e+00 0.000000000000000000e+00
0.000000000000000000e+00 0.000000000000000000e+00 0.000000000000000000e+00 0.000000000000000000e+00
0.000000000000000000e+00 0.000000000000000000e+00 0.000000000000000000e+00 0.000000000000000000e+00
-1.399716283758415329e+02 -1.193566835195363041e+02 -1.230483997002095720e+02 -1.230982998001595661e+02
0.000000000000000000e+00 0.000000000000000000e+00 0.000000000000000000e+00 0.000000000000000000e+00
-1.868490738306616947e+02 -1.730312186003927195e+02 -1.813294106576285571e+02 -1.729004979847545371e+02
-1.780504806947501208e+02 -1.729420063834601251e+02 -1.705910199172990360e+02 -1.748950983821894738e+02
-1.575459559580079656e+02 -1.596111575025408911e+02 -1.728306063049230943e+02 -1.529965146201058417e+02
-5.528001238298564886e+02 -5.540043115009783605e+02 -5.551978974318145674e+02 -5.565191516699934482e+02
-5.531819147256733231e+02 -5.557149377346163419e+02 -5.541100004666228642e+02 -5.549284619762094053e+02
0.000000000000000000e+00 0.000000000000000000e+00 0.000000000000000000e+00 0.000000000000000000e+00
-4.863236655692457475e+02 -4.824443255981014431e+02 -4.783425221584933524e+02 -4.889657272566323059e+02
-4.796489851304418721e+02 -4.764950490341744853e+02 -4.811873859663804751e+02 -4.860264211404227126e+02
-4.840801477218281548e+02 -4.871422971220894738e+02 -4.778917569384606168e+02 -4.452333507045691476e+02
0.000000000000000000e+00 0.000000000000000000e+00 0.000000000000000000e+00 0.000000000000000000e+00
-3.963044005470758862e+02 -3.964730473233377097e+02 -3.966416940995994196e+02 -4.006139475834152677e+02
-3.926338730897577420e+02 -3.990437176835195601e+02 -3.962210777287755832e+02 -3.969859794474716637e+02
-3.790486133435691158e+02 -3.792074189254128669e+02 -3.790818542108107181e+02 -3.825253847417928910e+02
-3.604558281495608298e+02 -3.546830451989468429e+02 -3.726078448751601400e+02 -3.597889525365690702e+02
-3.344232759276934530e+02 -3.296113923923651896e+02 -3.464780811448915756e+02 -3.419506341011260133e+02
0.000000000000000000e+00 0.000000000000000000e+00 0.000000000000000000e+00 0.000000000000000000e+00
-2.553757617782479770e+02 -2.524774831205981229e+02 -2.525968253156560479e+02 -2.527161675107138876e+02
0.000000000000000000e+00 0.000000000000000000e+00 0.000000000000000000e+00 0.000000000000000000e+00
-1.741791050235918590e+02 -1.676740468227987435e+02 -1.661155060266779060e+02 -1.825467984629785576e+02
-1.862284890364070407e+02 -1.847972937855295754e+02 -1.852406689053357240e+02 -1.886580444819145441e+02
-1.820316287924268295e+02 -1.830754657479951959e+02 -1.861669347623900137e+02 -1.816106808304762410e+02
-1.743332424009670945e+02 -1.797517971730529212e+02 -1.849859961484081623e+02 -1.780397253639188762e+02
0.000000000000000000e+00 0.000000000000000000e+00 0.000000000000000000e+00 0.000000000000000000e+00
-5.535619576299094433e+02 -5.529513219809851989e+02 -5.568476401541254290e+02 -5.568451429047688634e+02
-5.528055859874086764e+02 -5.555916945800414624e+02 -5.549923171352126019e+02 -5.522446958670786898e+02
0.000000000000000000e+00 0.000000000000000000e+00 0.000000000000000000e+00 0.000000000000000000e+00
0.000000000000000000e+00 0.000000000000000000e+00 0.000000000000000000e+00 0.000000000000000000e+00
-4.795567875060730216e+02 -4.853350107076057043e+02 -4.790318848071806315e+02 -4.792691449413445639e+02
0.000000000000000000e+00 0.000000000000000000e+00 0.000000000000000000e+00 0.000000000000000000e+00
0.000000000000000000e+00 0.000000000000000000e+00 0.000000000000000000e+00 0.000000000000000000e+00
0.000000000000000000e+00 0.000000000000000000e+00 0.000000000000000000e+00 0.000000000000000000e+00
-3.964043028896329588e+02 -4.020727991770150425e+02 -4.027862379081721542e+02 -4.029746960476576874e+02
0.000000000000000000e+00 0.000000000000000000e+00 0.000000000000000000e+00 0.000000000000000000e+00
0.000000000000000000e+00 0.000000000000000000e+00 0.000000000000000000e+00 0.000000000000000000e+00
-3.021779277150936878e+02 -3.214636933134549963e+02 -3.046003106628407977e+02 -3.063294364430701648e+02
-2.756621260175631392e+02 -2.768764034614345064e+02 -2.905383010092718337e+02 -2.773959637988513691e+02
-2.557606586539801015e+02 -2.517523606046119369e+02 -2.554782260679572232e+02 -2.571500494892777056e+02
-2.330519647339827998e+02 -2.248262426233107476e+02 -2.286359793955876398e+02 -2.313649780542929193e+02
-1.993369146158432557e+02 -1.992096751208924559e+02 -2.065648284458307842e+02 -2.017631357221737858e+02
-1.931134332175579402e+02 -1.968370012186151428e+02 -1.989826397155945585e+02 -1.962584477087636401e+02
0.000000000000000000e+00 0.000000000000000000e+00 0.000000000000000000e+00 0.000000000000000000e+00
-1.798818166617101895e+02 -1.803956148355570122e+02 -1.731490555271064409e+02 -1.766888555090467889e+02
-1.772604671958240488e+02 -1.818354087867251110e+02 -1.823229585244851592e+02 -1.811355290211319016e+02
0.000000000000000000e+00 0.000000000000000000e+00 0.000000000000000000e+00 0.000000000000000000e+00
-5.549851109087754821e+02 -5.559427757033140551e+02 -5.558702178579678730e+02 -5.542095791943378345e+02
0.000000000000000000e+00 0.000000000000000000e+00 0.000000000000000000e+00 0.000000000000000000e+00
-4.513238210234262624e+02 -4.803741342519115278e+02 -4.806113943860753466e+02 -4.840998117986044349e+02
-4.883321815345190657e+02 -4.884349490838606584e+02 -4.769709974263292338e+02 -4.795718857467670659e+02
-4.743029774643604810e+02 -4.730910781274374131e+02 -4.896401413460683898e+02 -4.803935879038186272e+02
0.000000000000000000e+00 0.000000000000000000e+00 0.000000000000000000e+00 0.000000000000000000e+00
0.000000000000000000e+00 0.000000000000000000e+00 0.000000000000000000e+00 0.000000000000000000e+00
0.000000000000000000e+00 0.000000000000000000e+00 0.000000000000000000e+00 0.000000000000000000e+00
0.000000000000000000e+00 0.000000000000000000e+00 0.000000000000000000e+00 0.000000000000000000e+00
0.000000000000000000e+00 0.000000000000000000e+00 0.000000000000000000e+00 0.000000000000000000e+00
-3.165317573756400407e+02 -3.165703556966064411e+02 -3.124515797391588308e+02 -3.125907328016721749e+02
0.000000000000000000e+00 0.000000000000000000e+00 0.000000000000000000e+00 0.000000000000000000e+00
0.000000000000000000e+00 0.000000000000000000e+00 0.000000000000000000e+00 0.000000000000000000e+00
0.000000000000000000e+00 0.000000000000000000e+00 0.000000000000000000e+00 0.000000000000000000e+00
0.000000000000000000e+00 0.000000000000000000e+00 0.000000000000000000e+00 0.000000000000000000e+00
0.000000000000000000e+00 0.000000000000000000e+00 0.000000000000000000e+00 0.000000000000000000e+00
0.000000000000000000e+00 0.000000000000000000e+00 0.000000000000000000e+00 0.000000000000000000e+00
0.000000000000000000e+00 0.000000000000000000e+00 0.000000000000000000e+00 0.000000000000000000e+00
-1.816361371092426111e+02 -1.816260848559203964e+02 -1.811948706986143804e+02 -1.812845115373556268e+02
