0.000000000000000000e+00 0.000000000000000000e+00 0.000000000000000000e+00 0.000000000000000000e+00
0.000000000000000000e+00 0.000000000000000000e+00 0.000000000000000000e+00 0.000000000000000000e+00
-4.383309910284772286e+02 -4.321911319759184380e+02 -4.358813406640166477e+02 -4.333378422543408419e+02
-4.334856937447104883e+02 -4.337522128200148472e+02 -4.357193617832908217e+02 -4.340966776885097715e+02
0.000000000000000000e+00 0.000000000000000000e+00 0.000000000000000000e+00 0.000000000000000000e+00
-5.873232263274156821e+02 -5.865365610269540184e+02 -5.870262063998249005e+02 -5.873106729976611859e+02
-5.866784009105800806e+02 -5.874092185404421116e+02 -5.860199190516374301e+02 -5.879783102898551306e+02
-5.853893771923430904e+02 -5.868110147518326585e+02 -5.863760229587958293e+02 -5.867780224442835788e+02
-5.856925426205980330e+02 -5.859005628842350006e+02 -5.856980165076799949e+02 -5.863163146754155832e+02
-5.868274411247093667e+02 -5.869425764940494901e+02 -5.861978077614498943e+02 -5.867589248184235657e+02
-5.886792812971707463e+02 -5.886982561670278074e+02 -5.877808111389394981e+02 -5.885979571161658441e+02
-5.902827059119269961e+02 -5.902029566279718438e+02 -5.904473456953066943e+02 -5.904783091190562345e+02
0.000000000000000000e+00 0.000000000000000000e+00 0.000000000000000000e+00 0.000000000000000000e+00
-5.973185779204228538e+02 -5.967341290898089028e+02 -5.966739469346441638e+02 -5.966377948708139911e+02
0.000000000000000000e+00 0.000000000000000000e+00 0.000000000000000000e+00 0.000000000000000000e+00
0.000000000000000000e+00 0.000000000000000000e+00 0.000000000000000000e+00 0.000000000000000000e+00
-6.506303413452243376e+02 -6.491412771674041551e+02 -6.500425322643501431e+02 -6.402031397599694174e+02
-6.402348169093527304e+02 -6.395668949180782192e+02 -6.487968753721554549e+02 -6.451546395784024526e+02
-6.481320815066834484e+02 -6.484761964363135576e+02 -6.489861113799520353e+02 -6.399945549622798353e+02
0.000000000000000000e+00 0.000000000000000000e+00 0.000000000000000000e+00 0.000000000000000000e+00
0.000000000000000000e+00 0.000000000000000000e+00 0.000000000000000000e+00 0.000000000000000000e+00
0.000000000000000000e+00 0.000000000000000000e+00 0.000000000000000000e+00 0.000000000000000000e+00
-4.386010048409781916e+02 -4.332416056033868017e+02 -4.335771636073532136e+02 -4.341228535922074911e+02
0.000000000000000000e+00 0.000000000000000000e+00 0.000000000000000000e+00 0.000000000000000000e+00
-4.431823706499264972e+02 -4.430157275143705533e+02 -4.389939170466577707e+02 -4.392604361219619022e+02
0.000000000000000000e+00 0.000000000000000000e+00 0.000000000000000000e+00 0.000000000000000000e+00
0.000000000000000000e+00 0.000000000000000000e+00 0.000000000000000000e+00 0.000000000000000000e+00
-5.846977625596680355e+02 -5.855694107947699649e+02 -5.852307258267167072e+02 -5.842213021905116648e+02
-5.846397125202245206e+02 -5.843560069016377838e+02 -5.836307074854365737e+02 -5.846865797228784913e+02
-5.856793556386749060e+02 -5.853441457772345302e+02 -5.859664726003803707e+02 -5.856482946833326650e+02
-5.873507186946125103e+02 -5.874619327545840406e+02 -5.873590965642169976e+02 -5.868864781232616679e+02
-5.907582651129868054e+02 -5.914212517116862955e+02 -5.909702935629542253e+02 -5.918404481390471119e+02
-5.952612260965731821e+02 -5.954579466106446262e+02 -5.954901167646221438e+02 -5.957944834708195003e+02
-4.538348002454085304e+02 -5.978884098325979721e+02 -5.979326926114422349e+02 -5.981241793851480679e+02
0.000000000000000000e+00 0.000000000000000000e+00 0.000000000000000000e+00 0.000000000000000000e+00
0.000000000000000000e+00 0.000000000000000000e+00 0.000000000000000000e+00 0.000000000000000000e+00
-6.484645109042530748e+02 -6.409125237995790485e+02 -6.463020168253133306e+02 -6.464319454289978921e+02
-6.394493970136068128e+02 -6.472658619373951296e+02 -6.453046638772359529e+02 -6.463631266454201523e+02
0.000000000000000000e+00 0.000000000000000000e+00 0.000000000000000000e+00 0.000000000000000000e+00
-6.569370978830204422e+02 -6.553081430508252652e+02 -6.558967465784600108e+02 -6.563471000605757126e+02
-4.354491386576216314e+02 -4.357253912138505711e+02 -4.360016437700797383e+02 -4.392411856388693536e+02
-4.393080127168333888e+02 -4.395024133408052762e+02 -4.353543721339518129e+02 -4.336901935547196558e+02
-4.333313533446611245e+02 -4.336893808545831916e+02 -4.370390855093801292e+02 -4.320017411094734143e+02
-4.335013118676125146e+02 -4.334450881647575216e+02 -4.344212742806001302e+02 -4.329030226227729372e+02
-4.361228773267355336e+02 -4.369167852247070982e+02 -4.407187204157886526e+02 -4.382577839120715453e+02
-4.420073120203381336e+02 -4.402641088654030455e+02 -4.422809459174027324e+02 -4.411807411975029822e+02
-4.410775367857810352e+02 -4.413537893420101454e+02 -4.440328812635210625e+02 -4.416063345094713100e+02
0.000000000000000000e+00 0.000000000000000000e+00 0.000000000000000000e+00 0.000000000000000000e+00
-5.820480914756456059e+02 -5.824202009925015773e+02 -5.824661739598507211e+02 -5.827681633182978658e+02
-5.831839427483511145e+02 -5.837867648828820393e+02 -5.835832589431122415e+02 -5.837104399556011458e+02
-5.837565075587044703e+02 -5.836854377719650984e+02 -5.842824979574804729e+02 -5.840405618798996557e+02
0.000000000000000000e+00 0.000000000000000000e+00 0.000000000000000000e+00 0.000000000000000000e+00
-5.872594972242702624e+02 -5.961972023690797187e+02 -5.962729373850921775e+02 -4.380024708121738399e+02
-2.231929224706269110e+01 -5.820373251490738085e+02 -5.771674240621547369e+02 -5.398446324893351402e+02
-5.839576956569873118e+02 -5.195088801390063509e+02 -2.219121170496338635e+01 -5.412579910823922091e+02
0.000000000000000000e+00 0.000000000000000000e+00 0.000000000000000000e+00 0.000000000000000000e+00
-6.404737777319877523e+02 -6.414601646854584942e+02 -6.384787328305505980e+02 -6.479002146315710888e+02
-6.470643602306676030e+02 -6.443194852107280894e+02 -6.374758264034163631e+02 -6.493647398236735171e+02
-6.534280178429206671e+02 -6.470568570463925653e+02 -6.433207221449356439e+02 -6.478476338075964804e+02
-6.459298616531525568e+02 -6.546794005637359533e+02 -6.562705353130372714e+02 -6.449531741273899570e+02
0.000000000000000000e+00 0.000000000000000000e+00 0.000000000000000000e+00 0.000000000000000000e+00
-4.376255436942217898e+02 -4.347221654785047349e+02 -4.371148463258159609e+02 -4.374202409628576333e+02
0.000000000000000000e+00 0.000000000000000000e+00 0.000000000000000000e+00 0.000000000000000000e+00
-4.318459821886081045e+02 -4.324118523417596975e+02 -4.288252109900139430e+02 -4.298252754411790306e+02
0.000000000000000000e+00 0.000000000000000000e+00 0.000000000000000000e+00 0.000000000000000000e+00
0.000000000000000000e+00 0.000000000000000000e+00 0.000000000000000000e+00 0.000000000000000000e+00
0.000000000000000000e+00 0.000000000000000000e+00 0.000000000000000000e+00 0.000000000000000000e+00
-5.774667789411441845e+02 -5.768504842528529934e+02 -5.774205554133903888e+02 -5.776913133182300726e+02
-5.781815217731233361e+02 -5.788049503842947843e+02 -5.780559521769872617e+02 -5.786222986378787709e+02
-5.797012322342641255e+02 -5.812082094397383116e+02 -5.804380985380960283e+02 -5.815929884423774183e+02
-5.800157221656073716e+02 -5.796695698759479001e+02 -5.793169055496109650e+02 -5.798973050739391510e+02
-5.795291404946517559e+02 -5.795810351669342708e+02 -5.790544744755175088e+02 -5.793134218736332741e+02
0.000000000000000000e+00 0.000000000000000000e+00 0.000000000000000000e+00 0.000000000000000000e+00
-2.235486789971736243e+01 -5.500299920221909815e+02 -4.874636690517230591e+02 -5.564127596586788513e+02
-5.953691305597428709e+02 -5.958353833020447610e+02 -3.614099206542599063e+02 -5.953327717919756878e+02
0.000000000000000000e+00 0.000000000000000000e+00 0.000000000000000000e+00 0.000000000000000000e+00
-6.438053431300284046e+02 -6.440394305198219627e+02 -6.416165998721598953e+02 -6.399384341087178427e+02
0.000000000000000000e+00 0.000000000000000000e+00 0.000000000000000000e+00 0.000000000000000000e+00
-6.475642045605679868e+02 -6.434628996891549377e+02 -6.365530821532264554e+02 -6.407140681463383771e+02
-6.428847972634445114e+02 -6.539039043011359809e+02 -6.423557950077184842e+02 -6.498025807501247755e+02
0.000000000000000000e+00 0.000000000000000000e+00 0.000000000000000000e+00 0.000000000000000000e+00
-4.323930686809793542e+02 -4.314912810550238191e+02 -4.252701723600108608e+02 -4.294631134747731949e+02
0.000000000000000000e+00 0.000000000000000000e+00 0.000000000000000000e+00 0.000000000000000000e+00
-4.235575256368830424e+02 -4.312170313953424738e+02 -4.309247966468415711e+02 -4.228853873613156225e+02
0.000000000000000000e+00 0.000000000000000000e+00 0.000000000000000000e+00 0.000000000000000000e+00
-4.454997488210567553e+02 -4.367516494516664807e+02 -4.430335285281381630e+02 -4.432805514021679301e+02
0.000000000000000000e+00 0.000000000000000000e+00 0.000000000000000000e+00 0.000000000000000000e+00
-5.763107492201213518e+02 -5.767127640654292691e+02 -5.764014413261775189e+02 -5.761536361425554560e+02
-5.741035575383651803e+02 -5.743825312470867175e+02 -5.744085290209039840e+02 -5.742813743465629841e+02
0.000000000000000000e+00 0.000000000000000000e+00 0.000000000000000000e+00 0.000000000000000000e+00
-5.762298335592380454e+02 -5.764850494731974777e+02 -5.761908991396705915e+02 -5.768067358838126211e+02
-5.791875224133622169e+02 -5.780828505729469953e+02 -5.792576361662469253e+02 -5.788506346213539473e+02
0.000000000000000000e+00 0.000000000000000000e+00 0.000000000000000000e+00 0.000000000000000000e+00
-2.230512675819798218e+01 -5.372779995713831340e+02 -4.280887052777492272e+02 -4.397103292065257278e+02
0.000000000000000000e+00 0.000000000000000000e+00 0.000000000000000000e+00 0.000000000000000000e+00
-5.911495989862881970e+02 -5.911755398341068712e+02 -5.912088846587548687e+02 -5.910765165046036600e+02
0.000000000000000000e+00 0.000000000000000000e+00 0.000000000000000000e+00 0.000000000000000000e+00
0.000000000000000000e+00 0.000000000000000000e+00 0.000000000000000000e+00 0.000000000000000000e+00
-6.355456710313767417e+02 -6.325495572290676591e+02 -6.294859722070350472e+02 -6.469777156082028569e+02
-6.468675866330917188e+02 -6.503837277321772490e+02 -6.396477606475184530e+02 -6.424964784938058528e+02
-4.329176828626613087e+02 -4.331939354188901916e+02 -4.334701879751192450e+02 -4.342744916323476332e+02
-4.332014929456495338e+02 -4.250331179287064742e+02 -4.328229163389915470e+02 -4.325496880715361385e+02
0.000000000000000000e+00 0.000000000000000000e+00 0.000000000000000000e+00 0.000000000000000000e+00
-4.233454078932859375e+02 -4.232706055866012775e+02 -4.214337013457852663e+02 -4.229885651169598191e+02
0.000000000000000000e+00 0.000000000000000000e+00 0.000000000000000000e+00 0.000000000000000000e+00
-4.412962284811038103e+02 -4.411914525792785184e+02 -4.379902152728018905e+02 -4.382177028945876600e+02
0.000000000000000000e+00 0.000000000000000000e+00 0.000000000000000000e+00 0.000000000000000000e+00
0.000000000000000000e+00 0.000000000000000000e+00 0.000000000000000000e+00 0.000000000000000000e+00
-5.683409494806833209e+02 -5.685061270224822465e+02 -5.687793016970613280e+02 -5.692047088510995536e+02
-5.703655218151085364e+02 -5.707385754419505020e+02 -5.703142144134303635e+02 -5.709839918092594644e+02
-5.706879457390390371e+02 -5.711528137249431438e+02 -5.712839330625151888e+02 -5.703725751226869534e+02
0.000000000000000000e+00 0.000000000000000000e+00 0.000000000000000000e+00 0.000000000000000000e+00
0.000000000000000000e+00 0.000000000000000000e+00 0.000000000000000000e+00 0.000000000000000000e+00
-2.218013718860781935e+01 -5.339346852192371671e+02 -4.416772184313983871e+02 -5.826468184146289104e+02
-5.897452140959537701e+02 -5.896201015292364218e+02 -4.818042265057774216e+02 -5.898627453682408941e+02
-5.905134708584361078e+02 -5.905024872721749034e+02 -5.898209079632340490e+02 -5.904181006156254625e+02
0.000000000000000000e+00 0.000000000000000000e+00 0.000000000000000000e+00 0.000000000000000000e+00
-6.261730626158285986e+02 -6.300774001517535226e+02 -6.310993706118690625e+02 -6.356638942703300472e+02
-6.410139218609725731e+02 -6.274323926479031570e+02 -6.329080560598516740e+02 -6.409808655945663531e+02
-6.470409728658986523e+02 -6.492312937414188809e+02 -6.413598311896636233e+02 -6.468112088579077863e+02
0.000000000000000000e+00 0.000000000000000000e+00 0.000000000000000000e+00 0.000000000000000000e+00
-4.322290004205609648e+02 -4.253783365228475759e+02 -4.290697355158311552e+02 -4.290199345095247168e+02
-4.278538392013853127e+02 -4.312540328670560257e+02 -4.322353865361320686e+02 -4.249191137089857193e+02
-4.277203877987780629e+02 -4.206872490247066025e+02 -4.250317274241791097e+02 -4.258534186233433161e+02
0.000000000000000000e+00 0.000000000000000000e+00 0.000000000000000000e+00 0.000000000000000000e+00
-4.389211217240307974e+02 -4.369066230457266329e+02 -4.390024697739383441e+02 -4.296798549560069205e+02
0.000000000000000000e+00 0.000000000000000000e+00 0.000000000000000000e+00 0.000000000000000000e+00
-5.608978585808434900e+02 -5.612226327340052876e+02 -5.615474068871679947e+02 -5.623377448652800012e+02
-5.599771201133852401e+02 -5.596673971411524917e+02 -5.600885681217037018e+02 -5.611461534960747031e+02
0.000000000000000000e+00 0.000000000000000000e+00 0.000000000000000000e+00 0.000000000000000000e+00
-5.651593913891232432e+02 -5.661739772225439538e+02 -5.654911535204754500e+02 -5.655002915084361348e+02
-5.664967645711276418e+02 -5.665710854968327794e+02 -5.670600449747031462e+02 -5.664205526787923191e+02
0.000000000000000000e+00 0.000000000000000000e+00 0.000000000000000000e+00 0.000000000000000000e+00
-2.199063404534675570e+01 -4.407118378866807120e+02 -5.672870420499358488e+02 -5.796383319194401338e+02
-5.879876823037577651e+02 -5.877735982223938436e+02 -4.819813232975834012e+02 -5.882347397029089962e+02
0.000000000000000000e+00 0.000000000000000000e+00 0.000000000000000000e+00 0.000000000000000000e+00
0.000000000000000000e+00 0.000000000000000000e+00 0.000000000000000000e+00 0.000000000000000000e+00
-6.340788622489227464e+02 -6.236824239122008748e+02 -6.315717618084449896e+02 -6.271110021342306027e+02
-6.252364084587003390e+02 -6.320703952101330287e+02 -6.366750006732363545e+02 -6.444342763873600006e+02
0.000000000000000000e+00 0.000000000000000000e+00 0.000000000000000000e+00 0.000000000000000000e+00
0.000000000000000000e+00 0.000000000000000000e+00 0.000000000000000000e+00 0.000000000000000000e+00
-4.249213552457292167e+02 -4.196081915807764062e+02 -4.184857181412693876e+02 -4.227718631184291098e+02
-4.251536286589617930e+02 -4.311454618236898568e+02 -4.250207048466556330e+02 -4.278214520273242556e+02
-4.236421958151502167e+02 -4.269078897066794411e+02 -4.322451750065206966e+02 -4.241053163401214192e+02
-4.305283273429487281e+02 -4.312720453979732724e+02 -4.323963001238720381e+02 -4.325393902936651216e+02
-4.366579611369158442e+02 -4.350460533102767613e+02 -4.395641549522827063e+02 -4.382148982930256125e+02
-4.444660652324419061e+02 -4.423864486882369533e+02 -4.373954788331930104e+02 -4.423162789704908278e+02
0.000000000000000000e+00 0.000000000000000000e+00 0.000000000000000000e+00 0.000000000000000000e+00
-5.469136850360296194e+02 -5.493912834593228354e+02 -5.481279663828520370e+02 -5.485594700720065475e+02
0.000000000000000000e+00 0.000000000000000000e+00 0.000000000000000000e+00 0.000000000000000000e+00
-5.590363793151162781e+02 -5.599508944801357302e+02 -5.597621600362648451e+02 -5.594546320988057460e+02
0.000000000000000000e+00 0.000000000000000000e+00 0.000000000000000000e+00 0.000000000000000000e+00
-2.143099862711072845e+01 -5.185558192656890242e+02 -5.737455391430205509e+02 -4.382962912446142809e+02
-3.191373780503727744e+02 -5.030866255597298391e+02 -2.174275299320616028e+01 -5.250606347915667129e+02
0.000000000000000000e+00 0.000000000000000000e+00 0.000000000000000000e+00 0.000000000000000000e+00
-6.124938701709260158e+02 -6.078717506314044385e+02 -6.257483339120097980e+02 -6.068732169156287455e+02
0.000000000000000000e+00 0.000000000000000000e+00 0.000000000000000000e+00 0.000000000000000000e+00
-6.266854934881588406e+02 -6.232481343350922316e+02 -6.177183046258411423e+02 -6.211200555411306823e+02
0.000000000000000000e+00 0.000000000000000000e+00 0.000000000000000000e+00 0.000000000000000000e+00
0.000000000000000000e+00 0.000000000000000000e+00 0.000000000000000000e+00 0.000000000000000000e+00
-4.181149369220411813e+02 -4.183463269114059813e+02 -4.087022893349047195e+02 -4.106551939666943554e+02
-4.150924202376252197e+02 -4.124556125932835471e+02 -4.180900298095305061e+02 -4.157718867046875175e+02
0.000000000000000000e+00 0.000000000000000000e+00 0.000000000000000000e+00 0.000000000000000000e+00
-4.243429288387366682e+02 -4.207659967614571315e+02 -4.186055620453343522e+02 -4.332597697929580818e+02
-4.395236284021110009e+02 -4.308247652390017493e+02 -4.391785334547731736e+02 -4.308109379891043318e+02
-4.444253581887355153e+02 -4.452957990087361964e+02 -4.365709946880492680e+02 -4.365538720441568330e+02
-4.515348494815789309e+02 -4.423157029339063797e+02 -4.477749926770478055e+02 -4.451566992784471495e+02
0.000000000000000000e+00 0.000000000000000000e+00 0.000000000000000000e+00 0.000000000000000000e+00
-4.961222100935231651e+02 -5.343444430594919368e+02 -5.345599239328234944e+02 -5.342896750753451443e+02
0.000000000000000000e+00 0.000000000000000000e+00 0.000000000000000000e+00 0.000000000000000000e+00
-3.662172426990158556e+02 -5.525595989283833660e+02 -5.511594917102625004e+02 -5.520000537623163837e+02
0.000000000000000000e+00 0.000000000000000000e+00 0.000000000000000000e+00 0.000000000000000000e+00
-2.103377091596850690e+01 -5.296060642931457778e+02 -5.683408456148375762e+02 -5.647440566576876790e+02
0.000000000000000000e+00 0.000000000000000000e+00 0.000000000000000000e+00 0.000000000000000000e+00
0.000000000000000000e+00 0.000000000000000000e+00 0.000000000000000000e+00 0.000000000000000000e+00
-5.978596607134118130e+02 -6.056249994458198671e+02 -5.925692207368109621e+02 -6.085834108745639242e+02
-6.083283842530388483e+02 -5.972733721297643115e+02 -6.070991665471630085e+02 -6.024204722860835091e+02
-6.067480996068717332e+02 -6.145501846040272085e+02 -6.158996520620311230e+02 -6.079588051235701869e+02
-6.060578136473466202e+02 -6.067164533880469435e+02 -6.143064445582429016e+02 -6.063530231053055104e+02
0.000000000000000000e+00 0.000000000000000000e+00 0.000000000000000000e+00 0.000000000000000000e+00
-4.071810662436722623e+02 -4.093058618476207471e+02 -4.070388502628329661e+02 -4.157251225666288974e+02
-4.129976173319276995e+02 -4.134583866955867393e+02 -4.071739508504010701e+02 -4.067690427697113478e+02
0.000000000000000000e+00 0.000000000000000000e+00 0.000000000000000000e+00 0.000000000000000000e+00
-4.143434447892589674e+02 -4.156426953796593011e+02 -4.055189952190612530e+02 -4.058346056663503987e+02
0.000000000000000000e+00 0.000000000000000000e+00 0.000000000000000000e+00 0.000000000000000000e+00
0.000000000000000000e+00 0.000000000000000000e+00 0.000000000000000000e+00 0.000000000000000000e+00
-4.606973407368648736e+02 -4.638726799891296650e+02 -4.612519783615821325e+02 -3.202176925195661283e+02
-1.510802631956664754e+01 -4.345999697074101960e+02 -4.559837505735592913e+02 -3.585411709418607984e+02
-3.124657533545253614e+02 -5.171344324783219690e+02 -1.657192869307393934e+01 -3.822656004758097765e+02
-5.348269069675556011e+02 -5.275995120669895186e+02 -1.786170256752257401e+01 -4.374303014352514651e+02
-5.419339522861699834e+02 -5.159060553834312941e+02 -1.895298689427695393e+01 -3.544751694300999247e+02
-5.374270531471858021e+02 -4.047857552557445047e+02 -1.983337228541093111e+01 -4.060513950058372643e+02
-4.563853871837509928e+02 -4.135937801692716107e+02 -2.051524959208834176e+01 -5.576735094381793942e+02
-5.597462015442733900e+02 -5.599618042613053603e+02 -5.066318726512014337e+02 -5.598514222985860442e+02
0.000000000000000000e+00 0.000000000000000000e+00 0.000000000000000000e+00 0.000000000000000000e+00
-5.914469015918047035e+02 -5.914448083512735366e+02 -5.902520380591740832e+02 -5.907122278549729799e+02
-6.034271818282373943e+02 -5.943688978324926211e+02 -5.905782459917101050e+02 -5.979869355163767750e+02
0.000000000000000000e+00 0.000000000000000000e+00 0.000000000000000000e+00 0.000000000000000000e+00
0.000000000000000000e+00 0.000000000000000000e+00 0.000000000000000000e+00 0.000000000000000000e+00
0.000000000000000000e+00 0.000000000000000000e+00 0.000000000000000000e+00 0.000000000000000000e+00
-4.048544853630286298e+02 -4.076360533868570428e+02 -4.067262868280351427e+02 -4.053629177245690016e+02
-3.951898803882772881e+02 -4.036433185826563204e+02 -4.038117865474947052e+02 -4.030904017905252203e+02
-3.811255150317271614e+02 -3.890346220411894933e+02 -3.896355772636697452e+02 -3.910346525895412242e+02
-4.048099419687443401e+02 -4.053900463876695994e+02 -4.033843519763472614e+02 -4.020061713349185766e+02
-4.060040373416873081e+02 -4.063883368706465262e+02 -4.062587009046284265e+02 -4.023488213031169494e+02
0.000000000000000000e+00 0.000000000000000000e+00 0.000000000000000000e+00 0.000000000000000000e+00
0.000000000000000000e+00 0.000000000000000000e+00 0.000000000000000000e+00 0.000000000000000000e+00
-1.350892921425693949e+01 -3.684499132917210886e+02 -4.089810314164990359e+02 -3.698219030517318515e+02
0.000000000000000000e+00 0.000000000000000000e+00 0.000000000000000000e+00 0.000000000000000000e+00
-5.389984280411953250e+02 -5.408615438418460144e+02 -5.381909996243479100e+02 -5.409392253154461514e+02
-5.445516256076747368e+02 -5.446379446757121059e+02 -5.447897697048556438e+02 -5.251370724359145470e+02
-5.471449224144918162e+02 -3.668332975641160942e+02 -5.472443752465163698e+02 -5.472652850952521248e+02
0.000000000000000000e+00 0.000000000000000000e+00 0.000000000000000000e+00 0.000000000000000000e+00
-5.711351505769375763e+02 -5.598778707097075085e+02 -5.709449794208068170e+02 -5.720439622980192098e+02
-5.830451460025690267e+02 -5.826996385052381129e+02 -5.821666456560310507e+02 -5.724368894732093622e+02
-5.836624968414265595e+02 -5.823594140302761843e+02 -5.815415174348433993e+02 -5.874233198000396214e+02
-5.991998843630107103e+02 -5.913561589789999289e+02 -5.862621683793978491e+02 -5.999145686317750688e+02
-6.042638806365145001e+02 -5.894205613320107204e+02 -6.039005703378924181e+02 -5.972969920936020571e+02
-5.932758473816284095e+02 -6.020327205248918290e+02 -6.040397995028392870e+02 -5.999131267085347190e+02
0.000000000000000000e+00 0.000000000000000000e+00 0.000000000000000000e+00 0.000000000000000000e+00
0.000000000000000000e+00 0.000000000000000000e+00 0.000000000000000000e+00 0.000000000000000000e+00
0.000000000000000000e+00 0.000000000000000000e+00 0.000000000000000000e+00 0.000000000000000000e+00
-3.566965922870754184e+02 -3.650814804120582835e+02 -3.633118035404639841e+02 -3.634822599321133225e+02
0.000000000000000000e+00 0.000000000000000000e+00 0.000000000000000000e+00 0.000000000000000000e+00
0.000000000000000000e+00 0.000000000000000000e+00 0.000000000000000000e+00 0.000000000000000000e+00
-8.218444517763193957e+00 -2.257799838967844721e+02 -3.363996650866076266e+02 -2.777193796227591633e+02
-3.979962081351205825e+02 -3.194728457242358104e+02 -1.004867723391625489e+01 -3.935791219095126507e+02
-4.250026348993070542e+02 -3.491955677659119601e+02 -1.181431710999081730e+01 -3.484202965958818368e+02
0.000000000000000000e+00 0.000000000000000000e+00 0.000000000000000000e+00 0.000000000000000000e+00
0.000000000000000000e+00 0.000000000000000000e+00 0.000000000000000000e+00 0.000000000000000000e+00
0.000000000000000000e+00 0.000000000000000000e+00 0.000000000000000000e+00 0.000000000000000000e+00
0.000000000000000000e+00 0.000000000000000000e+00 0.000000000000000000e+00 0.000000000000000000e+00
0.000000000000000000e+00 0.000000000000000000e+00 0.000000000000000000e+00 0.000000000000000000e+00
-5.705160061113451775e+02 -5.748869676351414455e+02 -5.590351320969382414e+02 -5.592332434486429520e+02
0.000000000000000000e+00 0.000000000000000000e+00 0.000000000000000000e+00 0.000000000000000000e+00
0.000000000000000000e+00 0.000000000000000000e+00 0.000000000000000000e+00 0.000000000000000000e+00
-5.932295331846129329e+02 -5.866017763161304401e+02 -5.892224882725056432e+02 -5.898126487435239369e+02
0.000000000000000000e+00 0.000000000000000000e+00 0.000000000000000000e+00 0.000000000000000000e+00
0.000000000000000000e+00 0.000000000000000000e+00 0.000000000000000000e+00 0.000000000000000000e+00
0.000000000000000000e+00 0.000000000000000000e+00 0.000000000000000000e+00 0.000000000000000000e+00
0.000000000000000000e+00 0.000000000000000000e+00 0.000000000000000000e+00 0.000000000000000000e+00
0.000000000000000000e+00 0.000000000000000000e+00 0.000000000000000000e+00 0.000000000000000000e+00
-3.256156294313926196e+02 -3.284128064358388883e+02 -3.297960067631892116e+02 -3.174783865236153702e+02
-2.720289813160649146e+02 -2.803659036324361296e+02 -2.827838539187437732e+02 -2.801902280808688488e+02
-4.314342689963837074e+00 -2.064158686706083472e+02 -2.784617524908913424e+02 -2.758041814307982804e+02
-3.294531704711788507e+02 -2.432529070971921215e+02 -6.313015560631396461e+00 -3.483596474793873199e+02
-3.969915723126254647e+02 -3.972360972780986685e+02 -3.103244067991075781e+02 -3.962766883993573401e+02
-4.230323641553097218e+02 -3.825469758935804521e+02 -4.286199725956428210e+02 -4.227544026926089487e+02
0.000000000000000000e+00 0.000000000000000000e+00 0.000000000000000000e+00 0.000000000000000000e+00
-5.929890499786487226e+02 -5.531642368763534705e+02 -5.704012367965345902e+02 -5.704512891775301568e+02
-5.441645448126847668e+02 -5.443528444640410271e+02 -5.641764642524341298e+02 -5.710121244497917132e+02
-5.688961961627570645e+02 -5.691743075144620434e+02 -5.686417474550244151e+02 -5.721668079561824243e+02
-5.683018621076430463e+02 -5.684999734593477569e+02 -5.688083538282161271e+02 -5.737240978536831335e+02
-5.727347886098717709e+02 -5.756158699945323178e+02 -5.682140197731021090e+02 -5.729972138280375020e+02
-5.728130788915802896e+02 -5.740955473364574573e+02 -5.713081384153580302e+02 -5.830441095412973027e+02
-5.903437804102426298e+02 -5.904251298689129044e+02 -5.767129983262940414e+02 -5.869589643069626845e+02
-5.929154396891049146e+02 -5.833050464072822479e+02 -5.951320067734343411e+02 -5.866949523144020304e+02
0.000000000000000000e+00 0.000000000000000000e+00 0.000000000000000000e+00 0.000000000000000000e+00
0.000000000000000000e+00 0.000000000000000000e+00 0.000000000000000000e+00 0.000000000000000000e+00
0.000000000000000000e+00 0.000000000000000000e+00 0.000000000000000000e+00 0.000000000000000000e+00
0.000000000000000000e+00 0.000000000000000000e+00 0.000000000000000000e+00 0.000000000000000000e+00
-5.178866817030277616e+02 -5.132902645617987218e+02 -5.156723087437220556e+02 -5.135860328155040406e+02
0.000000000000000000e+00 0.000000000000000000e+00 0.000000000000000000e+00 0.000000000000000000e+00
-2.374733989802418250e+02 -2.356527631258837232e+02 -2.350637721542657914e+02 -1.693705867688617843e+02
-2.210646964328526476e+00 -1.841723711892201152e+02 -1.868411302757133114e+02 -1.745283805511876665e+02
0.000000000000000000e+00 0.000000000000000000e+00 0.000000000000000000e+00 0.000000000000000000e+00
0.000000000000000000e+00 0.000000000000000000e+00 0.000000000000000000e+00 0.000000000000000000e+00
-4.655429852540432876e+02 -4.621744934154843918e+02 -4.656686726221107051e+02 -4.680170819609376736e+02
-4.798182571400287202e+02 -4.790628397429530310e+02 -4.755134233510034960e+02 -4.788706347817853270e+02
0.000000000000000000e+00 0.000000000000000000e+00 0.000000000000000000e+00 0.000000000000000000e+00
0.000000000000000000e+00 0.000000000000000000e+00 0.000000000000000000e+00 0.000000000000000000e+00
0.000000000000000000e+00 0.000000000000000000e+00 0.000000000000000000e+00 0.000000000000000000e+00
0.000000000000000000e+00 0.000000000000000000e+00 0.000000000000000000e+00 0.000000000000000000e+00
0.000000000000000000e+00 0.000000000000000000e+00 0.000000000000000000e+00 0.000000000000000000e+00
-5.720823437133800553e+02 -5.686288364745585113e+02 -5.717484716130653624e+02 -5.701899414183769750e+02
-5.792044414605140901e+02 -5.759440995207403375e+02 -5.750253396593781190e+02 -5.752068563805901249e+02
0.000000000000000000e+00 0.000000000000000000e+00 0.000000000000000000e+00 0.000000000000000000e+00
0.000000000000000000e+00 0.000000000000000000e+00 0.000000000000000000e+00 0.000000000000000000e+00
-5.958362869107314737e+02 -5.944052097816618243e+02 -5.946477557651156758e+02 -5.952454326142415084e+02
0.000000000000000000e+00 0.000000000000000000e+00 0.000000000000000000e+00 0.000000000000000000e+00
0.000000000000000000e+00 0.000000000000000000e+00 0.000000000000000000e+00 0.000000000000000000e+00
-5.166211833917055856e+02 -5.155437188535989890e+02 -5.166883501941874783e+02 -5.140083781461456738e+02
0.000000000000000000e+00 0.000000000000000000e+00 0.000000000000000000e+00 0.000000000000000000e+00
0.000000000000000000e+00 0.000000000000000000e+00 0.000000000000000000e+00 0.000000000000000000e+00
0.000000000000000000e+00 0.000000000000000000e+00 0.000000000000000000e+00 0.000000000000000000e+00
0.000000000000000000e+00 0.000000000000000000e+00 0.000000000000000000e+00 0.000000000000000000e+00
-4.965397578015544013e+02 -4.919314474124072376e+02 -4.918237476579602117e+02 -4.825433136425132261e+02
-4.797150704188785539e+02 -4.873400554298755765e+02 -4.890474458807175324e+02 -4.799971799813241660e+02
-4.910087373983851080e+02 -4.853675689613042437e+02 -4.918677460357162659e+02 -4.880177305320984829e+02
-5.089881679464588728e+02 -5.091056929495330792e+02 -5.034169422456355960e+02 -5.116582589297925097e+02
-5.384758852291816993e+02 -5.230167370796045816e+02 -5.359166455931180053e+02 -5.245613449635384313e+02
-5.457375078578029388e+02 -5.367898595355070483e+02 -5.384205725820969519e+02 -5.353272788137279576e+02
-5.523590794194083173e+02 -5.518263611606219001e+02 -5.525785860764293602e+02 -5.545127842935468152e+02
-5.719884804122567630e+02 -5.570606422917392138e+02 -5.592159308158278463e+02 -5.611015257733112094e+02
-5.597921312522662447e+02 -5.628809914041480624e+02 -5.734643597033683591e+02 -5.710395944688765439e+02
-5.737473927286032449e+02 -5.752899566662550797e+02 -5.775057105111586679e+02 -5.782021216645165396e+02
-5.831861116139305068e+02 -5.834526306892349794e+02 -5.836806124583634983e+02 -5.834447517437299666e+02
-5.750629632641745275e+02 -5.752852319773398904e+02 -5.895730922050993286e+02 -5.895011150272338227e+02
-5.952777409825096129e+02 -5.929275418462777907e+02 -5.953987202037264979e+02 -5.814144133823307357e+02
-5.842896742454739751e+02 -5.806578196869464819e+02 -5.841477421752570081e+02 -5.831596952398937219e+02
-5.158416115530673096e+02 -5.147863055557893404e+02 -5.144374811822492575e+02 -5.182433541392880443e+02
-5.137915013500952455e+02 -5.126590241759699893e+02 -5.134303478738986541e+02 -5.136790121816777628e+02
-5.136614659176516398e+02 -5.134711383806472895e+02 -5.100964905774172280e+02 -5.105512138810622105e+02
0.000000000000000000e+00 0.000000000000000000e+00 0.000000000000000000e+00 0.000000000000000000e+00
0.000000000000000000e+00 0.000000000000000000e+00 0.000000000000000000e+00 0.000000000000000000e+00
0.000000000000000000e+00 0.000000000000000000e+00 0.000000000000000000e+00 0.000000000000000000e+00
-4.969712236773726772e+02 -4.867889770810741652e+02 -4.863601523893897252e+02 -5.002650337879618974e+02
-4.881212661690045707e+02 -4.972399894058397649e+02 -4.959624855400500110e+02 -4.868253754884800060e+02
0.000000000000000000e+00 0.000000000000000000e+00 0.000000000000000000e+00 0.000000000000000000e+00
0.000000000000000000e+00 0.000000000000000000e+00 0.000000000000000000e+00 0.000000000000000000e+00
-5.414565577297227037e+02 -5.553317996972374431e+02 -5.486621251667633032e+02 -5.431526201130104710e+02
-5.541952148193463472e+02 -5.413954775907639032e+02 -5.458964816221986212e+02 -5.417837603797661359e+02
0.000000000000000000e+00 0.000000000000000000e+00 0.000000000000000000e+00 0.000000000000000000e+00
-5.770683428964750874e+02 -5.704747143255933679e+02 -5.769216304573784555e+02 -5.639952663486545816e+02
-5.576532300724968536e+02 -5.561518897833026358e+02 -5.692569927394797560e+02 -5.693568758239894123e+02
-5.753065100789333428e+02 -5.777608214176365209e+02 -5.695653946309460025e+02 -5.902829093995120502e+02
0.000000000000000000e+00 0.000000000000000000e+00 0.000000000000000000e+00 0.000000000000000000e+00
0.000000000000000000e+00 0.000000000000000000e+00 0.000000000000000000e+00 0.000000000000000000e+00
-5.935453439025887974e+02 -5.971260233489055054e+02 -5.818467576040968652e+02 -5.941390678362261042e+02
0.000000000000000000e+00 0.000000000000000000e+00 0.000000000000000000e+00 0.000000000000000000e+00
0.000000000000000000e+00 0.000000000000000000e+00 0.000000000000000000e+00 0.000000000000000000e+00
-5.152336176189320440e+02 -5.140756803077875929e+02 -5.127122342646150628e+02 -5.130931582836331017e+02
-5.136859157847725328e+02 -5.095637897613781320e+02 -5.116051647042125410e+02 -5.125218274658741393e+02
-5.122687385537421960e+02 -5.121883335026852819e+02 -5.086578249177780435e+02 -5.144670088162158663e+02
-5.086156192199419479e+02 -5.097324545247815877e+02 -5.063632136329251807e+02 -5.094890228639204679e+02
-4.994156625599260906e+02 -5.019539883157435725e+02 -4.992621966337708272e+02 -5.034272338024024407e+02
-5.025591947425523927e+02 -4.925847354434029057e+02 -4.943826390226098511e+02 -5.038242692924050061e+02
-4.925010650946263127e+02 -5.021763133759805555e+02 -4.934564271079259470e+02 -4.931150020113623214e+02
0.000000000000000000e+00 0.000000000000000000e+00 0.000000000000000000e+00 0.000000000000000000e+00
-5.497479763752821782e+02 -5.585134136699350620e+02 -5.587213269102880986e+02 -5.604389435366908856e+02
-5.523321238950703673e+02 -5.554234305139109438e+02 -5.516009310729880326e+02 -5.533121177412119778e+02
-5.598159671363242751e+02 -5.523827180231182865e+02 -5.611851095394387130e+02 -5.534779217756138223e+02
0.000000000000000000e+00 0.000000000000000000e+00 0.000000000000000000e+00 0.000000000000000000e+00
-5.810837280320301943e+02 -5.688650639628153840e+02 -5.778190806031160491e+02 -5.716389002623320721e+02
-5.629497375921004050e+02 -5.647875637177304498e+02 -5.649218062863550358e+02 -5.758169461839395353e+02
-5.777188015037917239e+02 -5.784839677746830375e+02 -5.811869231493990355e+02 -5.700722621283119906e+02
-5.835840589333411117e+02 -5.827298693758785930e+02 -5.853096060270509042e+02 -5.743949757161241223e+02
0.000000000000000000e+00 0.000000000000000000e+00 0.000000000000000000e+00 0.000000000000000000e+00
0.000000000000000000e+00 0.000000000000000000e+00 0.000000000000000000e+00 0.000000000000000000e+00
-6.048150543880755095e+02 -5.878394009211986031e+02 -5.880375122729033137e+02 -5.883339371568453089e+02
-5.152603333757448354e+02 -5.170723392450639722e+02 -5.173022064128381317e+02 -5.173350314745756577e+02
-5.152534050778726851e+02 -5.157814051361991687e+02 -5.140841829815269648e+02 -5.161771218054077508e+02
-5.118706606029524551e+02 -5.124845572093440751e+02 -5.135613099991799118e+02 -5.147323136225132885e+02
-5.122038525908593556e+02 -5.157476045054688711e+02 -5.113974650439835159e+02 -5.151925388995706498e+02
-5.142977710559991920e+02 -5.129837409608215921e+02 -5.154846326483025223e+02 -5.148874696285614618e+02
0.000000000000000000e+00 0.000000000000000000e+00 0.000000000000000000e+00 0.000000000000000000e+00
0.000000000000000000e+00 0.000000000000000000e+00 0.000000000000000000e+00 0.000000000000000000e+00
0.000000000000000000e+00 0.000000000000000000e+00 0.000000000000000000e+00 0.000000000000000000e+00
-5.501965734494660865e+02 -5.503946848011704560e+02 -5.505927961528752803e+02 -5.508968391468740720e+02
-5.465463222562374312e+02 -5.584243555688481138e+02 -5.501087311149250354e+02 -5.510786593959247739e+02
0.000000000000000000e+00 0.000000000000000000e+00 0.000000000000000000e+00 0.000000000000000000e+00
-5.566654628014460968e+02 -5.696986861122151140e+02 -5.619832490700151766e+02 -5.627427996656634832e+02
-5.625932853000723526e+02 -5.635678823643268061e+02 -5.674656641954126144e+02 -5.690831631965049837e+02
-5.769857895024515528e+02 -5.796691027879362537e+02 -5.740508859992088446e+02 -5.758226993559981111e+02
0.000000000000000000e+00 0.000000000000000000e+00 0.000000000000000000e+00 0.000000000000000000e+00
-5.761432917062547858e+02 -5.798473341318117491e+02 -5.736369742461173473e+02 -5.868613261673992838e+02
-5.896414013873475142e+02 -5.913351721524272762e+02 -5.854520591632441437e+02 -5.851944212393946145e+02
-5.884651327085147159e+02 -5.751081541029709570e+02 -5.974443910125604589e+02 -5.845420234143509788e+02
-5.876303264086088802e+02 -5.827459507322536183e+02 -5.983371570110432458e+02 -5.982629539182373719e+02
-6.012775220010721569e+02 -5.959293608138018499e+02 -6.058071062589719986e+02 -6.032643693638494824e+02
-5.183790313677039876e+02 -5.179453790628630259e+02 -5.156021773983464982e+02 -5.160225460581958714e+02
-5.177809871420638501e+02 -5.158359579705164606e+02 -5.181575844458586744e+02 -5.162150159882556864e+02
0.000000000000000000e+00 0.000000000000000000e+00 0.000000000000000000e+00 0.000000000000000000e+00
0.000000000000000000e+00 0.000000000000000000e+00 0.000000000000000000e+00 0.000000000000000000e+00
-5.153928962154540159e+02 -5.186828147547810204e+02 -5.167482633415183955e+02 -5.195390861572369658e+02
-5.197055235071281913e+02 -5.181339086952240223e+02 -5.210495758739660914e+02 -5.191499679610369640e+02
-5.198495336837271452e+02 -5.186387055717907515e+02 -5.204028871986687363e+02 -5.200448738718720278e+02
-5.209334995185906791e+02 -5.194512848228265511e+02 -5.216333172434751759e+02 -5.204221706826562013e+02
0.000000000000000000e+00 0.000000000000000000e+00 0.000000000000000000e+00 0.000000000000000000e+00
-5.400455583527295857e+02 -5.547967098376250306e+02 -5.513727436652569622e+02 -5.515708550169615592e+02
0.000000000000000000e+00 0.000000000000000000e+00 0.000000000000000000e+00 0.000000000000000000e+00
-5.573558921495458662e+02 -5.610859241626108087e+02 -5.590734715727065804e+02 -5.609633617776905794e+02
-5.627371705499911059e+02 -5.633647508815035962e+02 -5.617598106619462897e+02 -5.771453378017961313e+02
-5.779727469489438363e+02 -5.850525523699050154e+02 -5.768653556557418369e+02 -5.772655763073261141e+02
0.000000000000000000e+00 0.000000000000000000e+00 0.000000000000000000e+00 0.000000000000000000e+00
0.000000000000000000e+00 0.000000000000000000e+00 0.000000000000000000e+00 0.000000000000000000e+00
-5.930785714036595664e+02 -5.967832346593810371e+02 -5.893628116849525895e+02 -5.895707249253053988e+02
0.000000000000000000e+00 0.000000000000000000e+00 0.000000000000000000e+00 0.000000000000000000e+00
-5.915194944885373616e+02 -6.020450129417329208e+02 -5.837032178292272420e+02 -6.019255869177560498e+02
-6.006644022490911539e+02 -6.017981973793814632e+02 -6.089442722951023370e+02 -5.981918736014487195e+02
0.000000000000000000e+00 0.000000000000000000e+00 0.000000000000000000e+00 0.000000000000000000e+00
0.000000000000000000e+00 0.000000000000000000e+00 0.000000000000000000e+00 0.000000000000000000e+00
0.000000000000000000e+00 0.000000000000000000e+00 0.000000000000000000e+00 0.000000000000000000e+00
0.000000000000000000e+00 0.000000000000000000e+00 0.000000000000000000e+00 0.000000000000000000e+00
-5.203954315255061829e+02 -5.186961737548330120e+02 -5.139603785866368071e+02 -5.182256738141268215e+02
-5.200072201236450837e+02 -5.189221592459900876e+02 -5.200461076486839147e+02 -5.187716358871324474e+02
-5.187107728760346390e+02 -5.189871303581418260e+02 -5.197884682439694188e+02 -5.209469251557818552e+02
-5.214677046285528377e+02 -5.225698036535439996e+02 -5.208274409649515064e+02 -5.221953221119757700e+02
0.000000000000000000e+00 0.000000000000000000e+00 0.000000000000000000e+00 0.000000000000000000e+00
-5.509604847723836656e+02 -5.531280166303124588e+02 -5.512611127017116814e+02 -5.514592240534160510e+02
0.000000000000000000e+00 0.000000000000000000e+00 0.000000000000000000e+00 0.000000000000000000e+00
-5.577608113505921210e+02 -5.586970840945593864e+02 -5.781285550227503336e+02 -5.783985532452520602e+02
-5.628236620328144681e+02 -5.631754008627826806e+02 -5.783274327197818820e+02 -5.784672423539950614e+02
-5.813126989795190411e+02 -5.834443948066416397e+02 -5.778718595095763249e+02 -5.785537338368183100e+02
0.000000000000000000e+00 0.000000000000000000e+00 0.000000000000000000e+00 0.000000000000000000e+00
0.000000000000000000e+00 0.000000000000000000e+00 0.000000000000000000e+00 0.000000000000000000e+00
0.000000000000000000e+00 0.000000000000000000e+00 0.000000000000000000e+00 0.000000000000000000e+00
-5.916825716035720006e+02 -5.918708712549281472e+02 -5.920591709062841801e+02 -5.967382515158415117e+02
-6.016366211881138497e+02 -6.059428637310267050e+02 -5.915960801207487521e+02 -5.912631073384288811e+02
-5.916061377644821277e+02 -6.026693976882924062e+02 -5.959575100715201188e+02 -6.018964494389716720e+02
