-1.903967610209017502e-02 -5.750469113125025039e-02 -5.671911943219108687e-02 1.998208012613160722e+00
-2.671519624691675449e-02 -5.536774431685804326e-02 -3.713084435771109998e-02 1.587272473183733545e+00
6.813231040491719570e-01 -5.461675026269548899e-02 -5.554948280980006453e-02 2.006183130473935261e+00
7.318924777512733071e-01 -5.427277408368960665e-02 -5.563715609676319479e-02 1.842999979248161502e+00
1.966568506850390641e+00 -5.234610141777113618e-02 -3.187088629162567605e-02 -5.305958169287857545e-02
7.760693805854849969e-02 2.079838657179299943e+00 -5.524688316409152866e-02 -2.036277763820772829e-02
3.398643219084259565e-02 5.421040137202308706e-01 1.933596453830469519e+00 7.596885042439700531e-01
1.050387464159868445e-01 2.787254986661706346e-01 1.978065206421872890e+00 3.393780400778924067e-01
1.959502459385387141e+00 2.109706659644301208e-01 6.576426996485217336e-01 1.284498155077527237e-01
6.218182050155862672e-01 8.952066302454635138e-02 2.006212386670201298e+00 -5.614094125751325354e-02
-3.491122136901653877e-02 5.305234122465747326e-01 -5.329049222511544198e-02 1.914602406272596813e+00
2.193827003929731956e-01 1.035787702667175125e+00 -3.480406908967881990e-03 1.854945179529469801e+00
2.522946574755283722e-01 1.940402086297385198e+00 8.349266521832869603e-02 2.501218323706216329e-01
2.403690568693840901e-01 -2.726404883378935953e-02 6.714641228922606508e-01 1.815277470235700408e+00
1.860439689433090127e+00 2.573369745885118465e-01 3.371357633981389990e-01 -5.735707489493117872e-02
-5.672967467365200691e-05 1.644324184048181925e+00 -5.541794719427143440e-02 1.515279517537410636e-01
1.789204898221155249e+00 4.215709816894467887e-01 3.252955410697375149e-01 -5.335995866103579455e-02
4.200152640812412908e-01 8.242321700316876942e-01 1.989058358067744114e+00 8.783204263536370515e-02
5.467967562788214608e-02 1.578394298361014136e-01 1.822345663027904683e+00 1.333021925924147144e-01
1.572499910886467456e+00 -5.596900247855336047e-02 6.048931316138298486e-01 -5.617429871887913428e-02
-4.034528192593496432e-02 1.936811986624677129e+00 -5.517360049991120591e-02 1.044667960796930029e-01
3.330242282588410374e-01 -5.045389360013301933e-02 4.988562245296980779e-01 1.793980426187052446e+00
1.701889078157415636e+00 1.123143487980715338e-01 1.038053210535595933e-01 1.967523576214287306e-01
-3.065076538462756933e-02 1.824445755018395898e+00 4.165388095645237154e-01 4.015919007599896146e-02
1.912155071533459205e+00 -5.622098350777594844e-02 4.806410819803021983e-01 -5.691068888724934438e-02
-5.624127892633506987e-02 1.656316866923890352e+00 -5.613522445631426161e-02 -4.007412338728731649e-02
-5.520421253813561496e-02 1.973970747753540922e-02 1.793873319128089339e+00 5.461840662991699485e-02
-4.360412303622695357e-02 2.897678422247739610e-02 1.696116199072464470e+00 1.270237400987538345e-01
-5.555694440504711784e-02 1.761453803376390459e+00 6.090160247573682684e-01 -5.415040117377344780e-02
-5.571012346398868109e-02 -2.605453556508247059e-02 1.720821080971381978e+00 -5.652847958985192378e-02
