0.000000000000000000e+00 0.000000000000000000e+00 0.000000000000000000e+00 0.000000000000000000e+00
-1.111845004694996987e+03 -1.106031036579350484e+03 -1.106452128764816507e+03 -1.106554124382525288e+03
-1.104445622870451643e+03 -1.105545307707228858e+03 -1.111719667669492765e+03 -1.108279979428845763e+03
-1.112655444864509946e+03 -1.104680367325014004e+03 -1.112850340009578076e+03 -1.112234674481471302e+03
0.000000000000000000e+00 0.000000000000000000e+00 0.000000000000000000e+00 0.000000000000000000e+00
-1.087629091681352975e+03 -1.081635004138410977e+03 -1.085633598436851344e+03 -1.086728103282112443e+03
0.000000000000000000e+00 0.000000000000000000e+00 0.000000000000000000e+00 0.000000000000000000e+00
0.000000000000000000e+00 0.000000000000000000e+00 0.000000000000000000e+00 0.000000000000000000e+00
-1.133547591810226777e+03 -1.131369859742467042e+03 -1.131094049250639046e+03 -1.131604432129951192e+03
-1.129800878713356951e+03 -1.130758404498375285e+03 -1.131807893345726825e+03 -1.130505301707713670e+03
-1.130687170258886681e+03 -1.130101870277126409e+03 -1.130451547007871795e+03 -1.129662670716847742e+03
0.000000000000000000e+00 0.000000000000000000e+00 0.000000000000000000e+00 0.000000000000000000e+00
-1.128289566355923398e+03 -1.127157632725791700e+03 -1.127865737215084437e+03 -1.128359912583397090e+03
-1.130075586123870153e+03 -1.129926074942221476e+03 -1.130258296004678641e+03 -1.129487414931343210e+03
0.000000000000000000e+00 0.000000000000000000e+00 0.000000000000000000e+00 0.000000000000000000e+00
-1.172484247039257298e+03 -1.170135843096247982e+03 -1.170772677977934336e+03 -1.164745593764561363e+03
-1.166912001117724458e+03 -1.170388901536854291e+03 -1.171722906275785135e+03 -1.168452697158873207e+03
0.000000000000000000e+00 0.000000000000000000e+00 0.000000000000000000e+00 0.000000000000000000e+00
-1.163580538387092020e+03 -1.163407051827673513e+03 -1.162335384841766881e+03 -1.159157734888419554e+03
0.000000000000000000e+00 0.000000000000000000e+00 0.000000000000000000e+00 0.000000000000000000e+00
-1.107816867750293341e+03 -1.108595975109663868e+03 -1.109828963806814727e+03 -1.113646605607420497e+03
-1.105347302052969553e+03 -1.107072045694297458e+03 -1.109170863346393389e+03 -1.110968755169762971e+03
-1.108690355224226550e+03 -1.103123074571266670e+03 -1.105474019022569792e+03 -1.104832963061989858e+03
0.000000000000000000e+00 0.000000000000000000e+00 0.000000000000000000e+00 0.000000000000000000e+00
0.000000000000000000e+00 0.000000000000000000e+00 0.000000000000000000e+00 0.000000000000000000e+00
-1.087254772661916832e+03 -1.079328513623742310e+03 -1.086678253177874694e+03 -1.078914548073726110e+03
0.000000000000000000e+00 0.000000000000000000e+00 0.000000000000000000e+00 0.000000000000000000e+00
0.000000000000000000e+00 0.000000000000000000e+00 0.000000000000000000e+00 0.000000000000000000e+00
-1.134174755258932919e+03 -1.132829702585508585e+03 -1.132709310801489210e+03 -1.135067429833922688e+03
-1.130126344798781474e+03 -1.131191490777443050e+03 -1.131038166282412931e+03 -1.131897193638807721e+03
-1.128272558694269264e+03 -1.128233821538461598e+03 -1.128935658456716283e+03 -1.128791604722773400e+03
-1.123907586028329433e+03 -1.122904053004560410e+03 -1.123964088733393282e+03 -1.124342425617125627e+03
-1.127140985338669225e+03 -1.126465841339114377e+03 -1.127083430673190151e+03 -1.125790997659416007e+03
0.000000000000000000e+00 0.000000000000000000e+00 0.000000000000000000e+00 0.000000000000000000e+00
-1.155897565415560848e+03 -1.155258254774019633e+03 -1.156071427095583886e+03 -1.156758864954884302e+03
-1.159370190133622373e+03 -1.167535914908496807e+03 -1.158278783862292812e+03 -1.159888517086359343e+03
-1.160897480229692292e+03 -1.167085337096815238e+03 -1.160121938236127335e+03 -1.160049631985484211e+03
0.000000000000000000e+00 0.000000000000000000e+00 0.000000000000000000e+00 0.000000000000000000e+00
-1.161921831315342843e+03 -1.161739023561115118e+03 -1.160930203542189702e+03 -1.159116995267179391e+03
0.000000000000000000e+00 0.000000000000000000e+00 0.000000000000000000e+00 0.000000000000000000e+00
0.000000000000000000e+00 0.000000000000000000e+00 0.000000000000000000e+00 0.000000000000000000e+00
0.000000000000000000e+00 0.000000000000000000e+00 0.000000000000000000e+00 0.000000000000000000e+00
-1.099887070085387677e+03 -1.102854320584825473e+03 -1.101879879436736246e+03 -1.105836229590540597e+03
-1.102243745583337841e+03 -1.098599283267496730e+03 -1.099792340583408532e+03 -1.101631516605351408e+03
0.000000000000000000e+00 0.000000000000000000e+00 0.000000000000000000e+00 0.000000000000000000e+00
-1.086939828828337113e+03 -1.081008442548572475e+03 -1.079648594442478498e+03 -1.082875292328806609e+03
0.000000000000000000e+00 0.000000000000000000e+00 0.000000000000000000e+00 0.000000000000000000e+00
0.000000000000000000e+00 0.000000000000000000e+00 0.000000000000000000e+00 0.000000000000000000e+00
0.000000000000000000e+00 0.000000000000000000e+00 0.000000000000000000e+00 0.000000000000000000e+00
0.000000000000000000e+00 0.000000000000000000e+00 0.000000000000000000e+00 0.000000000000000000e+00
0.000000000000000000e+00 0.000000000000000000e+00 0.000000000000000000e+00 0.000000000000000000e+00
-1.118753280903551513e+03 -1.117935753219787102e+03 -1.117912137268890092e+03 -1.118343893163339771e+03
0.000000000000000000e+00 0.000000000000000000e+00 0.000000000000000000e+00 0.000000000000000000e+00
0.000000000000000000e+00 0.000000000000000000e+00 0.000000000000000000e+00 0.000000000000000000e+00
-1.149862500024429437e+03 -1.151713557419429890e+03 -1.151149936060697428e+03 -1.150320143195840274e+03
0.000000000000000000e+00 0.000000000000000000e+00 0.000000000000000000e+00 0.000000000000000000e+00
-1.157182285631962486e+03 -1.157228767421719112e+03 -1.157037766833394016e+03 -1.157083373057760355e+03
0.000000000000000000e+00 0.000000000000000000e+00 0.000000000000000000e+00 0.000000000000000000e+00
-1.159828868844690078e+03 -1.159787658836239416e+03 -1.158937946910003802e+03 -1.159090646146286872e+03
-1.159136779271737623e+03 -1.159151112808913922e+03 -1.160451481443093599e+03 -1.159241201926771964e+03
0.000000000000000000e+00 0.000000000000000000e+00 0.000000000000000000e+00 0.000000000000000000e+00
0.000000000000000000e+00 0.000000000000000000e+00 0.000000000000000000e+00 0.000000000000000000e+00
0.000000000000000000e+00 0.000000000000000000e+00 0.000000000000000000e+00 0.000000000000000000e+00
-1.094269792110550725e+03 -1.094721363962746864e+03 -1.091674935316593519e+03 -1.092681783655173604e+03
0.000000000000000000e+00 0.000000000000000000e+00 0.000000000000000000e+00 0.000000000000000000e+00
-1.086905920333526410e+03 -1.080934791486530685e+03 -1.083443019934204131e+03 -1.087634886443292544e+03
-1.078688868520389406e+03 -1.078508303704730451e+03 -1.082436093129235360e+03 -1.082425356221815719e+03
-1.075977383882843014e+03 -1.077296344189242518e+03 -1.075886308687201563e+03 -1.080854607856171015e+03
-1.078604046478654709e+03 -1.076340088100771482e+03 -1.076416838974320399e+03 -1.076189600415121504e+03
0.000000000000000000e+00 0.000000000000000000e+00 0.000000000000000000e+00 0.000000000000000000e+00
-1.094426105579168052e+03 -1.095731514375932420e+03 -1.095320830137628718e+03 -1.095341407345407561e+03
-1.113767825615680749e+03 -1.113389770732015904e+03 -1.111200606452941656e+03 -1.113872691724815013e+03
-1.123313965186660425e+03 -1.088525128468707408e+03 -1.122836055034165156e+03 -1.124718217903672667e+03
-1.135392523861662312e+03 -1.135435805250792328e+03 -1.132907404413220320e+03 -1.135859950642269496e+03
-1.144422583782816446e+03 -1.144428037202033465e+03 -1.141947010155148746e+03 -1.144068177513968294e+03
0.000000000000000000e+00 0.000000000000000000e+00 0.000000000000000000e+00 0.000000000000000000e+00
-1.025904283223243056e+03 -1.155651183155412127e+03 -1.155744912851746903e+03 -1.156192221854997570e+03
-1.156607591687733020e+03 -1.156694951993264340e+03 -1.157580604620840177e+03 -1.156839024104513101e+03
-1.158126215774426328e+03 -1.157694952187700210e+03 -1.158201639212967166e+03 -1.158011925949694387e+03
-1.157825413731053459e+03 -1.159745793757737147e+03 -1.158106313877804496e+03 -1.159608971609079390e+03
0.000000000000000000e+00 0.000000000000000000e+00 0.000000000000000000e+00 0.000000000000000000e+00
-1.094390582544623612e+03 -1.092441085696314076e+03 -1.095318880804431046e+03 -1.095278085338617984e+03
-1.080224728841416209e+03 -1.089917303696345698e+03 -1.090044896135093040e+03 -1.091382577261244023e+03
-1.090111235242238081e+03 -1.088053780704944074e+03 -1.090229509694202761e+03 -1.096283221923269821e+03
-1.090730359565802701e+03 -1.087635840339853075e+03 -1.090553176283914127e+03 -1.082872728968718775e+03
-1.083783416409292158e+03 -1.085786439732132294e+03 -1.082492749195714850e+03 -1.077027966229670255e+03
-1.073380994809605909e+03 -1.080068687422342919e+03 -1.074957991800761874e+03 -1.073401834910500384e+03
-1.072285295599669553e+03 -1.071813329207620200e+03 -1.072863295545194887e+03 -1.072029550055743357e+03
-1.072361973503423542e+03 -1.073096874047594383e+03 -1.072082972620542250e+03 -1.076936573864073125e+03
-1.076026634822229880e+03 -1.074391889543241177e+03 -1.074260463148186318e+03 -1.074263237614249192e+03
-1.086503553855098062e+03 -1.086669211881310957e+03 -1.084366080017297691e+03 -1.085765487361558826e+03
0.000000000000000000e+00 0.000000000000000000e+00 0.000000000000000000e+00 0.000000000000000000e+00
-1.120596595208188774e+03 -1.122895726006865516e+03 -1.122218264020930064e+03 -1.120729934138750650e+03
0.000000000000000000e+00 0.000000000000000000e+00 0.000000000000000000e+00 0.000000000000000000e+00
-1.146167206031830119e+03 -1.144199473077775338e+03 -1.145921570821602018e+03 -1.145989969403309715e+03
-2.887233891772679328e+01 -8.375355456272430956e+02 -1.143085621748046833e+03 -8.445890263196125716e+02
-8.582567399390663923e+02 -1.147829469211007563e+03 -2.878534532242689181e+01 -8.891779414933196222e+02
0.000000000000000000e+00 0.000000000000000000e+00 0.000000000000000000e+00 0.000000000000000000e+00
-1.154406680895952377e+03 -1.158230748619172346e+03 -1.157319460961658933e+03 -1.156979849204491074e+03
-1.156767267732506525e+03 -1.158428820391205591e+03 -1.156761979257391886e+03 -1.157886250585710741e+03
0.000000000000000000e+00 0.000000000000000000e+00 0.000000000000000000e+00 0.000000000000000000e+00
0.000000000000000000e+00 0.000000000000000000e+00 0.000000000000000000e+00 0.000000000000000000e+00
-1.071124057968163243e+03 -1.076371532950731989e+03 -1.074274217047070124e+03 -1.074618331976699892e+03
0.000000000000000000e+00 0.000000000000000000e+00 0.000000000000000000e+00 0.000000000000000000e+00
-1.087364202727732163e+03 -1.086705060056824550e+03 -1.086260918100547769e+03 -1.088271550081174610e+03
-1.077344136846210176e+03 -1.084324667605907962e+03 -1.082587629155311788e+03 -1.084733713871116606e+03
-1.066256019522235192e+03 -1.071091691470241358e+03 -1.077964845951639063e+03 -1.067916034158274670e+03
-1.071454692430483419e+03 -1.071531197437486298e+03 -1.071567340205693199e+03 -1.071919251850020828e+03
0.000000000000000000e+00 0.000000000000000000e+00 0.000000000000000000e+00 0.000000000000000000e+00
-1.068220661828344191e+03 -1.064896538650716366e+03 -1.059282642894110950e+03 -1.061216610663356732e+03
0.000000000000000000e+00 0.000000000000000000e+00 0.000000000000000000e+00 0.000000000000000000e+00
-1.113113788026055317e+03 -1.113999666188816263e+03 -1.114459016570399399e+03 -1.114718239668952947e+03
-1.118607445264040507e+03 -1.119106528593833900e+03 -1.113059844570145287e+03 -1.116406570387487136e+03
0.000000000000000000e+00 0.000000000000000000e+00 0.000000000000000000e+00 0.000000000000000000e+00
0.000000000000000000e+00 0.000000000000000000e+00 0.000000000000000000e+00 0.000000000000000000e+00
-2.884967051204142763e+01 -1.023068655093131269e+03 -9.284695964840024089e+02 -9.425317070523059328e+02
0.000000000000000000e+00 0.000000000000000000e+00 0.000000000000000000e+00 0.000000000000000000e+00
0.000000000000000000e+00 0.000000000000000000e+00 0.000000000000000000e+00 0.000000000000000000e+00
-1.153087329050688140e+03 -1.153760779895631686e+03 -1.153520796480685476e+03 -1.155175030173890491e+03
-1.156583401108297039e+03 -1.156791193991561158e+03 -1.155585532661350953e+03 -1.155577170549606990e+03
-1.064386566167480396e+03 -1.064730681097110164e+03 -1.065074796026741069e+03 -1.065469309565929507e+03
-1.067076495751976381e+03 -1.063698336308220178e+03 -1.064289069322985142e+03 -1.064203743339928224e+03
-1.064177169907466350e+03 -1.068249131936490357e+03 -1.065017920544931030e+03 -1.064024063223625717e+03
0.000000000000000000e+00 0.000000000000000000e+00 0.000000000000000000e+00 0.000000000000000000e+00
-1.091539403394099281e+03 -1.091321378893962674e+03 -1.087420934977561728e+03 -1.087822840572311861e+03
0.000000000000000000e+00 0.000000000000000000e+00 0.000000000000000000e+00 0.000000000000000000e+00
-1.057180025790167974e+03 -1.060856029792685376e+03 -1.057451220505925221e+03 -1.057177012016260505e+03
0.000000000000000000e+00 0.000000000000000000e+00 0.000000000000000000e+00 0.000000000000000000e+00
-1.046588546671083805e+03 -1.047068873129750500e+03 -1.048024275369973111e+03 -1.053202329757360303e+03
-1.061720019673304023e+03 -1.056356321233323797e+03 -1.055255400872363907e+03 -1.055985142179147942e+03
-1.057321214863017758e+03 -1.056849958346750327e+03 -1.056111551905628630e+03 -1.056472414738938824e+03
0.000000000000000000e+00 0.000000000000000000e+00 0.000000000000000000e+00 0.000000000000000000e+00
-1.116564166585627845e+03 -1.117504325124148181e+03 -1.116939339321001171e+03 -9.097186715359140408e+02
-2.818494673573302123e+01 -1.116255750411615054e+03 -1.103714998996398890e+03 -6.845740642590284324e+02
-1.081644804447894785e+03 -7.549490106265773193e+02 -2.850136772300074028e+01 -9.162357787765615740e+02
-7.978976087041635310e+02 -9.231210790808647744e+02 -2.872439940763789323e+01 -7.596559124398777385e+02
0.000000000000000000e+00 0.000000000000000000e+00 0.000000000000000000e+00 0.000000000000000000e+00
0.000000000000000000e+00 0.000000000000000000e+00 0.000000000000000000e+00 0.000000000000000000e+00
-1.147415803940360775e+03 -1.152190153523435356e+03 -1.148728604430928044e+03 -1.150302606193019301e+03
0.000000000000000000e+00 0.000000000000000000e+00 0.000000000000000000e+00 0.000000000000000000e+00
0.000000000000000000e+00 0.000000000000000000e+00 0.000000000000000000e+00 0.000000000000000000e+00
-1.055095412988724092e+03 -1.065251894191182146e+03 -1.066547744148322181e+03 -1.066833314625143430e+03
-1.059478522037097264e+03 -1.063729917724626375e+03 -1.058406684470337950e+03 -1.055626735019425496e+03
0.000000000000000000e+00 0.000000000000000000e+00 0.000000000000000000e+00 0.000000000000000000e+00
0.000000000000000000e+00 0.000000000000000000e+00 0.000000000000000000e+00 0.000000000000000000e+00
0.000000000000000000e+00 0.000000000000000000e+00 0.000000000000000000e+00 0.000000000000000000e+00
-1.050582082576230277e+03 -1.051510389756135964e+03 -1.051450121604059177e+03 -1.052133089995453474e+03
0.000000000000000000e+00 0.000000000000000000e+00 0.000000000000000000e+00 0.000000000000000000e+00
-1.039536742863230756e+03 -1.043904202410500830e+03 -1.044188523427049404e+03 -1.044207706328644008e+03
-1.054091952730798766e+03 -1.054707796301803455e+03 -1.052053368521494122e+03 -1.055067089018427168e+03
-9.882250545054067743e+02 -1.055445654560887078e+03 -1.054817887346807083e+03 -1.060453277996408360e+03
-1.071085115418407895e+03 -1.053711757904208753e+03 -1.047361921833122324e+03 -1.054844226605090626e+03
0.000000000000000000e+00 0.000000000000000000e+00 0.000000000000000000e+00 0.000000000000000000e+00
-2.777953936643815780e+01 -1.108280725549722320e+03 -9.016272802844656553e+02 -1.069235964791487049e+03
-1.116417165025301756e+03 -1.116421352523465657e+03 -7.086615251306018308e+02 -1.116318818395745893e+03
0.000000000000000000e+00 0.000000000000000000e+00 0.000000000000000000e+00 0.000000000000000000e+00
-1.131800352389479713e+03 -1.132041403858297144e+03 -1.131977061314189086e+03 -1.133575134599627745e+03
-1.136979422460775368e+03 -1.137750746106343286e+03 -1.137113531052146300e+03 -1.138967333473664439e+03
-1.143944161965024250e+03 -1.145124620310390583e+03 -1.141639243801580278e+03 -1.142543561070516262e+03
-1.143413665665144890e+03 -1.144352119002467589e+03 -1.144296238073455243e+03 -1.142339571306311200e+03
-1.044886740868014158e+03 -1.042922329866887594e+03 -1.042561673708407170e+03 -1.043451754144304232e+03
0.000000000000000000e+00 0.000000000000000000e+00 0.000000000000000000e+00 0.000000000000000000e+00
-1.045335464909604752e+03 -1.050771129530443432e+03 -1.050361272926924130e+03 -1.048690019627711308e+03
-1.037189336313763306e+03 -1.041684004420981410e+03 -1.044820955233074983e+03 -1.041352778068348471e+03
0.000000000000000000e+00 0.000000000000000000e+00 0.000000000000000000e+00 0.000000000000000000e+00
-1.043810399718705185e+03 -1.041695172240845750e+03 -1.042472820667606356e+03 -1.043376357692571446e+03
-1.037921067340475020e+03 -1.042366822035460928e+03 -1.038273647242078368e+03 -1.036889105620802866e+03
-1.022358595430947844e+03 -1.024694597550752405e+03 -1.025971277622640628e+03 -1.026731978738762109e+03
-1.030186793657083854e+03 -1.026324558036949838e+03 -1.026134383113417698e+03 -1.026273014475661739e+03
0.000000000000000000e+00 0.000000000000000000e+00 0.000000000000000000e+00 0.000000000000000000e+00
0.000000000000000000e+00 0.000000000000000000e+00 0.000000000000000000e+00 0.000000000000000000e+00
-2.602268369608581366e+01 -1.057576897228967027e+03 -7.511585904101578990e+02 -9.554224053017859433e+02
-1.049393104669361946e+03 -9.752874707952606741e+02 -2.670289838677232197e+01 -8.091154767739411682e+02
-1.099001285094001787e+03 -8.886002653222843719e+02 -2.728656820677770867e+01 -1.096278233349125230e+03
-1.110088893964592444e+03 -1.114587632366871730e+03 -9.037655878178859439e+02 -1.110655850123666369e+03
0.000000000000000000e+00 0.000000000000000000e+00 0.000000000000000000e+00 0.000000000000000000e+00
-1.128315387708869366e+03 -1.129163252636971265e+03 -1.128967626163863997e+03 -1.129829328537908850e+03
-1.135481572154483956e+03 -1.137251500178285141e+03 -1.134145226353033195e+03 -1.135535303826168047e+03
0.000000000000000000e+00 0.000000000000000000e+00 0.000000000000000000e+00 0.000000000000000000e+00
-1.142017771994625946e+03 -1.142935811546274181e+03 -1.141633921199558472e+03 -1.142192083639589100e+03
-1.042236453248891166e+03 -1.041528688586930684e+03 -1.046422217404104231e+03 -1.048669800558448514e+03
-1.043760781338732386e+03 -1.038294155120762980e+03 -1.043458826751764263e+03 -1.045702286280561111e+03
-1.038451421185117397e+03 -1.043419333368942262e+03 -1.041033253818595085e+03 -1.035911305908962959e+03
-1.024453234996827177e+03 -1.027149139269192119e+03 -1.031472923567033604e+03 -1.031734807305177810e+03
0.000000000000000000e+00 0.000000000000000000e+00 0.000000000000000000e+00 0.000000000000000000e+00
0.000000000000000000e+00 0.000000000000000000e+00 0.000000000000000000e+00 0.000000000000000000e+00
0.000000000000000000e+00 0.000000000000000000e+00 0.000000000000000000e+00 0.000000000000000000e+00
-1.009174220668946646e+03 -1.013755239820491511e+03 -1.013060373636909958e+03 -1.013043690298483057e+03
-7.436940886587639170e+02 -1.014268691980789299e+03 -1.010652486037588233e+03 -1.013751669856386343e+03
-2.336083103866866750e+01 -9.261185517165289411e+02 -1.018644840126363761e+03 -6.788918314729770600e+02
-8.398724947035414061e+02 -8.349317782734158300e+02 -2.435345632118654535e+01 -8.204540383647753288e+02
-1.000069575587682607e+03 -7.853329416857770866e+02 -2.524038542484617409e+01 -1.056081023042484048e+03
-1.079114118664694388e+03 -1.083681293797938906e+03 -7.211985947988843009e+02 -1.078006503838055551e+03
-1.088945467053504217e+03 -1.089866156294494431e+03 -1.068375985363862810e+03 -1.102476903244699770e+03
-1.094838243743866542e+03 -1.107625371890169845e+03 -1.095361980454584454e+03 -1.112332029492187303e+03
-1.121579725629877203e+03 -1.121933496444577258e+03 -1.106871372915400570e+03 -1.131456798551153952e+03
-1.135880184837080833e+03 -1.123609294488717069e+03 -1.124254262347813665e+03 -1.133067304753233429e+03
0.000000000000000000e+00 0.000000000000000000e+00 0.000000000000000000e+00 0.000000000000000000e+00
-1.135781807225186867e+03 -1.136231346767132209e+03 -1.135756837480965714e+03 -1.139175565264131819e+03
-1.140306367224222413e+03 -1.141556516055076827e+03 -1.140036538623751539e+03 -1.138757341791122826e+03
0.000000000000000000e+00 0.000000000000000000e+00 0.000000000000000000e+00 0.000000000000000000e+00
-1.045046705578866295e+03 -1.046505394797781264e+03 -1.044730317647821721e+03 -1.042580655419804771e+03
0.000000000000000000e+00 0.000000000000000000e+00 0.000000000000000000e+00 0.000000000000000000e+00
-1.011793109131156029e+03 -1.014100150050402817e+03 -1.009538139854137057e+03 -1.008388707291028140e+03
-9.915497116868351668e+02 -9.932721729554234571e+02 -9.969796777583558196e+02 -9.918728877523334404e+02
-9.881308639183921514e+02 -9.837725943155719506e+02 -9.898310492576879369e+02 -9.860813490046290326e+02
-9.096159638186870779e+02 -9.842440821307894794e+02 -9.825563918416505658e+02 -9.932239091108522189e+02
-1.001777463716273587e+03 -1.001974730981811604e+03 -9.779354647011144834e+02 -1.003324159788686075e+03
-2.105230285805458479e+01 -9.726829497769125510e+02 -9.953563284822730566e+02 -9.028535959345319952e+02
-8.244839573677593307e+02 -7.979795875942239718e+02 -2.226082191240824670e+01 -8.233197354245810402e+02
0.000000000000000000e+00 0.000000000000000000e+00 0.000000000000000000e+00 0.000000000000000000e+00
-1.065503357012812103e+03 -7.079471559382972146e+02 -1.065455685842342746e+03 -1.065180233795095774e+03
0.000000000000000000e+00 0.000000000000000000e+00 0.000000000000000000e+00 0.000000000000000000e+00
-1.094042122995246245e+03 -1.094311658911057748e+03 -1.093597039463926649e+03 -1.094718594854231696e+03
-1.094950637166924707e+03 -1.095917256781169726e+03 -1.095336925166534911e+03 -1.095358011687596672e+03
0.000000000000000000e+00 0.000000000000000000e+00 0.000000000000000000e+00 0.000000000000000000e+00
-1.135495165205947615e+03 -1.132707266507417216e+03 -1.132557201943018754e+03 -1.136512460440227869e+03
-1.133645286596535698e+03 -1.133409643528945026e+03 -1.134486997216125928e+03 -1.133513845687009052e+03
-1.130851804241844548e+03 -1.132566688826162590e+03 -1.135643186265508575e+03 -1.134879628406006077e+03
0.000000000000000000e+00 0.000000000000000000e+00 0.000000000000000000e+00 0.000000000000000000e+00
0.000000000000000000e+00 0.000000000000000000e+00 0.000000000000000000e+00 0.000000000000000000e+00
0.000000000000000000e+00 0.000000000000000000e+00 0.000000000000000000e+00 0.000000000000000000e+00
0.000000000000000000e+00 0.000000000000000000e+00 0.000000000000000000e+00 0.000000000000000000e+00
0.000000000000000000e+00 0.000000000000000000e+00 0.000000000000000000e+00 0.000000000000000000e+00
-9.903923664518285932e+02 -9.860829738524539607e+02 -9.899535658456239844e+02 -9.918430666559361271e+02
-9.796191676724874924e+02 -9.869934939651278683e+02 -9.831437403540223841e+02 -9.799204239378348120e+02
-7.017012013373505397e+02 -9.687184531817529205e+02 -9.689079954140129303e+02 -9.629015470075092935e+02
0.000000000000000000e+00 0.000000000000000000e+00 0.000000000000000000e+00 0.000000000000000000e+00
-1.973372500131272389e+01 -8.002094839682347356e+02 -8.819082331263718970e+02 -9.773493151060255286e+02
0.000000000000000000e+00 0.000000000000000000e+00 0.000000000000000000e+00 0.000000000000000000e+00
0.000000000000000000e+00 0.000000000000000000e+00 0.000000000000000000e+00 0.000000000000000000e+00
-1.065140408737665439e+03 -1.064583894130120370e+03 -1.064416843663472719e+03 -1.065038321164272475e+03
0.000000000000000000e+00 0.000000000000000000e+00 0.000000000000000000e+00 0.000000000000000000e+00
0.000000000000000000e+00 0.000000000000000000e+00 0.000000000000000000e+00 0.000000000000000000e+00
-1.098700376073478537e+03 -1.098381491156081211e+03 -1.097567843529472611e+03 -1.097599310187594710e+03
0.000000000000000000e+00 0.000000000000000000e+00 0.000000000000000000e+00 0.000000000000000000e+00
0.000000000000000000e+00 0.000000000000000000e+00 0.000000000000000000e+00 0.000000000000000000e+00
-1.130778759992529103e+03 -1.130203914265743606e+03 -1.124871873063625571e+03 -1.127566705425464761e+03
-1.128892951483544039e+03 -1.129393733154415031e+03 -1.130995899194253525e+03 -1.130938315942020836e+03
-1.132919245360747482e+03 -1.134178313463616632e+03 -1.133935078314353632e+03 -1.130056598671558959e+03
0.000000000000000000e+00 0.000000000000000000e+00 0.000000000000000000e+00 0.000000000000000000e+00
0.000000000000000000e+00 0.000000000000000000e+00 0.000000000000000000e+00 0.000000000000000000e+00
-3.700118984394893573e+02 -4.495161334223267886e+02 -4.493380653140399090e+02 -4.494574075090977772e+02
0.000000000000000000e+00 0.000000000000000000e+00 0.000000000000000000e+00 0.000000000000000000e+00
0.000000000000000000e+00 0.000000000000000000e+00 0.000000000000000000e+00 0.000000000000000000e+00
0.000000000000000000e+00 0.000000000000000000e+00 0.000000000000000000e+00 0.000000000000000000e+00
-2.830052970259429230e+02 -9.352508033453591452e+02 -8.876161340675955671e+02 -9.351702608755153960e+02
0.000000000000000000e+00 0.000000000000000000e+00 0.000000000000000000e+00 0.000000000000000000e+00
-1.830226286275932068e+01 -7.817721956705807997e+02 -8.648537827534216831e+02 -7.822862016269633614e+02
0.000000000000000000e+00 0.000000000000000000e+00 0.000000000000000000e+00 0.000000000000000000e+00
-1.067800042548972669e+03 -1.067847913407196074e+03 -1.068807366435951735e+03 -1.068425915787654503e+03
-1.064033940994021805e+03 -1.063551755175556991e+03 -1.064118047266581470e+03 -1.062784185311803412e+03
0.000000000000000000e+00 0.000000000000000000e+00 0.000000000000000000e+00 0.000000000000000000e+00
-1.098136958854376189e+03 -1.098469315861157156e+03 -1.098854030202281820e+03 -1.099138556047988004e+03
-1.099545570698375514e+03 -1.099204393708819907e+03 -1.098038188745904336e+03 -1.098929689910348316e+03
0.000000000000000000e+00 0.000000000000000000e+00 0.000000000000000000e+00 0.000000000000000000e+00
0.000000000000000000e+00 0.000000000000000000e+00 0.000000000000000000e+00 0.000000000000000000e+00
-1.133512051828676022e+03 -1.118870628451005587e+03 -1.132371016335593140e+03 -1.115002810496009488e+03
0.000000000000000000e+00 0.000000000000000000e+00 0.000000000000000000e+00 0.000000000000000000e+00
0.000000000000000000e+00 0.000000000000000000e+00 0.000000000000000000e+00 0.000000000000000000e+00
-2.809465175245328510e+02 -2.806988693993066022e+02 -2.811025326253201229e+02 -1.865552597043077299e+02
-2.529862330829459882e+00 -1.493879542865001042e+02 -2.636424284333035075e+02 -2.784864758230863231e+02
-2.666495595032146753e+02 -4.386260670411766114e+02 -4.937401944497148421e+00 -3.048685125909026965e+02
-4.652643568483598528e+02 -3.383878416056607534e+02 -7.223274786204120446e+00 -5.442919920367528448e+02
-5.200141330833750999e+02 -4.734712217560447129e+02 -9.386624814128323280e+00 -5.340949594934085098e+02
-7.693581944987681709e+02 -6.678320062608297576e+02 -1.142356609618273211e+01 -7.732581784216440610e+02
-8.770759906307716847e+02 -7.972749227977849387e+02 -1.331375979864012038e+01 -8.913866349979377901e+02
-8.850522377804552434e+02 -5.452227445801315753e+02 -1.509034428932484140e+01 -7.465728892039437596e+02
-9.284434769172918323e+02 -6.711487546756139864e+02 -1.675466833485923246e+01 -8.398775955700525628e+02
0.000000000000000000e+00 0.000000000000000000e+00 0.000000000000000000e+00 0.000000000000000000e+00
0.000000000000000000e+00 0.000000000000000000e+00 0.000000000000000000e+00 0.000000000000000000e+00
-1.061240047848048334e+03 -1.061588022245165121e+03 -1.061645381290473324e+03 -1.061693566108111554e+03
-1.064721219716067480e+03 -1.065932118653476209e+03 -1.065493591468691648e+03 -1.064667437415883342e+03
0.000000000000000000e+00 0.000000000000000000e+00 0.000000000000000000e+00 0.000000000000000000e+00
-1.096281018196150171e+03 -1.096310658506345817e+03 -1.094862845681303497e+03 -1.096495697531812539e+03
-1.104044569339077952e+03 -1.100706669573846966e+03 -1.102249265287777234e+03 -1.104856074109137126e+03
-1.114328900765302933e+03 -1.109164952581425496e+03 -1.106847576410852071e+03 -1.111346729460789220e+03
-1.127019490837458761e+03 -1.118680256577449427e+03 -1.127940714795882286e+03 -1.119135045353411442e+03
-1.125548281346219710e+03 -1.125371095124712838e+03 -1.129063336787606431e+03 -1.129826625484230362e+03
0.000000000000000000e+00 0.000000000000000000e+00 0.000000000000000000e+00 0.000000000000000000e+00
0.000000000000000000e+00 0.000000000000000000e+00 0.000000000000000000e+00 0.000000000000000000e+00
0.000000000000000000e+00 0.000000000000000000e+00 0.000000000000000000e+00 0.000000000000000000e+00
0.000000000000000000e+00 0.000000000000000000e+00 0.000000000000000000e+00 0.000000000000000000e+00
0.000000000000000000e+00 0.000000000000000000e+00 0.000000000000000000e+00 0.000000000000000000e+00
0.000000000000000000e+00 0.000000000000000000e+00 0.000000000000000000e+00 0.000000000000000000e+00
-8.769918333338503089e+02 -3.921258894581666254e+02 -8.783162331490287897e+02 -8.805208090745136360e+02
-8.991854600081388753e+02 -9.014087297149479809e+02 -7.765100237763178939e+02 -9.018148109551908647e+02
-9.142145250132704177e+02 -5.480731469916318019e+02 -9.122345329870372552e+02 -9.116211000629430146e+02
-9.257011851790326773e+02 -9.195664272083258766e+02 -8.652920376787886880e+02 -9.174961580525819045e+02
0.000000000000000000e+00 0.000000000000000000e+00 0.000000000000000000e+00 0.000000000000000000e+00
-1.048038024030449833e+03 -1.088575449514278944e+03 -1.095106618414755530e+03 -1.092198757598294833e+03
-1.055944350191221929e+03 -1.056862835983035211e+03 -1.079702751585687338e+03 -1.055874969938300637e+03
0.000000000000000000e+00 0.000000000000000000e+00 0.000000000000000000e+00 0.000000000000000000e+00
0.000000000000000000e+00 0.000000000000000000e+00 0.000000000000000000e+00 0.000000000000000000e+00
-1.090321738045251777e+03 -1.089475594745008038e+03 -1.087154337263030811e+03 -1.090077569961151312e+03
0.000000000000000000e+00 0.000000000000000000e+00 0.000000000000000000e+00 0.000000000000000000e+00
-1.109054590121435240e+03 -1.107378216027037979e+03 -1.105682322455630128e+03 -1.103247063926941792e+03
0.000000000000000000e+00 0.000000000000000000e+00 0.000000000000000000e+00 0.000000000000000000e+00
0.000000000000000000e+00 0.000000000000000000e+00 0.000000000000000000e+00 0.000000000000000000e+00
-1.121339114101096811e+03 -1.119381949690690817e+03 -1.119687344327732490e+03 -1.119992738964775072e+03
0.000000000000000000e+00 0.000000000000000000e+00 0.000000000000000000e+00 0.000000000000000000e+00
0.000000000000000000e+00 0.000000000000000000e+00 0.000000000000000000e+00 0.000000000000000000e+00
-9.295384555108689710e+02 -9.287293342081748051e+02 -9.291449209017175690e+02 -9.293110653786396824e+02
-9.234759514122824839e+02 -9.254912279085849605e+02 -9.245601302736052958e+02 -9.253502034092078929e+02
-9.187782858097751841e+02 -9.184081712372702668e+02 -9.197527215432112371e+02 -9.190468542514520323e+02
-9.105641159660063977e+02 -9.104391866782935949e+02 -9.066985377784895945e+02 -9.093457881812855703e+02
-9.148652475216862285e+02 -9.083829752747817565e+02 -9.174535716917638410e+02 -9.104913275359882618e+02
-9.198281800437927131e+02 -9.148109368420991814e+02 -9.169520533784900636e+02 -9.175749616043196966e+02
-9.220959914717416268e+02 -9.211600438266452784e+02 -9.246542089193059155e+02 -9.212494228512625796e+02
0.000000000000000000e+00 0.000000000000000000e+00 0.000000000000000000e+00 0.000000000000000000e+00
0.000000000000000000e+00 0.000000000000000000e+00 0.000000000000000000e+00 0.000000000000000000e+00
-1.046261151773911934e+03 -1.047352832891617254e+03 -1.049471810721182464e+03 -1.052785575073512518e+03
-1.055595487287366723e+03 -1.048010077389385742e+03 -1.051639469987835810e+03 -1.072070208039270256e+03
-1.080499654171701650e+03 -1.080795344499071234e+03 -1.072779938586579647e+03 -1.092207193848572388e+03
-1.085275701718785967e+03 -1.082794602056679651e+03 -1.085674170270027389e+03 -1.099197594649264829e+03
-1.101205510200328035e+03 -1.104547763592024012e+03 -1.092364382506821812e+03 -1.109338104795609524e+03
-1.108697219116171709e+03 -1.100701496880888271e+03 -1.101379588458472881e+03 -1.104923540704554398e+03
-1.111419225569067521e+03 -1.109982061926652023e+03 -1.113587083489465840e+03 -1.103059287074197073e+03
-1.090973012157697440e+03 -1.110034754111933580e+03 -1.116122045877408482e+03 -1.115936649473883790e+03
-1.122692061162624668e+03 -1.117385165689139058e+03 -1.122554707600014581e+03 -1.122478810683437132e+03
-9.297766180441357164e+02 -9.361800328577152186e+02 -9.302796762147144136e+02 -9.322178507034763015e+02
-9.313056220655479365e+02 -9.310650557738131283e+02 -9.296824330178359332e+02 -9.344548557843061189e+02
-9.295922705755727975e+02 -9.315659738441582931e+02 -9.294830409978079615e+02 -9.314552898821222016e+02
-9.280202023915032896e+02 -9.299801420453968603e+02 -9.282776651616165964e+02 -9.282765044742034206e+02
0.000000000000000000e+00 0.000000000000000000e+00 0.000000000000000000e+00 0.000000000000000000e+00
-9.217594327560826741e+02 -9.226207110029681644e+02 -9.225999065749508645e+02 -9.253754806290295392e+02
-9.281739330101460155e+02 -9.309342950815331506e+02 -9.303924480441826290e+02 -9.293947802372489377e+02
0.000000000000000000e+00 0.000000000000000000e+00 0.000000000000000000e+00 0.000000000000000000e+00
0.000000000000000000e+00 0.000000000000000000e+00 0.000000000000000000e+00 0.000000000000000000e+00
0.000000000000000000e+00 0.000000000000000000e+00 0.000000000000000000e+00 0.000000000000000000e+00
-1.034184416281746053e+03 -1.034089837802536522e+03 -1.033870882368221601e+03 -1.033365486733810030e+03
-1.040473818065483556e+03 -1.040898551425643973e+03 -1.040995945025191304e+03 -1.041765020881754481e+03
-1.061437574093754392e+03 -1.055855235355297054e+03 -1.045036645882913263e+03 -1.044288773481358703e+03
0.000000000000000000e+00 0.000000000000000000e+00 0.000000000000000000e+00 0.000000000000000000e+00
-1.099084939559406848e+03 -1.084815876670771786e+03 -1.082498788038981274e+03 -1.086823680088291439e+03
-1.088769373848819896e+03 -1.105803286947150809e+03 -1.108230649559842732e+03 -1.088915743547004240e+03
-1.103649229989850483e+03 -1.094086570160953443e+03 -1.111226438417680583e+03 -1.106153117202176418e+03
0.000000000000000000e+00 0.000000000000000000e+00 0.000000000000000000e+00 0.000000000000000000e+00
-1.076215654119494047e+03 -1.105119364534875103e+03 -1.098104338283454126e+03 -1.098380590839683691e+03
0.000000000000000000e+00 0.000000000000000000e+00 0.000000000000000000e+00 0.000000000000000000e+00
0.000000000000000000e+00 0.000000000000000000e+00 0.000000000000000000e+00 0.000000000000000000e+00
-9.329438935089392544e+02 -9.324141645593432486e+02 -9.321408523875406900e+02 -9.317431621318296493e+02
-9.299513789914974495e+02 -9.284846000135557915e+02 -9.324050883706316881e+02 -9.305413091404714123e+02
-9.290163830676613088e+02 -9.300096234386102196e+02 -9.288896293929842614e+02 -9.294054441479393063e+02
-9.276154094348689796e+02 -9.284020477135509282e+02 -9.293132122431196649e+02 -9.302761979561322505e+02
-9.304044852778257564e+02 -9.303522998106793693e+02 -9.299925181676971988e+02 -9.346827078578103283e+02
-9.483126761340230360e+02 -9.518300493953717023e+02 -9.458326914018632579e+02 -9.458456743724782427e+02
-9.744132308198746841e+02 -9.746700066710299097e+02 -9.720431357355179216e+02 -9.723168778264148386e+02
-9.971839965280690876e+02 -9.974683704429610316e+02 -9.963107701796699303e+02 -9.969819476974458894e+02
-1.015608950745622451e+03 -1.016429691206324037e+03 -1.014483431165891716e+03 -1.015007172059581080e+03
-1.023742080833814384e+03 -1.024982121171411563e+03 -1.024731432336814123e+03 -1.024591064196450361e+03
0.000000000000000000e+00 0.000000000000000000e+00 0.000000000000000000e+00 0.000000000000000000e+00
-1.065464610664590055e+03 -1.060706323840651294e+03 -1.058539273125082900e+03 -1.060210064963164996e+03
-1.066337507795079546e+03 -1.068031028588989557e+03 -1.068212023378406229e+03 -1.070280817101784351e+03
-1.075062666088205106e+03 -1.079021075182047070e+03 -1.079674347490449918e+03 -1.074343670377808166e+03
-1.091027189823928211e+03 -1.096601512898008878e+03 -1.070309161434416183e+03 -1.094479299100782100e+03
-1.091004398088536618e+03 -1.109767332586053499e+03 -1.095913389285154153e+03 -1.101459424183319243e+03
-1.103984333140101171e+03 -1.101213663086550241e+03 -1.108482727007346057e+03 -1.101628178192846008e+03
0.000000000000000000e+00 0.000000000000000000e+00 0.000000000000000000e+00 0.000000000000000000e+00
-1.081673097019441911e+03 -1.079105294183533488e+03 -1.081494841392174294e+03 -1.031921852487060960e+03
0.000000000000000000e+00 0.000000000000000000e+00 0.000000000000000000e+00 0.000000000000000000e+00
-9.328110919030330024e+02 -9.325305597045742161e+02 -9.322434060284875841e+02 -9.345974444356825188e+02
-9.339624119460967222e+02 -9.350925261682260725e+02 -9.349215472409275662e+02 -9.347953608424238610e+02
0.000000000000000000e+00 0.000000000000000000e+00 0.000000000000000000e+00 0.000000000000000000e+00
-9.302376416169106506e+02 -9.297986345449324972e+02 -9.298676793398091149e+02 -9.294971879454922146e+02
-9.309968015617129140e+02 -9.328015969925244235e+02 -9.314779364296913400e+02 -9.313241419479941214e+02
0.000000000000000000e+00 0.000000000000000000e+00 0.000000000000000000e+00 0.000000000000000000e+00
0.000000000000000000e+00 0.000000000000000000e+00 0.000000000000000000e+00 0.000000000000000000e+00
-1.006630273433343859e+03 -1.006875992475218709e+03 -1.022258163082204533e+03 -1.025305571776387978e+03
-1.020075605429930192e+03 -1.024064621049021071e+03 -1.018439087193245996e+03 -1.019397050240070030e+03
-1.022287325860709643e+03 -1.024426040756964312e+03 -1.030692679636783623e+03 -1.024300854855559010e+03
-1.036095495465962586e+03 -1.033657850593930561e+03 -1.044157043093365473e+03 -1.039207646931403360e+03
-1.054349917132636165e+03 -1.054555067483838229e+03 -1.056574240715228825e+03 -1.058822390712970218e+03
-1.066169748830913022e+03 -1.066705345260502781e+03 -1.064223357432528246e+03 -1.061371750940187212e+03
-1.072562408168599404e+03 -1.073601908621679058e+03 -1.068493885667818631e+03 -1.072278587091064537e+03
0.000000000000000000e+00 0.000000000000000000e+00 0.000000000000000000e+00 0.000000000000000000e+00
-1.095383709003844615e+03 -1.101230986924046420e+03 -1.114480680430846405e+03 -1.137221470997964843e+03
-1.091704693197205188e+03 -1.105765141732084658e+03 -1.103484167447313894e+03 -1.086382525999588097e+03
-1.093957697439236199e+03 -1.048581532831509776e+03 -1.097393969154665456e+03 -1.072207688342576148e+03
-1.074466875765693203e+03 -1.078553751245188096e+03 -1.082945371186112652e+03 -1.071048963421308144e+03
0.000000000000000000e+00 0.000000000000000000e+00 0.000000000000000000e+00 0.000000000000000000e+00
0.000000000000000000e+00 0.000000000000000000e+00 0.000000000000000000e+00 0.000000000000000000e+00
-9.381248842936392975e+02 -9.390607321194505630e+02 -9.393199082882698576e+02 -9.372228214370758224e+02
0.000000000000000000e+00 0.000000000000000000e+00 0.000000000000000000e+00 0.000000000000000000e+00
-9.312422475677000193e+02 -9.327062564977674128e+02 -9.327582914061508745e+02 -9.322697922118277347e+02
-9.333257327589462875e+02 -9.333739967379164000e+02 -9.331318095044978236e+02 -9.330105063332295003e+02
0.000000000000000000e+00 0.000000000000000000e+00 0.000000000000000000e+00 0.000000000000000000e+00
0.000000000000000000e+00 0.000000000000000000e+00 0.000000000000000000e+00 0.000000000000000000e+00
-1.015634434343367957e+03 -1.014819179029112775e+03 -1.014382986219546410e+03 -1.015557067439956199e+03
-1.018537966703796883e+03 -1.019500773795904138e+03 -1.018822784594793575e+03 -1.020099447570357597e+03
-1.021381993511711016e+03 -1.023087265445439471e+03 -1.022367010187889719e+03 -1.022144284178519229e+03
0.000000000000000000e+00 0.000000000000000000e+00 0.000000000000000000e+00 0.000000000000000000e+00
-1.058846152482406978e+03 -1.058394132252761210e+03 -1.057590021098842271e+03 -1.058438982927385496e+03
0.000000000000000000e+00 0.000000000000000000e+00 0.000000000000000000e+00 0.000000000000000000e+00
-1.077019180295205615e+03 -1.077654837800292171e+03 -1.075590284463516809e+03 -1.094730185056484970e+03
-1.093018967777577018e+03 -1.093411265670219109e+03 -1.094818979329997092e+03 -1.135183254990039359e+03
-1.137354854397069403e+03 -1.138624328070335878e+03 -1.131678251881554388e+03 -1.092723111099080597e+03
-1.091706344894999575e+03 -1.051556829445866015e+03 -1.138485631671477904e+03 -1.100536687531368898e+03
-1.094513860633395780e+03 -1.098719062149986257e+03 -1.102667487010845662e+03 -1.092386121349723908e+03
-1.073103850042160957e+03 -1.076404606512596956e+03 -1.095213355773483499e+03 -1.094147579177408261e+03
