1.163855652135310059e+00 -7.149186751732124201e-02 -7.164453622596853033e-02 -5.446251510130393353e-02
1.370552873166721308e-01 -7.360345073956658934e-02 1.161249253337663490e+00 9.076743698860828546e-01
1.053438679242511000e+00 -5.437980154878111622e-02 2.992407728983860760e-01 -1.678765812902638724e-02
1.277302548083797396e+00 -6.618973518218523866e-02 1.443446216503469381e+00 -5.606765086147476318e-02
-5.430469833292748266e-02 -6.997393624865061446e-02 1.457651108980396515e+00 -6.834289580896012184e-02
1.045289020689307735e+00 -4.257328603055710731e-02 -7.224020619937507326e-02 2.013578841925309226e-01
3.075615560607410925e-01 1.125539606489127209e+00 3.936351510551185373e-01 -6.031101856150957591e-02
4.165869074354227597e-01 8.075845187684717041e-01 1.132016203505603835e+00 8.278227589670572595e-01
2.192702005621831041e-01 1.364558569671402155e-01 6.547436716762979891e-01 2.715311659498601329e-02
-5.794660285616115569e-02 1.122279471256737438e+00 1.121519887152989892e+00 -6.923624587929046170e-02
1.064711453681482123e+00 -3.996427797689859618e-02 -7.165938028107314561e-02 2.655328717873600142e-01
-3.107890311039493772e-02 3.234701618262260658e-01 1.068467363487465710e-01 1.069021221099257568e+00
4.001733880290574974e-01 2.401792699597314895e-01 -2.052511993339968185e-02 1.070061998756091759e+00
1.163864769351191653e+00 9.997859592516228355e-01 -1.315783822651636105e-02 3.084516159813029401e-01
-5.300742297412225357e-02 1.061236398352952914e+00 2.247231104868167018e-01 -6.937424060548348648e-02
9.870533620531098951e-01 -2.861719971357586795e-02 -7.705073240983678629e-02 6.219301930110011645e-01
4.427239127093966498e-01 1.258386026888384857e+00 -2.182022467020812775e-02 4.763785622605969938e-01
1.010172050681205080e+00 4.388190451193216268e-02 -7.330997742824411911e-03 1.395838257334870436e-01
3.262918437838482344e-01 7.720417213760644159e-02 1.265497698823113248e+00 2.248169488256183957e-01
8.502427281874487194e-03 1.253774840530686108e+00 2.396216688341323842e-01 -7.083690948686352518e-02
-8.223082749225785193e-02 -5.146209643319298727e-02 -8.186382240339049043e-02 1.036679524216924220e+00
-3.977386068308239042e-02 1.109084607291574986e+00 8.481378282021743986e-02 2.070635679813291330e-01
-6.092671724825533125e-02 6.384566866824722964e-02 2.263564048036215970e-01 9.279600252429254237e-01
-6.865133105550982884e-02 2.084142627958086025e-01 8.735132534307320229e-02 1.287965578865325256e+00
-6.694970502104541366e-02 1.335920378273389719e+00 -5.440134239459094856e-02 -6.647520267098683266e-02
