-7.806570745126359725e+02 -7.793605622184329604e+02 -7.802649105350864147e+02 -7.805219134191158901e+02
0.000000000000000000e+00 0.000000000000000000e+00 0.000000000000000000e+00 0.000000000000000000e+00
0.000000000000000000e+00 0.000000000000000000e+00 0.000000000000000000e+00 0.000000000000000000e+00
0.000000000000000000e+00 0.000000000000000000e+00 0.000000000000000000e+00 0.000000000000000000e+00
0.000000000000000000e+00 0.000000000000000000e+00 0.000000000000000000e+00 0.000000000000000000e+00
0.000000000000000000e+00 0.000000000000000000e+00 0.000000000000000000e+00 0.000000000000000000e+00
0.000000000000000000e+00 0.000000000000000000e+00 0.000000000000000000e+00 0.000000000000000000e+00
0.000000000000000000e+00 0.000000000000000000e+00 0.000000000000000000e+00 0.000000000000000000e+00
0.000000000000000000e+00 0.000000000000000000e+00 0.000000000000000000e+00 0.000000000000000000e+00
0.000000000000000000e+00 0.000000000000000000e+00 0.000000000000000000e+00 0.000000000000000000e+00
-9.268101665800276123e+02 -9.251107088702900683e+02 -9.254933894435049524e+02 -9.258760700167201776e+02
0.000000000000000000e+00 0.000000000000000000e+00 0.000000000000000000e+00 0.000000000000000000e+00
-9.406930594636181695e+02 -9.260834449391694534e+02 -9.350628327355731244e+02 -9.388459514708958977e+02
-9.389997745810370589e+02 -9.332126874301427506e+02 -9.477369931865928265e+02 -9.400542912559644719e+02
-9.414080686247441463e+02 -9.480787472066323289e+02 -9.509029267914726233e+02 -9.394290410761606154e+02
0.000000000000000000e+00 0.000000000000000000e+00 0.000000000000000000e+00 0.000000000000000000e+00
-9.352602441257170085e+02 -9.085962578003608314e+02 -9.321012111986336777e+02 -9.293068115386308818e+02
-9.299373201036303271e+02 -9.323732259757717884e+02 -9.333751881395636474e+02 -9.267566397275038526e+02
0.000000000000000000e+00 0.000000000000000000e+00 0.000000000000000000e+00 0.000000000000000000e+00
-9.418100203612071937e+02 -9.337222142265385401e+02 -9.359324971497828756e+02 -9.395411024966884952e+02
-7.796965087501714606e+02 -7.772158649333631502e+02 -7.769916106789327159e+02 -7.780407477046876465e+02
-7.753819174005675450e+02 -7.757438903729997719e+02 -7.793193668704552692e+02 -7.763575972868725330e+02
0.000000000000000000e+00 0.000000000000000000e+00 0.000000000000000000e+00 0.000000000000000000e+00
-7.715280832426459483e+02 -7.697011043917606230e+02 -7.708241652453948518e+02 -7.700081605507814402e+02
0.000000000000000000e+00 0.000000000000000000e+00 0.000000000000000000e+00 0.000000000000000000e+00
-7.517817689606872591e+02 -7.493729577505935140e+02 -7.495021806034563951e+02 -7.496314034563192763e+02
0.000000000000000000e+00 0.000000000000000000e+00 0.000000000000000000e+00 0.000000000000000000e+00
-7.963738942609294327e+02 -7.889364509528079452e+02 -7.890854847326178287e+02 -7.891978301703795751e+02
0.000000000000000000e+00 0.000000000000000000e+00 0.000000000000000000e+00 0.000000000000000000e+00
0.000000000000000000e+00 0.000000000000000000e+00 0.000000000000000000e+00 0.000000000000000000e+00
-9.193755950549875706e+02 -9.250647064188858621e+02 -9.234674915726552626e+02 -9.258468486794644150e+02
-9.256192578104642052e+02 -9.204645704975832814e+02 -9.212477382673700959e+02 -9.285031264712654320e+02
-9.349566268444107209e+02 -9.313576085647756599e+02 -9.201292518324605680e+02 -9.303857343942008811e+02
0.000000000000000000e+00 0.000000000000000000e+00 0.000000000000000000e+00 0.000000000000000000e+00
-9.384495018595346210e+02 -9.499649773965986697e+02 -9.485218486613588311e+02 -9.400448337338376632e+02
-9.358770808937080119e+02 -9.345083100128471187e+02 -9.471564410267926633e+02 -9.361678517944744726e+02
-9.332757048361160059e+02 -9.302176450062373760e+02 -9.426401214795098440e+02 -9.302363058123000883e+02
0.000000000000000000e+00 0.000000000000000000e+00 0.000000000000000000e+00 0.000000000000000000e+00
-9.353366502768608370e+02 -9.344452373716655984e+02 -9.338945706254704646e+02 -9.405492778192904098e+02
-9.418561607922354142e+02 -9.373656403905282559e+02 -9.399962059338014342e+02 -9.410585722224842584e+02
-7.717778543736110350e+02 -7.751295398218143191e+02 -7.711507793438539693e+02 -7.752454969369933906e+02
-7.724106337770321034e+02 -7.747628627389342455e+02 -7.727914715656725093e+02 -7.748212350913687487e+02
-7.715598476774678147e+02 -7.717579590291724116e+02 -7.708166776049158671e+02 -7.730189967258800152e+02
-7.701221056009055701e+02 -7.672250972058120624e+02 -7.673747675818322023e+02 -7.677200923837659730e+02
-7.668067370687233506e+02 -7.668795804218309513e+02 -7.677338719763300787e+02 -7.642553137322438488e+02
-7.682838423180885457e+02 -7.471936160638970250e+02 -7.608684887846651463e+02 -7.731725657705723052e+02
-7.731154271086760446e+02 -7.732446499615388120e+02 -7.832569631495197200e+02 -7.735917816762113262e+02
-7.866335502932103054e+02 -7.869905296084099291e+02 -7.926454949264314109e+02 -7.732960610423810976e+02
-7.703829897534740212e+02 -7.830148700578197349e+02 -7.891215960754072967e+02 -7.606182114646405807e+02
0.000000000000000000e+00 0.000000000000000000e+00 0.000000000000000000e+00 0.000000000000000000e+00
-9.176043863334812158e+02 -9.239920030107105049e+02 -9.172164506273593361e+02 -9.173874099544144656e+02
-9.157984635783859630e+02 -9.269689818056647255e+02 -9.213329150834160828e+02 -9.315788349829817889e+02
-9.392003726113855464e+02 -9.233021184192414239e+02 -9.306540961921143662e+02 -9.310335466923741023e+02
0.000000000000000000e+00 0.000000000000000000e+00 0.000000000000000000e+00 0.000000000000000000e+00
0.000000000000000000e+00 0.000000000000000000e+00 0.000000000000000000e+00 0.000000000000000000e+00
0.000000000000000000e+00 0.000000000000000000e+00 0.000000000000000000e+00 0.000000000000000000e+00
-9.241668639792379736e+02 -9.363264191148681448e+02 -9.267712345047740428e+02 -9.305832609903202410e+02
-9.314911860050663108e+02 -9.301427326866358953e+02 -9.359931756038806725e+02 -9.339741770407495096e+02
-9.356380898520546907e+02 -9.337066243306965134e+02 -9.381782588711628250e+02 -9.357531594785724565e+02
-9.331703989366536689e+02 -9.393860978084288718e+02 -9.406129437076390332e+02 -9.363995353705139451e+02
-7.739228563143284418e+02 -7.687048668922116121e+02 -7.690587285946533029e+02 -7.692470282460092221e+02
0.000000000000000000e+00 0.000000000000000000e+00 0.000000000000000000e+00 0.000000000000000000e+00
0.000000000000000000e+00 0.000000000000000000e+00 0.000000000000000000e+00 0.000000000000000000e+00
-7.665590130398496740e+02 -7.631987595666626021e+02 -7.655469839763138680e+02 -7.657352836276696735e+02
0.000000000000000000e+00 0.000000000000000000e+00 0.000000000000000000e+00 0.000000000000000000e+00
0.000000000000000000e+00 0.000000000000000000e+00 0.000000000000000000e+00 0.000000000000000000e+00
0.000000000000000000e+00 0.000000000000000000e+00 0.000000000000000000e+00 0.000000000000000000e+00
-7.559752165634382663e+02 -7.859820850066394087e+02 -7.594005038095308464e+02 -7.633162401065109179e+02
-7.581763417209832596e+02 -7.711223459536573728e+02 -7.575939613105406352e+02 -7.505259754448856029e+02
-7.560362870741618053e+02 -7.596082323881194043e+02 -7.755505645981997986e+02 -7.598066198456169786e+02
0.000000000000000000e+00 0.000000000000000000e+00 0.000000000000000000e+00 0.000000000000000000e+00
0.000000000000000000e+00 0.000000000000000000e+00 0.000000000000000000e+00 0.000000000000000000e+00
-9.278299959454617465e+02 -9.251616125626408120e+02 -9.350305105667155203e+02 -9.387293772119587629e+02
-9.339557941195621424e+02 -9.405397130134612098e+02 -9.262115562319859237e+02 -9.406591353091515657e+02
-7.259261184042686637e+02 -9.252171163534369498e+02 -9.264633972095705303e+02 -9.364237067487247259e+02
-9.346082843155202227e+02 -9.204176789087867974e+02 -9.113880617268048354e+02 -9.226442845785539930e+02
-6.472601423029794887e+02 -9.240810795486356710e+02 -9.243188575970962120e+02 -8.878440040180098549e+02
0.000000000000000000e+00 0.000000000000000000e+00 0.000000000000000000e+00 0.000000000000000000e+00
0.000000000000000000e+00 0.000000000000000000e+00 0.000000000000000000e+00 0.000000000000000000e+00
0.000000000000000000e+00 0.000000000000000000e+00 0.000000000000000000e+00 0.000000000000000000e+00
-7.661743976233071862e+02 -7.684925937745874762e+02 -7.701476808239511911e+02 -7.698923873999344778e+02
-7.684739924740476908e+02 -7.658461389064026434e+02 -7.653227893327367610e+02 -7.688334943917930104e+02
-7.652974710581609088e+02 -7.654759491876462789e+02 -7.635783849388972158e+02 -7.660786560990590033e+02
-7.584361848673884197e+02 -7.573409114005371521e+02 -7.591494672723173380e+02 -7.551120070859221869e+02
-7.538026690047063312e+02 -7.538327303490494842e+02 -7.550125324980664345e+02 -7.530397149041574494e+02
0.000000000000000000e+00 0.000000000000000000e+00 0.000000000000000000e+00 0.000000000000000000e+00
-7.576837495304858976e+02 -7.547103701498147075e+02 -7.549573930238447019e+02 -7.552044158978741279e+02
0.000000000000000000e+00 0.000000000000000000e+00 0.000000000000000000e+00 0.000000000000000000e+00
-7.484960858690369605e+02 -7.649758264594718185e+02 -7.500271800696791615e+02 -7.396684778528319839e+02
-7.432974780561700072e+02 -7.640485523510494659e+02 -7.638503987825660033e+02 -7.362625116651844337e+02
0.000000000000000000e+00 0.000000000000000000e+00 0.000000000000000000e+00 0.000000000000000000e+00
-9.013507643489228940e+02 -9.127289040000202931e+02 -9.129522792029641778e+02 -9.127328929160364623e+02
-9.082091381994105177e+02 -9.259342117424353091e+02 -9.061807860858777985e+02 -9.128524907512310165e+02
0.000000000000000000e+00 0.000000000000000000e+00 0.000000000000000000e+00 0.000000000000000000e+00
-4.347928986756980407e+01 -9.151116476090844571e+02 -8.323014490003494075e+02 -8.738102784339488380e+02
-7.120585996550263417e+02 -9.201254045046059673e+02 -4.341176097842346593e+01 -7.561664626313120152e+02
-9.242737198582825613e+02 -8.848123453223070101e+02 -4.325163301306592700e+01 -8.451747055931991781e+02
-9.216082925400693284e+02 -9.242382519463811832e+02 -4.298680502822081451e+01 -7.922674340327638447e+02
0.000000000000000000e+00 0.000000000000000000e+00 0.000000000000000000e+00 0.000000000000000000e+00
0.000000000000000000e+00 0.000000000000000000e+00 0.000000000000000000e+00 0.000000000000000000e+00
-7.706345936866212014e+02 -7.715810745222416926e+02 -7.712914446122662184e+02 -7.717091206196793109e+02
0.000000000000000000e+00 0.000000000000000000e+00 0.000000000000000000e+00 0.000000000000000000e+00
0.000000000000000000e+00 0.000000000000000000e+00 0.000000000000000000e+00 0.000000000000000000e+00
-7.491770645251211818e+02 -7.462831466408595134e+02 -7.456465712877303531e+02 -7.458368276148887617e+02
-7.435829067711368907e+02 -7.477128044663191986e+02 -7.433020972276382281e+02 -7.449497663985773670e+02
-7.438003628066571764e+02 -7.438801402472583959e+02 -7.457286429483923484e+02 -7.442099429082434199e+02
-7.436162664928675667e+02 -7.441942672925849820e+02 -7.443080571868465540e+02 -7.406956886039719166e+02
-7.380569764198178291e+02 -7.368787962290218729e+02 -7.303679580530059638e+02 -7.380367203746359337e+02
-7.374315800663962364e+02 -7.551415476802934563e+02 -7.318830157875404439e+02 -7.373357767952095401e+02
0.000000000000000000e+00 0.000000000000000000e+00 0.000000000000000000e+00 0.000000000000000000e+00
-8.897707157392696899e+02 -8.900079758734334519e+02 -8.902452360075969864e+02 -8.904827867535017276e+02
-9.036851659900369214e+02 -9.104996643872544837e+02 -8.896786923835772996e+02 -8.894335664715201801e+02
-8.767284404147121677e+02 -9.000952224439247402e+02 -8.916957950745032804e+02 -8.925244097845036322e+02
-8.657569010323923067e+02 -8.919920477969969852e+02 -8.973723416541025699e+02 -5.627347726340436793e+02
-4.345753178698281260e+01 -9.080981708053404873e+02 -8.275371313873024519e+02 -8.093978303365787497e+02
0.000000000000000000e+00 0.000000000000000000e+00 0.000000000000000000e+00 0.000000000000000000e+00
-9.273905278767972504e+02 -9.282407526725389744e+02 -9.280767208877731491e+02 -9.095988010424815684e+02
-9.272594237373264150e+02 -6.856477842030609509e+02 -9.262124885497038349e+02 -9.253762046789067881e+02
-9.314557292996581737e+02 -9.307354627293556177e+02 -9.311174135558134140e+02 -9.305441783335570562e+02
0.000000000000000000e+00 0.000000000000000000e+00 0.000000000000000000e+00 0.000000000000000000e+00
0.000000000000000000e+00 0.000000000000000000e+00 0.000000000000000000e+00 0.000000000000000000e+00
-6.938944772618619936e+02 -6.933628661338437951e+02 -6.936001262680077843e+02 -6.930151908857078524e+02
0.000000000000000000e+00 0.000000000000000000e+00 0.000000000000000000e+00 0.000000000000000000e+00
-7.362455688976815509e+02 -7.376748786717985240e+02 -7.327069805070130997e+02 -7.351726964116070349e+02
-7.377504070235320341e+02 -7.375070981200179858e+02 -7.372494631089773520e+02 -7.332226387013452040e+02
0.000000000000000000e+00 0.000000000000000000e+00 0.000000000000000000e+00 0.000000000000000000e+00
0.000000000000000000e+00 0.000000000000000000e+00 0.000000000000000000e+00 0.000000000000000000e+00
-7.384071566440053402e+02 -7.384181376680376161e+02 -7.381315577615346228e+02 -7.381728468619268142e+02
-7.374465468091736966e+02 -7.367196617208355747e+02 -7.378197181936784546e+02 -7.380472927435505426e+02
-7.467097931074013104e+02 -7.379058538061331092e+02 -7.448916594639949835e+02 -7.386187775180259223e+02
0.000000000000000000e+00 0.000000000000000000e+00 0.000000000000000000e+00 0.000000000000000000e+00
0.000000000000000000e+00 0.000000000000000000e+00 0.000000000000000000e+00 0.000000000000000000e+00
-8.608648686290231353e+02 -8.725345569704561512e+02 -8.673866419831913390e+02 -8.673123088284135065e+02
0.000000000000000000e+00 0.000000000000000000e+00 0.000000000000000000e+00 0.000000000000000000e+00
-4.336114798488289068e+01 -8.533342882450147044e+02 -5.921291615431711080e+02 -6.535577740097197648e+02
0.000000000000000000e+00 0.000000000000000000e+00 0.000000000000000000e+00 0.000000000000000000e+00
-9.266563910998368101e+02 -9.268292608621375166e+02 -9.265681392424459091e+02 -9.254958783070646859e+02
-9.219597468301308254e+02 -9.228382354882301115e+02 -9.216840603937378091e+02 -9.219638291285394871e+02
0.000000000000000000e+00 0.000000000000000000e+00 0.000000000000000000e+00 0.000000000000000000e+00
-9.106099197919261314e+02 -9.100053752218299223e+02 -9.105173326066554864e+02 -9.106235515186036764e+02
0.000000000000000000e+00 0.000000000000000000e+00 0.000000000000000000e+00 0.000000000000000000e+00
-6.940854062329415228e+02 -6.898085378226270450e+02 -6.916842070646662251e+02 -6.943845277170955796e+02
-7.052220045338850696e+02 -6.997151907167517493e+02 -7.018272768595553543e+02 -7.039335589033540828e+02
-7.263733898506710602e+02 -7.271455187234220148e+02 -7.241296587236478217e+02 -7.260806533791221682e+02
-7.319474970654175650e+02 -7.325276834200923304e+02 -7.318020083158958187e+02 -7.279874415960555325e+02
-7.341881953115187116e+02 -7.345209990814624916e+02 -7.284124049096997169e+02 -7.289068265325762468e+02
-7.339972627113794488e+02 -7.342448183381920899e+02 -7.345937261418218895e+02 -7.363089446373178362e+02
-7.390619005320720589e+02 -7.403307449802513247e+02 -7.391893812341650118e+02 -7.384059195761280989e+02
0.000000000000000000e+00 0.000000000000000000e+00 0.000000000000000000e+00 0.000000000000000000e+00
-7.561162419633336640e+02 -7.534121015066334621e+02 -7.482052368506488165e+02 -7.339840023540144784e+02
0.000000000000000000e+00 0.000000000000000000e+00 0.000000000000000000e+00 0.000000000000000000e+00
0.000000000000000000e+00 0.000000000000000000e+00 0.000000000000000000e+00 0.000000000000000000e+00
-8.437927210278181747e+02 -8.581446805459154348e+02 -8.581124780555310281e+02 -8.580677146543000617e+02
-4.287889992550541507e+01 -6.434237585567608448e+02 -8.600534239627562556e+02 -6.429868938956344664e+02
-8.698425085359633613e+02 -5.890430528429515107e+02 -4.315880374542873454e+01 -7.871249348365186052e+02
0.000000000000000000e+00 0.000000000000000000e+00 0.000000000000000000e+00 0.000000000000000000e+00
0.000000000000000000e+00 0.000000000000000000e+00 0.000000000000000000e+00 0.000000000000000000e+00
-9.106058636646295099e+02 -9.113175104460838156e+02 -9.101836977350449160e+02 -9.116222422237344745e+02
-9.092885514488222043e+02 -9.083543297092185185e+02 -9.104694458895046409e+02 -9.083424220350500491e+02
-9.077467179416858016e+02 -9.094287686750341209e+02 -9.103625334394344009e+02 -9.103944326424407336e+02
0.000000000000000000e+00 0.000000000000000000e+00 0.000000000000000000e+00 0.000000000000000000e+00
-6.975024206998424461e+02 -6.843011975729810956e+02 -6.825493632041577712e+02 -6.884585189119425195e+02
-6.914921431482146090e+02 -6.914073386053020158e+02 -7.020973137856510675e+02 -6.874674860950647144e+02
0.000000000000000000e+00 0.000000000000000000e+00 0.000000000000000000e+00 0.000000000000000000e+00
0.000000000000000000e+00 0.000000000000000000e+00 0.000000000000000000e+00 0.000000000000000000e+00
-7.291081968919170322e+02 -7.307969735886126728e+02 -7.220358346201155655e+02 -7.222044813963774459e+02
0.000000000000000000e+00 0.000000000000000000e+00 0.000000000000000000e+00 0.000000000000000000e+00
-6.746149041201658747e+02 -7.412461799706670718e+02 -7.150134133105949559e+02 -7.381291729084217650e+02
-3.002817231765287715e+02 -7.670383562336733121e+02 -7.493937029861883730e+02 -7.677997867446504188e+02
-7.719789914128942883e+02 -7.612447646471814551e+02 -6.583983021426306550e+02 -7.678791976314410022e+02
0.000000000000000000e+00 0.000000000000000000e+00 0.000000000000000000e+00 0.000000000000000000e+00
0.000000000000000000e+00 0.000000000000000000e+00 0.000000000000000000e+00 0.000000000000000000e+00
-5.942722619488623650e+02 -8.528109240250781795e+02 -8.523554615158193428e+02 -8.523384226286556213e+02
-4.247562264650069608e+01 -5.253393293685089702e+02 -8.471811778074636550e+02 -7.430045964795800728e+02
0.000000000000000000e+00 0.000000000000000000e+00 0.000000000000000000e+00 0.000000000000000000e+00
0.000000000000000000e+00 0.000000000000000000e+00 0.000000000000000000e+00 0.000000000000000000e+00
-8.986235887748935056e+02 -8.969810426182625633e+02 -8.951209985980831334e+02 -8.982488101501476194e+02
-9.024311624133183614e+02 -8.996395976248252282e+02 -9.007336181294400603e+02 -9.020307074312423765e+02
-9.071948102207741158e+02 -9.050897209135641788e+02 -9.076877406157474297e+02 -9.068542133296389238e+02
0.000000000000000000e+00 0.000000000000000000e+00 0.000000000000000000e+00 0.000000000000000000e+00
-5.878489115595081103e+02 -5.879682537545661489e+02 -5.880875959496239602e+02 -6.710182993251065682e+02
-6.784420773882962976e+02 -6.643236124432611405e+02 -6.758360543924450212e+02 -6.786610155705600391e+02
-6.781880265174655733e+02 -7.099426082023758227e+02 -6.778492740335082090e+02 -6.787355969122768329e+02
0.000000000000000000e+00 0.000000000000000000e+00 0.000000000000000000e+00 0.000000000000000000e+00
-5.785410639657962975e+02 -7.025069836177461866e+02 -7.031608473688842196e+02 -7.039570514495886755e+02
-4.800507313311621260e+02 -7.328813432875231229e+02 -7.128204152426181963e+02 -7.221513420404598946e+02
-3.533284826704955606e+01 -6.663439397427516724e+02 -7.230662131357547651e+02 -4.106349393068501286e+02
-7.056898716001229559e+02 -7.392772230901243802e+02 -3.662303439976712838e+01 -5.636977300484765010e+02
-7.652870200017950992e+02 -6.538837121732286732e+02 -3.779526405836281100e+01 -6.610449331207316845e+02
-7.640267212907175463e+02 -7.536332327391805848e+02 -3.885287399704461109e+01 -7.587298371630838574e+02
-5.766641636289738244e+02 -5.930653148040487395e+02 -3.979795996060612140e+01 -6.482987237499153252e+02
-7.817535642257981863e+02 -6.540183039173010684e+02 -4.063141941888574848e+01 -6.484306869128276958e+02
-6.059592400422728815e+02 -8.073322695916198199e+02 -4.135398663940330266e+01 -6.897088233759445757e+02
-8.438739033979352371e+02 -5.966386356564534026e+02 -4.196762492151841428e+01 -8.535144616157733708e+02
-8.480832958158857764e+02 -8.149264073627832659e+02 -8.573389605305870873e+02 -8.479255042610856208e+02
0.000000000000000000e+00 0.000000000000000000e+00 0.000000000000000000e+00 0.000000000000000000e+00
-8.917210850444898824e+02 -8.939641239352690718e+02 -8.915018095951218129e+02 -8.957518909088744294e+02
-8.979879971667352265e+02 -8.968398589815863033e+02 -8.970421975092430102e+02 -8.968849973841080327e+02
0.000000000000000000e+00 0.000000000000000000e+00 0.000000000000000000e+00 0.000000000000000000e+00
0.000000000000000000e+00 0.000000000000000000e+00 0.000000000000000000e+00 0.000000000000000000e+00
0.000000000000000000e+00 0.000000000000000000e+00 0.000000000000000000e+00 0.000000000000000000e+00
-6.497361708793819162e+02 -6.617128343704039253e+02 -6.602755744799319473e+02 -6.591687783646120806e+02
-6.787712931993578422e+02 -6.790224748006949085e+02 -6.687101247749044433e+02 -6.031755561504133993e+02
-2.886027122272293965e+01 -5.023117335075437495e+02 -6.782248603641005502e+02 -5.912998480046030636e+02
-5.065608981673797189e+02 -6.814417931291260402e+02 -3.069515030984939941e+01 -6.205382137030434251e+02
-4.637631752604859230e+02 -6.839192162407339310e+02 -3.237720440937340527e+01 -5.968833071577006422e+02
-7.100208677527044756e+02 -6.132783925275390402e+02 -3.391982837488137648e+01 -7.274078671013265875e+02
-7.388337958784914008e+02 -4.375150504650704875e+02 -7.637934695985603639e+02 -7.586806794184747105e+02
-7.668631564242682543e+02 -7.716255154073448921e+02 -7.066120972947579730e+02 -7.556754466410823170e+02
-7.828458791566956734e+02 -7.592604765736004993e+02 -7.476766871973733259e+02 -7.524045295119860839e+02
0.000000000000000000e+00 0.000000000000000000e+00 0.000000000000000000e+00 0.000000000000000000e+00
-8.033117731293148154e+02 -6.248852116702536250e+02 -8.068850982303324599e+02 -8.035324455465995470e+02
0.000000000000000000e+00 0.000000000000000000e+00 0.000000000000000000e+00 0.000000000000000000e+00
-8.464453909242026839e+02 -7.719962211190403423e+02 -8.393558917231882788e+02 -8.455913714634762073e+02
-8.427569956159917410e+02 -8.494493785699580712e+02 -8.440464166842452869e+02 -8.440270574888191959e+02
-8.553194318498578923e+02 -8.555065215114329931e+02 -8.537288451758230394e+02 -8.602122056584194070e+02
-8.786696779472071057e+02 -8.837431022735219130e+02 -8.791944990603119550e+02 -8.795663644999915505e+02
-8.926741639086644682e+02 -8.898060699472703163e+02 -8.917913866781749448e+02 -8.910161719196028116e+02
-8.973573542250633182e+02 -8.971373850838974704e+02 -8.992496260105682495e+02 -9.005108362220566960e+02
-9.093574097110822549e+02 -9.071807675782183651e+02 -9.084943963026860274e+02 -9.074089409813523162e+02
-5.960618353484121599e+02 -6.237798897233958542e+02 -6.238893413701007375e+02 -6.254851127210177992e+02
-6.198339019569874608e+02 -6.231159614979595744e+02 -6.131844184618206555e+02 -6.124732313287767056e+02
0.000000000000000000e+00 0.000000000000000000e+00 0.000000000000000000e+00 0.000000000000000000e+00
-2.685894587723737814e+01 -5.384228474591707254e+02 -4.858491039037224937e+02 -6.566493911110272848e+02
0.000000000000000000e+00 0.000000000000000000e+00 0.000000000000000000e+00 0.000000000000000000e+00
0.000000000000000000e+00 0.000000000000000000e+00 0.000000000000000000e+00 0.000000000000000000e+00
-7.351437450565360905e+02 -5.450687660806886470e+02 -7.351870732426589257e+02 -7.354532928918474681e+02
-7.383600311051849303e+02 -7.748692784108681053e+02 -7.388062987005025661e+02 -7.390249410913947941e+02
-7.804662956695299272e+02 -7.669558433371945512e+02 -7.822272352287468493e+02 -7.373621051743514272e+02
-7.280660712744067951e+02 -7.571259968933350137e+02 -7.818771903148186766e+02 -7.316163672196655625e+02
0.000000000000000000e+00 0.000000000000000000e+00 0.000000000000000000e+00 0.000000000000000000e+00
0.000000000000000000e+00 0.000000000000000000e+00 0.000000000000000000e+00 0.000000000000000000e+00
0.000000000000000000e+00 0.000000000000000000e+00 0.000000000000000000e+00 0.000000000000000000e+00
0.000000000000000000e+00 0.000000000000000000e+00 0.000000000000000000e+00 0.000000000000000000e+00
-8.382300012470660704e+02 -8.415793570586386068e+02 -8.417069732625099050e+02 -8.449035282263935187e+02
-8.512178197304942842e+02 -8.542749566136983503e+02 -8.518765571203108493e+02 -8.510669968545220172e+02
0.000000000000000000e+00 0.000000000000000000e+00 0.000000000000000000e+00 0.000000000000000000e+00
-8.953760828856652552e+02 -9.004480801024121774e+02 -8.991341868101236514e+02 -8.928884704193737889e+02
0.000000000000000000e+00 0.000000000000000000e+00 0.000000000000000000e+00 0.000000000000000000e+00
0.000000000000000000e+00 0.000000000000000000e+00 0.000000000000000000e+00 0.000000000000000000e+00
-5.993680541652038301e+02 -5.979263159259296572e+02 -5.981088881949722236e+02 -5.950377616971193220e+02
-5.924574594218951233e+02 -5.932746739255906050e+02 -5.935792895774709450e+02 -6.590306290888948979e+02
-6.013857520247445336e+02 -6.206322777066891376e+02 -6.170988085937113965e+02 -6.192750106405389943e+02
-4.680522602073633607e+02 -5.069080541260599375e+02 -6.264998215672554807e+02 -2.468480536302828554e+01
-2.234619361085303879e+01 -6.188934023288063599e+02 -5.075465035442775843e+02 -6.175019111613083851e+02
0.000000000000000000e+00 0.000000000000000000e+00 0.000000000000000000e+00 0.000000000000000000e+00
0.000000000000000000e+00 0.000000000000000000e+00 0.000000000000000000e+00 0.000000000000000000e+00
0.000000000000000000e+00 0.000000000000000000e+00 0.000000000000000000e+00 0.000000000000000000e+00
0.000000000000000000e+00 0.000000000000000000e+00 0.000000000000000000e+00 0.000000000000000000e+00
-7.148898465292227229e+02 -7.588509241923783293e+02 -7.190169415959928756e+02 -7.212222133677144029e+02
-7.426695963273581356e+02 -7.424411314543344815e+02 -7.349109499945483321e+02 -7.438067382816392410e+02
-7.687377221205623528e+02 -7.684379832772158352e+02 -7.589354185569998208e+02 -7.697319614834876802e+02
-7.990351711731740352e+02 -7.984350211586861406e+02 -7.882564680320912203e+02 -7.994945256496494039e+02
-8.198305851717756241e+02 -8.222268539284389135e+02 -8.123280987773480319e+02 -8.199194988487306546e+02
-8.321871721209467978e+02 -8.358913980777355164e+02 -8.272826186666727608e+02 -8.332643454585603422e+02
-8.553468898645713807e+02 -8.399166715694392451e+02 -8.418560659298209430e+02 -8.400585975532995917e+02
0.000000000000000000e+00 0.000000000000000000e+00 0.000000000000000000e+00 0.000000000000000000e+00
-8.858996300741063123e+02 -9.023703872818634864e+02 -8.842453201038634916e+02 -8.930977115790500420e+02
-8.965623576704338120e+02 -8.968191335215890376e+02 -9.060061583425513163e+02 -9.049166526994119977e+02
-9.093149379987983139e+02 -9.095521981329620758e+02 -9.096487461055924086e+02 -9.046018671954124102e+02
-5.959617428231250642e+02 -5.983996807546725449e+02 -5.960936533028996109e+02 -5.990626715743316026e+02
-5.891323181868501706e+02 -5.887768487871186380e+02 -5.892532645781897145e+02 -5.891314698919393322e+02
-5.201194050695856959e+02 -5.766592299471542447e+02 -5.723683444707785384e+02 -5.751936331324307048e+02
0.000000000000000000e+00 0.000000000000000000e+00 0.000000000000000000e+00 0.000000000000000000e+00
-1.986741860059081333e+01 -3.346784841937763417e+02 -4.082892226066232411e+02 -4.955411604191722290e+02
0.000000000000000000e+00 0.000000000000000000e+00 0.000000000000000000e+00 0.000000000000000000e+00
-6.488975259925272212e+02 -6.495652795954337080e+02 -6.494597563079447582e+02 -6.494407575501711563e+02
-6.551341692742769283e+02 -6.544588825769068308e+02 -6.541947860428435888e+02 -6.552575780491920341e+02
0.000000000000000000e+00 0.000000000000000000e+00 0.000000000000000000e+00 0.000000000000000000e+00
-7.012910895347785072e+02 -7.041187628644261167e+02 -7.037441405533587613e+02 -7.034775699148248123e+02
0.000000000000000000e+00 0.000000000000000000e+00 0.000000000000000000e+00 0.000000000000000000e+00
-7.814760796654585420e+02 -7.791634182890597913e+02 -7.794694148823332398e+02 -7.797261907334889202e+02
0.000000000000000000e+00 0.000000000000000000e+00 0.000000000000000000e+00 0.000000000000000000e+00
0.000000000000000000e+00 0.000000000000000000e+00 0.000000000000000000e+00 0.000000000000000000e+00
0.000000000000000000e+00 0.000000000000000000e+00 0.000000000000000000e+00 0.000000000000000000e+00
-8.636135195028693943e+02 -8.515750831297918921e+02 -8.403141104092769638e+02 -8.419248297223971349e+02
0.000000000000000000e+00 0.000000000000000000e+00 0.000000000000000000e+00 0.000000000000000000e+00
-8.802908418363144847e+02 -8.861510023327111867e+02 -8.821852886259786146e+02 -8.808796676100524792e+02
0.000000000000000000e+00 0.000000000000000000e+00 0.000000000000000000e+00 0.000000000000000000e+00
0.000000000000000000e+00 0.000000000000000000e+00 0.000000000000000000e+00 0.000000000000000000e+00
-5.943160305462976112e+02 -5.995511764413096216e+02 -5.992533421024951394e+02 -5.994022966388749865e+02
0.000000000000000000e+00 0.000000000000000000e+00 0.000000000000000000e+00 0.000000000000000000e+00
-1.838673540608055816e+02 -5.250737276463523813e+02 -5.258831992706747087e+02 -5.250459176055281887e+02
-1.461364275817699365e+01 -3.628040956643167192e+02 -4.798814625533975686e+02 -4.920978109830208496e+02
-4.325510292482749151e+02 -4.306051492463744808e+02 -1.728045165983506593e+01 -5.369870040562393569e+02
-6.245756048060170542e+02 -6.243197082979638708e+02 -3.116935753925541235e+02 -6.228332736895597463e+02
-6.443957169216887451e+02 -6.449200582807014825e+02 -6.223301092820254325e+02 -6.448169018915007200e+02
-6.531305575079506980e+02 -6.592669695907014784e+02 -6.513745896764647796e+02 -6.537895083238402094e+02
-6.755186283321052088e+02 -6.749757649575377627e+02 -6.706229370409807871e+02 -6.765042996607600116e+02
-6.922624232587606912e+02 -6.925089895098985835e+02 -6.882354045037881178e+02 -6.918178844946912704e+02
0.000000000000000000e+00 0.000000000000000000e+00 0.000000000000000000e+00 0.000000000000000000e+00
-7.928201548198056798e+02 -7.900108292486071377e+02 -7.914398056938913442e+02 -7.907499451169096574e+02
0.000000000000000000e+00 0.000000000000000000e+00 0.000000000000000000e+00 0.000000000000000000e+00
-8.500781752176840200e+02 -8.489837550278698473e+02 -8.455135151420327020e+02 -8.447784235906148069e+02
-8.477523109349181141e+02 -8.505764745898035244e+02 -8.527917529385252919e+02 -8.452635836734991699e+02
-8.593752025349288033e+02 -8.535206009277151225e+02 -8.493649734373645970e+02 -8.701728936590102421e+02
-8.685677868765567382e+02 -8.688541942303502310e+02 -8.723881892456761307e+02 -8.734896924191791641e+02
-8.819344895449667092e+02 -8.819259783850473013e+02 -8.841568259044515798e+02 -8.799549076761343258e+02
-8.813532852562537983e+02 -8.816295378124830222e+02 -8.845953162934345073e+02 -8.839665310270158898e+02
0.000000000000000000e+00 0.000000000000000000e+00 0.000000000000000000e+00 0.000000000000000000e+00
0.000000000000000000e+00 0.000000000000000000e+00 0.000000000000000000e+00 0.000000000000000000e+00
-6.177441091478666380e+00 -2.522194216454408320e+02 -2.283238266424758933e+02 -2.874126653443176451e+02
-4.666836183575683208e+02 -4.072624904543720845e+02 -9.079355087323484952e+00 -4.672621313236410288e+02
-3.769265224241038368e+02 -3.815722296820273982e+02 -1.188265909312457680e+01 -4.631187190673884970e+02
0.000000000000000000e+00 0.000000000000000000e+00 0.000000000000000000e+00 0.000000000000000000e+00
-6.369658808288257887e+02 -6.198107850403692964e+02 -6.368371458708404589e+02 -6.362844384684665329e+02
-6.449165939337100326e+02 -6.444031586654027706e+02 -6.441735441476125743e+02 -6.445230690884162641e+02
-6.515086888109940446e+02 -6.524052146576083260e+02 -6.519696555483614020e+02 -6.517371501567726000e+02
0.000000000000000000e+00 0.000000000000000000e+00 0.000000000000000000e+00 0.000000000000000000e+00
-6.943711638847166796e+02 -6.953763732516247273e+02 -6.945342965618813196e+02 -6.948555032233165321e+02
0.000000000000000000e+00 0.000000000000000000e+00 0.000000000000000000e+00 0.000000000000000000e+00
-8.079449739884991004e+02 -8.047508592161566412e+02 -8.067709849032020202e+02 -8.155075519970714595e+02
-8.240096471832732732e+02 -8.242469073174370351e+02 -8.242207874555620037e+02 -8.265339997581863827e+02
-8.409413223606942438e+02 -8.379664315318045738e+02 -8.427444676537028272e+02 -8.420488223953726674e+02
0.000000000000000000e+00 0.000000000000000000e+00 0.000000000000000000e+00 0.000000000000000000e+00
-8.510648264867267017e+02 -8.692681468985157380e+02 -8.681507832401196083e+02 -8.683782708619053210e+02
0.000000000000000000e+00 0.000000000000000000e+00 0.000000000000000000e+00 0.000000000000000000e+00
-8.899335642429199424e+02 -8.953300933352327320e+02 -8.934317156661419403e+02 -8.923189216039095299e+02
0.000000000000000000e+00 0.000000000000000000e+00 0.000000000000000000e+00 0.000000000000000000e+00
0.000000000000000000e+00 0.000000000000000000e+00 0.000000000000000000e+00 0.000000000000000000e+00
-2.004336838721550009e+02 -2.004736239121450012e+02 -2.005135639521350015e+02 -1.636975861256827613e+02
-3.166374585814528242e+00 -1.292433812668821815e+02 -1.986064628565889620e+02 -1.478287871667521074e+02
0.000000000000000000e+00 0.000000000000000000e+00 0.000000000000000000e+00 0.000000000000000000e+00
0.000000000000000000e+00 0.000000000000000000e+00 0.000000000000000000e+00 0.000000000000000000e+00
0.000000000000000000e+00 0.000000000000000000e+00 0.000000000000000000e+00 0.000000000000000000e+00
0.000000000000000000e+00 0.000000000000000000e+00 0.000000000000000000e+00 0.000000000000000000e+00
0.000000000000000000e+00 0.000000000000000000e+00 0.000000000000000000e+00 0.000000000000000000e+00
-6.586085189268573004e+02 -6.595565423449520495e+02 -6.596439809085194383e+02 -6.574363789357323640e+02
0.000000000000000000e+00 0.000000000000000000e+00 0.000000000000000000e+00 0.000000000000000000e+00
0.000000000000000000e+00 0.000000000000000000e+00 0.000000000000000000e+00 0.000000000000000000e+00
0.000000000000000000e+00 0.000000000000000000e+00 0.000000000000000000e+00 0.000000000000000000e+00
-8.030445440859584778e+02 -8.172377926057861259e+02 -8.127286225015316177e+02 -8.129365357418843132e+02
0.000000000000000000e+00 0.000000000000000000e+00 0.000000000000000000e+00 0.000000000000000000e+00
-8.489108594682511466e+02 -8.487397260569804303e+02 -8.433421130386800542e+02 -8.545727487970787024e+02
-8.541718634281837694e+02 -8.544091235623475313e+02 -8.550709435901426332e+02 -8.644017464750536419e+02
-8.445390526151405766e+02 -8.686235282306772660e+02 -8.597882664091665674e+02 -8.661048668419206251e+02
0.000000000000000000e+00 0.000000000000000000e+00 0.000000000000000000e+00 0.000000000000000000e+00
-9.065591147549862399e+02 -9.046004284517935048e+02 -8.993779623067464399e+02 -9.000231581219322834e+02
-9.054878049002439866e+02 -9.057737812039166556e+02 -9.074236032038554640e+02 -9.025153039665868846e+02
-9.086676594958255464e+02 -9.122135465446042417e+02 -9.119367781126441059e+02 -9.075964866698802780e+02
0.000000000000000000e+00 0.000000000000000000e+00 0.000000000000000000e+00 0.000000000000000000e+00
0.000000000000000000e+00 0.000000000000000000e+00 0.000000000000000000e+00 0.000000000000000000e+00
0.000000000000000000e+00 0.000000000000000000e+00 0.000000000000000000e+00 0.000000000000000000e+00
-6.856786678554281025e+02 -6.829335440584231947e+02 -6.851950774924517873e+02 -6.856147885814270921e+02
-6.811884705955307027e+02 -6.816249341114665867e+02 -6.837864019416275596e+02 -6.833097941728130991e+02
-6.783752603367569236e+02 -6.774100053368787258e+02 -6.788959444039251139e+02 -6.789915730913885454e+02
-6.741085957390596377e+02 -6.753954937951168631e+02 -6.742431827186118198e+02 -6.750229750396068766e+02
-6.674412868702787591e+02 -6.684725897722229320e+02 -6.684536306455811427e+02 -6.667002643392100936e+02
0.000000000000000000e+00 0.000000000000000000e+00 0.000000000000000000e+00 0.000000000000000000e+00
-8.100990706143061288e+02 -8.101335492712544237e+02 -8.292833683607337889e+02 -8.298074268290343980e+02
-8.221255776171046818e+02 -8.086065192653616123e+02 -8.154305755829266218e+02 -8.278739124818504251e+02
-7.994753465817350389e+02 -8.160120365549480539e+02 -8.077685069444576129e+02 -7.949196151399565906e+02
0.000000000000000000e+00 0.000000000000000000e+00 0.000000000000000000e+00 0.000000000000000000e+00
-8.561353464498171206e+02 -8.573875547059762994e+02 -8.511627398310545232e+02 -8.528424285215724012e+02
0.000000000000000000e+00 0.000000000000000000e+00 0.000000000000000000e+00 0.000000000000000000e+00
0.000000000000000000e+00 0.000000000000000000e+00 0.000000000000000000e+00 0.000000000000000000e+00
-9.168018629048548291e+02 -9.171556337195552260e+02 -9.175094045342555091e+02 -9.177910281794025877e+02
-9.149517820200774167e+02 -9.176642161327229132e+02 -9.167041157448094282e+02 -9.171672260228345976e+02
0.000000000000000000e+00 0.000000000000000000e+00 0.000000000000000000e+00 0.000000000000000000e+00
-9.111662222089216812e+02 -9.145025770310140842e+02 -9.075574710976590040e+02 -9.080342469488145980e+02
0.000000000000000000e+00 0.000000000000000000e+00 0.000000000000000000e+00 0.000000000000000000e+00
0.000000000000000000e+00 0.000000000000000000e+00 0.000000000000000000e+00 0.000000000000000000e+00
0.000000000000000000e+00 0.000000000000000000e+00 0.000000000000000000e+00 0.000000000000000000e+00
-6.838222045049559483e+02 -6.859967886869874292e+02 -6.841396733940372314e+02 -6.849615605745481162e+02
-6.820368178070618796e+02 -6.844667514858347204e+02 -6.833798340663482804e+02 -6.830627582779729892e+02
0.000000000000000000e+00 0.000000000000000000e+00 0.000000000000000000e+00 0.000000000000000000e+00
-6.787940514987931238e+02 -6.785860689933815593e+02 -6.760701390248877942e+02 -6.776470125627483867e+02
0.000000000000000000e+00 0.000000000000000000e+00 0.000000000000000000e+00 0.000000000000000000e+00
0.000000000000000000e+00 0.000000000000000000e+00 0.000000000000000000e+00 0.000000000000000000e+00
-8.086950727975793143e+02 -8.249169001913056718e+02 -8.213988699282750758e+02 -8.138254074550364976e+02
0.000000000000000000e+00 0.000000000000000000e+00 0.000000000000000000e+00 0.000000000000000000e+00
-8.019558114273927458e+02 -8.135174942697537972e+02 -8.029998298376965522e+02 -8.132768977189740554e+02
0.000000000000000000e+00 0.000000000000000000e+00 0.000000000000000000e+00 0.000000000000000000e+00
-8.632392643876951297e+02 -8.676009751373273957e+02 -8.655795622066532360e+02 -8.602940587516050073e+02
-8.642986093119036468e+02 -8.663995547599802194e+02 -8.698353672187176926e+02 -8.699458549822637679e+02
0.000000000000000000e+00 0.000000000000000000e+00 0.000000000000000000e+00 0.000000000000000000e+00
0.000000000000000000e+00 0.000000000000000000e+00 0.000000000000000000e+00 0.000000000000000000e+00
-9.190569342962443216e+02 -9.204581815786239076e+02 -9.207680305925595121e+02 -9.203763588423754527e+02
-9.188154016156775015e+02 -9.164492951600080914e+02 -9.165363053092165728e+02 -9.203800236645506629e+02
-9.123895799987610644e+02 -9.164790922270162810e+02 -9.142453853479412373e+02 -9.150623114638530069e+02
0.000000000000000000e+00 0.000000000000000000e+00 0.000000000000000000e+00 0.000000000000000000e+00
0.000000000000000000e+00 0.000000000000000000e+00 0.000000000000000000e+00 0.000000000000000000e+00
0.000000000000000000e+00 0.000000000000000000e+00 0.000000000000000000e+00 0.000000000000000000e+00
-6.835421584436553530e+02 -6.844751420235692194e+02 -6.842250205918762731e+02 -6.837032930491901652e+02
-6.820261178843127254e+02 -6.836496271148846517e+02 -6.825842477736705405e+02 -6.818280117292443947e+02
0.000000000000000000e+00 0.000000000000000000e+00 0.000000000000000000e+00 0.000000000000000000e+00
0.000000000000000000e+00 0.000000000000000000e+00 0.000000000000000000e+00 0.000000000000000000e+00
-8.218595914022929492e+02 -8.220675046426459858e+02 -8.222754178829986813e+02 -8.262550450849178105e+02
-8.212358516812339531e+02 -8.214437649215869897e+02 -8.217705333012061146e+02 -8.265600857507611181e+02
-8.187469497062406845e+02 -8.215802658645742440e+02 -8.211467935801471185e+02 -8.084013795257108086e+02
-8.206490170671308988e+02 -8.019588891966810706e+02 -8.205584606470521294e+02 -8.067968748283509512e+02
0.000000000000000000e+00 0.000000000000000000e+00 0.000000000000000000e+00 0.000000000000000000e+00
0.000000000000000000e+00 0.000000000000000000e+00 0.000000000000000000e+00 0.000000000000000000e+00
0.000000000000000000e+00 0.000000000000000000e+00 0.000000000000000000e+00 0.000000000000000000e+00
0.000000000000000000e+00 0.000000000000000000e+00 0.000000000000000000e+00 0.000000000000000000e+00
-9.242885698384011448e+02 -9.246519868822869057e+02 -9.252048344959832775e+02 -9.267384910694787550e+02
-9.276667225420457044e+02 -9.275421314205723320e+02 -9.237759134670670846e+02 -9.305296972389530765e+02
-9.242052535350879907e+02 -9.266066721066388254e+02 -9.256360307041784381e+02 -9.244178550980449245e+02
-9.205211092480275283e+02 -9.192090501125242099e+02 -9.253075621775826676e+02 -9.202226322110519732e+02
-9.188614816304432225e+02 -9.148620721436539043e+02 -9.222856436056997609e+02 -9.151128394790206357e+02
