0.000000000000000000e+00 0.000000000000000000e+00 0.000000000000000000e+00 0.000000000000000000e+00
0.000000000000000000e+00 0.000000000000000000e+00 0.000000000000000000e+00 0.000000000000000000e+00
-5.551025542699010202e+02 -5.534509251978770408e+02 -5.538046960125777787e+02 -5.541584668272781755e+02
0.000000000000000000e+00 0.000000000000000000e+00 0.000000000000000000e+00 0.000000000000000000e+00
-5.645772702373517404e+02 -5.623479322235639302e+02 -5.625949550975936972e+02 -5.628419779716228959e+02
0.000000000000000000e+00 0.000000000000000000e+00 0.000000000000000000e+00 0.000000000000000000e+00
-3.718344474534515598e+02 -3.726032802137788735e+02 -3.747740404509608538e+02 -3.747027424590580722e+02
-3.734091742700269378e+02 -3.734170781920349214e+02 -3.713810293169296415e+02 -3.696189233675578407e+02
-3.649212823569068860e+02 -3.683953091554753314e+02 -3.702241874717518044e+02 -3.687454790775828997e+02
0.000000000000000000e+00 0.000000000000000000e+00 0.000000000000000000e+00 0.000000000000000000e+00
0.000000000000000000e+00 0.000000000000000000e+00 0.000000000000000000e+00 0.000000000000000000e+00
0.000000000000000000e+00 0.000000000000000000e+00 0.000000000000000000e+00 0.000000000000000000e+00
0.000000000000000000e+00 0.000000000000000000e+00 0.000000000000000000e+00 0.000000000000000000e+00
0.000000000000000000e+00 0.000000000000000000e+00 0.000000000000000000e+00 0.000000000000000000e+00
0.000000000000000000e+00 0.000000000000000000e+00 0.000000000000000000e+00 0.000000000000000000e+00
0.000000000000000000e+00 0.000000000000000000e+00 0.000000000000000000e+00 0.000000000000000000e+00
-2.935853425410936666e+02 -2.990075088198949516e+02 -2.993031991472639675e+02 -3.000294580259715644e+02
-3.014529145540354875e+02 -2.989827037065837203e+02 -2.992260727098102961e+02 -2.998222226078366930e+02
0.000000000000000000e+00 0.000000000000000000e+00 0.000000000000000000e+00 0.000000000000000000e+00
-4.621875739146676665e+01 -4.629847795076733519e+01 -4.637819851006788952e+01 -4.643011034636973022e+01
-3.909478676645453277e+01 -4.567397480157620748e+01 -4.616180411246676130e+01 -4.597487187965494115e+01
0.000000000000000000e+00 0.000000000000000000e+00 0.000000000000000000e+00 0.000000000000000000e+00
0.000000000000000000e+00 0.000000000000000000e+00 0.000000000000000000e+00 0.000000000000000000e+00
0.000000000000000000e+00 0.000000000000000000e+00 0.000000000000000000e+00 0.000000000000000000e+00
0.000000000000000000e+00 0.000000000000000000e+00 0.000000000000000000e+00 0.000000000000000000e+00
-4.621823274406126529e+02 -4.642114759715851733e+02 -4.643801227478468263e+02 -4.644032101578588936e+02
-4.588466914177563467e+02 -4.573207466429424812e+02 -4.562605348420408404e+02 -4.569904890874110492e+02
-4.551795561103593855e+02 -4.576503752667873073e+02 -4.580742772812992598e+02 -4.574814835050759712e+02
-4.619195058089287613e+02 -4.688653824080167851e+02 -4.552249617442666931e+02 -4.544082079030324621e+02
0.000000000000000000e+00 0.000000000000000000e+00 0.000000000000000000e+00 0.000000000000000000e+00
-5.609594445601742336e+02 -5.590966431938219330e+02 -5.657983461172235593e+02 -5.657812251989621473e+02
-5.528441270720325065e+02 -5.547642329365094156e+02 -5.568935776870176824e+02 -5.582244528461368418e+02
-5.555307286152833512e+02 -5.529760137345765543e+02 -5.483078860230484679e+02 -5.537749770631904767e+02
-5.531938348507619594e+02 -5.515867869961917904e+02 -5.539109705800750589e+02 -5.586531093036918492e+02
-5.602730338478527301e+02 -5.601790100356838593e+02 -5.579259685013702210e+02 -5.587003533716247148e+02
-5.612337642407056819e+02 -5.600723372691207942e+02 -5.585227394749032328e+02 -5.566696856421339135e+02
0.000000000000000000e+00 0.000000000000000000e+00 0.000000000000000000e+00 0.000000000000000000e+00
-3.695458272248218918e+02 -3.713171733034005797e+02 -3.710805932351938736e+02 -3.725175765313828151e+02
-3.704032117926664114e+02 -3.644462704449499597e+02 -3.688180607450549928e+02 -3.653165833734539092e+02
0.000000000000000000e+00 0.000000000000000000e+00 0.000000000000000000e+00 0.000000000000000000e+00
0.000000000000000000e+00 0.000000000000000000e+00 0.000000000000000000e+00 0.000000000000000000e+00
-3.599427438237748333e+02 -3.576308625371560765e+02 -3.595062515296655192e+02 -3.561493847091332441e+02
-3.549858192583461118e+02 -3.556170942298704745e+02 -3.576699213886789721e+02 -3.522664922298468468e+02
-3.477832891129830273e+02 -3.483125468019638333e+02 -3.525604926221980122e+02 -3.479693134211831307e+02
0.000000000000000000e+00 0.000000000000000000e+00 0.000000000000000000e+00 0.000000000000000000e+00
0.000000000000000000e+00 0.000000000000000000e+00 0.000000000000000000e+00 0.000000000000000000e+00
-3.006323836449592477e+02 -2.902833615680875141e+02 -3.007522484520850412e+02 -2.952565936088902845e+02
-3.016332075367493530e+02 -2.991047375609616097e+02 -3.019847072023574128e+02 -2.891278900480677976e+02
-2.914595095981823647e+02 -2.892871216048812926e+02 -2.944445473874704930e+02 -2.904276589554435191e+02
0.000000000000000000e+00 0.000000000000000000e+00 0.000000000000000000e+00 0.000000000000000000e+00
-4.885702319185924125e+01 -4.435724633033854047e+01 -3.709573303890775264e+01 -5.074943374089266435e+00
0.000000000000000000e+00 0.000000000000000000e+00 0.000000000000000000e+00 0.000000000000000000e+00
0.000000000000000000e+00 0.000000000000000000e+00 0.000000000000000000e+00 0.000000000000000000e+00
-4.372200339510546883e+02 -4.065073081098232706e+02 -4.066365309626860949e+02 -4.067075074092074374e+02
-4.071811426822800968e+02 -4.132386275008315124e+02 -4.207245641793944060e+02 -4.067852268568850604e+02
0.000000000000000000e+00 0.000000000000000000e+00 0.000000000000000000e+00 0.000000000000000000e+00
-4.572941016947503385e+02 -4.546173935210166519e+02 -4.574531547287380704e+02 -4.607432703173992650e+02
-4.568757772028902764e+02 -4.572777626589464148e+02 -4.530514016819386711e+02 -4.639021590110101556e+02
-4.633291908191752100e+02 -4.521117998198977261e+02 -4.586128529856686100e+02 -4.608907510705791992e+02
-4.629459009179287250e+02 -4.630751237707916061e+02 -4.663989356019878301e+02 -4.635402889890225424e+02
-5.628472629480172600e+02 -5.678765224528974613e+02 -5.641762071400121386e+02 -5.656819130336031094e+02
0.000000000000000000e+00 0.000000000000000000e+00 0.000000000000000000e+00 0.000000000000000000e+00
-5.570500294060038868e+02 -5.539098470261427565e+02 -5.530567634786286817e+02 -5.559307598689023280e+02
0.000000000000000000e+00 0.000000000000000000e+00 0.000000000000000000e+00 0.000000000000000000e+00
-5.594574802400040880e+02 -5.561340529166269562e+02 -5.507499025506940598e+02 -5.564232752995402507e+02
-5.549058576259737947e+02 -5.557415075280487144e+02 -5.594330573816566812e+02 -5.526316052003428467e+02
-5.545663417611682462e+02 -5.547840470882806585e+02 -5.568862711266483529e+02 -5.519689576237573192e+02
0.000000000000000000e+00 0.000000000000000000e+00 0.000000000000000000e+00 0.000000000000000000e+00
-3.681244013150002274e+02 -3.654884027122573116e+02 -3.608399365991745071e+02 -3.681526815694710422e+02
-3.602841631085397012e+02 -3.615918711860452390e+02 -3.639219351023568834e+02 -3.639170126099425033e+02
-3.627695276111839462e+02 -3.595677002745001687e+02 -3.612017649004741315e+02 -3.590983140942515774e+02
-3.540980233804133377e+02 -3.580681692741131315e+02 -3.601792474274817550e+02 -3.572649612093498490e+02
0.000000000000000000e+00 0.000000000000000000e+00 0.000000000000000000e+00 0.000000000000000000e+00
-3.401540313300944263e+02 -3.472483472468851460e+02 -3.403016396348994022e+02 -3.453427976957675583e+02
0.000000000000000000e+00 0.000000000000000000e+00 0.000000000000000000e+00 0.000000000000000000e+00
-3.023623925062148601e+02 -2.972918437280926582e+02 -2.961604090303622456e+02 -2.971606865014091454e+02
-2.969381894728601310e+02 -2.932898157033149573e+02 -2.957686842199090620e+02 -2.962567923727859807e+02
0.000000000000000000e+00 0.000000000000000000e+00 0.000000000000000000e+00 0.000000000000000000e+00
0.000000000000000000e+00 0.000000000000000000e+00 0.000000000000000000e+00 0.000000000000000000e+00
-7.908415970400672279e+01 -7.918371090190923667e+01 -7.928326209981173633e+01 -6.646750503868453563e+01
-6.905421073489161188e+01 -9.993738858583018470e+00 -7.907655106475422713e+01 -9.186431791983639528e+01
-8.117908804175135629e+01 -4.719588402455030263e+01 -7.825018441116876033e+01 -7.867568463903940312e+01
0.000000000000000000e+00 0.000000000000000000e+00 0.000000000000000000e+00 0.000000000000000000e+00
-4.175238594638588552e+02 -4.222324511716830102e+02 -4.178320051428437978e+02 -4.349433153538169563e+02
-4.156039106008425961e+02 -4.138868356936247892e+02 -4.177810197759122275e+02 -4.181358136797038583e+02
-4.184336394014265466e+02 -4.179936844317670079e+02 -4.134533346590948781e+02 -4.185590821509687203e+02
0.000000000000000000e+00 0.000000000000000000e+00 0.000000000000000000e+00 0.000000000000000000e+00
0.000000000000000000e+00 0.000000000000000000e+00 0.000000000000000000e+00 0.000000000000000000e+00
-4.649717434606043867e+02 -4.528003501968113937e+02 -4.557948291063839861e+02 -4.574584899644309530e+02
0.000000000000000000e+00 0.000000000000000000e+00 0.000000000000000000e+00 0.000000000000000000e+00
0.000000000000000000e+00 0.000000000000000000e+00 0.000000000000000000e+00 0.000000000000000000e+00
-5.591196785454703786e+02 -5.593275917858234152e+02 -5.595355050261763381e+02 -5.589310286662055205e+02
-5.592074129921710437e+02 -5.534351645526844550e+02 -5.590306204443837714e+02 -5.605557008250206081e+02
-5.564879383704850397e+02 -5.570218247473557085e+02 -5.583731030324656786e+02 -5.595997143485494689e+02
-5.481393419638118303e+02 -5.545380262951498480e+02 -5.533653633390923687e+02 -5.563970224593292642e+02
-5.514218514160281757e+02 -5.530668191040241481e+02 -5.445819005134007966e+02 -5.514562324717276169e+02
0.000000000000000000e+00 0.000000000000000000e+00 0.000000000000000000e+00 0.000000000000000000e+00
0.000000000000000000e+00 0.000000000000000000e+00 0.000000000000000000e+00 0.000000000000000000e+00
0.000000000000000000e+00 0.000000000000000000e+00 0.000000000000000000e+00 0.000000000000000000e+00
-3.597430683102197122e+02 -3.608697396183978299e+02 -3.579660913487600737e+02 -3.574576181716237784e+02
-3.574451908358010996e+02 -3.585230542985955253e+02 -3.550543583416246634e+02 -3.609983733819113354e+02
-3.565747178913510993e+02 -3.526988529273140216e+02 -3.538465418163945060e+02 -3.573873078697342862e+02
-3.471209615524688843e+02 -3.484951153293017114e+02 -3.504432182921275967e+02 -3.506737337793655911e+02
-3.360811692235339478e+02 -3.372518249548919584e+02 -3.395522348308738856e+02 -3.384406029006226504e+02
-3.240304644731871804e+02 -3.243958930993898093e+02 -3.193208025838837898e+02 -3.248998554565187646e+02
-3.036483052278052810e+02 -2.983434997543109262e+02 -3.048579581661699081e+02 -2.989672357411778307e+02
-2.940598015515279258e+02 -2.945623678251525916e+02 -2.871607691750273830e+02 -2.929306858579930690e+02
0.000000000000000000e+00 0.000000000000000000e+00 0.000000000000000000e+00 0.000000000000000000e+00
-2.174220350638429125e+02 -2.166557173811252142e+02 -2.169027402551547539e+02 -2.171497631291842936e+02
0.000000000000000000e+00 0.000000000000000000e+00 0.000000000000000000e+00 0.000000000000000000e+00
-1.068468496456056016e+02 -1.475139102595513663e+01 -9.832066169952994983e+01 -1.288773382090195412e+02
-1.260407139229050983e+02 -1.029837049286948627e+02 -1.216863788120836603e+02 -1.199969032634930386e+02
0.000000000000000000e+00 0.000000000000000000e+00 0.000000000000000000e+00 0.000000000000000000e+00
0.000000000000000000e+00 0.000000000000000000e+00 0.000000000000000000e+00 0.000000000000000000e+00
0.000000000000000000e+00 0.000000000000000000e+00 0.000000000000000000e+00 0.000000000000000000e+00
-4.017619624421867002e+02 -4.023408107109950720e+02 -3.958943688654861717e+02 -3.994220111611250559e+02
-4.028992626018957708e+02 -3.951058097115412693e+02 -4.110647395746493657e+02 -3.953342352795182819e+02
0.000000000000000000e+00 0.000000000000000000e+00 0.000000000000000000e+00 0.000000000000000000e+00
-4.547096365282384340e+02 -4.529944256259030340e+02 -4.434202694259901136e+02 -4.499080707086753819e+02
-4.521739374283474717e+02 -4.522932796234055104e+02 -4.565186826225775008e+02 -4.524868155634902109e+02
0.000000000000000000e+00 0.000000000000000000e+00 0.000000000000000000e+00 0.000000000000000000e+00
0.000000000000000000e+00 0.000000000000000000e+00 0.000000000000000000e+00 0.000000000000000000e+00
0.000000000000000000e+00 0.000000000000000000e+00 0.000000000000000000e+00 0.000000000000000000e+00
0.000000000000000000e+00 0.000000000000000000e+00 0.000000000000000000e+00 0.000000000000000000e+00
0.000000000000000000e+00 0.000000000000000000e+00 0.000000000000000000e+00 0.000000000000000000e+00
-5.422686844827694586e+02 -5.384493592393552035e+02 -5.392951758900271670e+02 -5.387950682794175918e+02
-5.367781147308841128e+02 -5.344358615618717749e+02 -5.393676393280729826e+02 -5.379882222444500712e+02
-5.386970927430053280e+02 -5.398290240469053742e+02 -5.409057180589142035e+02 -5.401654543722482913e+02
0.000000000000000000e+00 0.000000000000000000e+00 0.000000000000000000e+00 0.000000000000000000e+00
0.000000000000000000e+00 0.000000000000000000e+00 0.000000000000000000e+00 0.000000000000000000e+00
-3.574476900524491612e+02 -3.625009398942974599e+02 -3.603084664629522536e+02 -3.578540331936230814e+02
0.000000000000000000e+00 0.000000000000000000e+00 0.000000000000000000e+00 0.000000000000000000e+00
-3.473783672695473683e+02 -3.499422363513788241e+02 -3.455970978944574199e+02 -3.443925367908863109e+02
-3.348071050768342047e+02 -3.407971205121458524e+02 -3.409476730127736914e+02 -3.413099747267856401e+02
0.000000000000000000e+00 0.000000000000000000e+00 0.000000000000000000e+00 0.000000000000000000e+00
-2.920431438441954128e+02 -2.897783504243986954e+02 -2.917023086931209264e+02 -2.961813035053518206e+02
-2.848838631150656511e+02 -2.822748171206537791e+02 -2.800499658628987163e+02 -2.849427089566830205e+02
-2.579404224910803691e+02 -2.566594089808676245e+02 -2.589986967072541688e+02 -2.527616209760591062e+02
-2.153306843528318950e+02 -2.163229225469668222e+02 -2.198208617319859570e+02 -2.217116959096899507e+02
-1.862111790919558985e+02 -2.004273239127291504e+02 -1.948839977070113605e+02 -1.961886322338561968e+02
-1.314803535456641725e+02 -1.934785990275952372e+01 -1.800712090543225941e+02 -1.663939824526539724e+02
-1.540098578985032134e+02 -1.429403702889844965e+02 -1.558950312010901484e+02 -1.529192704903483673e+02
0.000000000000000000e+00 0.000000000000000000e+00 0.000000000000000000e+00 0.000000000000000000e+00
-3.754475682075044460e+02 -3.787851009166682843e+02 -3.788747417554092749e+02 -3.829562727163335012e+02
-3.932843917957684994e+02 -3.786058192391855641e+02 -3.787238429655681671e+02 -3.759229187000046295e+02
-3.836559951342619001e+02 -3.819799713134052581e+02 -3.930657253101401807e+02 -3.829447783451779515e+02
-3.881730211121865182e+02 -4.020969642732742386e+02 -3.895278790627662602e+02 -3.956393451576803955e+02
0.000000000000000000e+00 0.000000000000000000e+00 0.000000000000000000e+00 0.000000000000000000e+00
-4.433729765840714094e+02 -4.420568312667961663e+02 -4.311338501304068132e+02 -4.315225646667865931e+02
0.000000000000000000e+00 0.000000000000000000e+00 0.000000000000000000e+00 0.000000000000000000e+00
0.000000000000000000e+00 0.000000000000000000e+00 0.000000000000000000e+00 0.000000000000000000e+00
-5.382834607160908718e+02 -5.384241171368926189e+02 -5.380000304076531847e+02 -5.381981417593578954e+02
0.000000000000000000e+00 0.000000000000000000e+00 0.000000000000000000e+00 0.000000000000000000e+00
-5.304379673623890312e+02 -5.286307312591812888e+02 -5.288875071103368555e+02 -5.292648347538599864e+02
-5.282629300338830944e+02 -5.264298899876296218e+02 -5.334236844054734092e+02 -5.267266644911845788e+02
-5.286664891043849366e+02 -5.298199747405242306e+02 -5.277295948128438567e+02 -5.340135596987088320e+02
-5.318752328330044747e+02 -5.298934221187796538e+02 -5.303284974260557192e+02 -5.268649388019587150e+02
-5.351579739726340676e+02 -5.323812971009772355e+02 -5.347774633654332774e+02 -5.272994884785634895e+02
0.000000000000000000e+00 0.000000000000000000e+00 0.000000000000000000e+00 0.000000000000000000e+00
-3.597205666156177131e+02 -3.574016815650723515e+02 -3.619772214435904516e+02 -3.640553174692438461e+02
-3.609258335405322669e+02 -3.624511536562887954e+02 -3.597463715857499551e+02 -3.559902681240066045e+02
0.000000000000000000e+00 0.000000000000000000e+00 0.000000000000000000e+00 0.000000000000000000e+00
-3.497184731289863748e+02 -3.542904610482377166e+02 -3.500406213312905948e+02 -3.499436081108066219e+02
0.000000000000000000e+00 0.000000000000000000e+00 0.000000000000000000e+00 0.000000000000000000e+00
-2.943800307744799625e+02 -2.946562833307090159e+02 -2.949325358869380125e+02 -2.949829028998991589e+02
-2.938296414199612627e+02 -2.948909735020878884e+02 -2.942852642508102576e+02 -2.931197179332812652e+02
0.000000000000000000e+00 0.000000000000000000e+00 0.000000000000000000e+00 0.000000000000000000e+00
0.000000000000000000e+00 0.000000000000000000e+00 0.000000000000000000e+00 0.000000000000000000e+00
-2.091696193224215392e+02 -2.092986573868630558e+02 -2.091180145689870358e+02 -2.083114513501008673e+02
-1.993987056340297670e+02 -1.993940043771687272e+02 -1.993875839078152126e+02 -1.232169962489817010e+02
-1.809642934050376368e+02 -2.378965577939351661e+01 -1.856640820748245915e+02 -1.952747937179011899e+02
-1.774895528632014816e+02 -1.725410137612767301e+02 -1.798345355678229680e+02 -1.776594689267291471e+02
0.000000000000000000e+00 0.000000000000000000e+00 0.000000000000000000e+00 0.000000000000000000e+00
-3.752399036423805114e+02 -3.753640195132263671e+02 -3.755088261586043927e+02 -3.794100795342628771e+02
-3.893628200707936458e+02 -3.715209012741439665e+02 -3.751786456912805647e+02 -3.840206130066608807e+02
-3.673967175225304231e+02 -3.848175795069022342e+02 -3.750605180966429657e+02 -3.841240473087046894e+02
-3.808509884252167126e+02 -3.851016624611270345e+02 -3.951812671080352857e+02 -3.900222321487029831e+02
0.000000000000000000e+00 0.000000000000000000e+00 0.000000000000000000e+00 0.000000000000000000e+00
-4.298291927492639957e+02 -4.300277078230370762e+02 -4.192944560966268455e+02 -4.245275995771900170e+02
-4.272831388816640583e+02 -4.273826900795665438e+02 -4.322515977853742584e+02 -4.276110759465656201e+02
-5.372957490650852606e+02 -5.375246116016994620e+02 -5.378218117358632071e+02 -5.375341116363262017e+02
-5.334948167646233514e+02 -5.339108134611432206e+02 -5.344433444477725743e+02 -5.342468138512448377e+02
-5.313098622067293491e+02 -5.312964544434531717e+02 -5.316546326973499390e+02 -5.320249308724385173e+02
-5.272968497885121906e+02 -5.278033951284880914e+02 -5.265593677853805730e+02 -5.317859783657515891e+02
-5.266050607010346312e+02 -5.249117753213482729e+02 -5.256996061525106825e+02 -5.307604665157862200e+02
-5.217087746346335280e+02 -5.254863676600419922e+02 -5.226668601575694311e+02 -5.253825541804994828e+02
-5.206871885287972646e+02 -5.193594725791621158e+02 -5.157449984081946468e+02 -5.219286089663756911e+02
0.000000000000000000e+00 0.000000000000000000e+00 0.000000000000000000e+00 0.000000000000000000e+00
0.000000000000000000e+00 0.000000000000000000e+00 0.000000000000000000e+00 0.000000000000000000e+00
-3.598215760698979580e+02 -3.614467380739525311e+02 -3.596333646835036006e+02 -3.612355285666354803e+02
0.000000000000000000e+00 0.000000000000000000e+00 0.000000000000000000e+00 0.000000000000000000e+00
0.000000000000000000e+00 0.000000000000000000e+00 0.000000000000000000e+00 0.000000000000000000e+00
-3.508579166077037144e+02 -3.515741265110922313e+02 -3.514763893453437049e+02 -3.509516851998686207e+02
-3.452501137161088423e+02 -3.520598788552370024e+02 -3.520974720105385813e+02 -3.519135662293460314e+02
0.000000000000000000e+00 0.000000000000000000e+00 0.000000000000000000e+00 0.000000000000000000e+00
0.000000000000000000e+00 0.000000000000000000e+00 0.000000000000000000e+00 0.000000000000000000e+00
0.000000000000000000e+00 0.000000000000000000e+00 0.000000000000000000e+00 0.000000000000000000e+00
0.000000000000000000e+00 0.000000000000000000e+00 0.000000000000000000e+00 0.000000000000000000e+00
0.000000000000000000e+00 0.000000000000000000e+00 0.000000000000000000e+00 0.000000000000000000e+00
0.000000000000000000e+00 0.000000000000000000e+00 0.000000000000000000e+00 0.000000000000000000e+00
-1.936815929053344405e+02 -2.808671305464401868e+01 -2.071463638778333234e+02 -1.888279393728599018e+02
0.000000000000000000e+00 0.000000000000000000e+00 0.000000000000000000e+00 0.000000000000000000e+00
0.000000000000000000e+00 0.000000000000000000e+00 0.000000000000000000e+00 0.000000000000000000e+00
0.000000000000000000e+00 0.000000000000000000e+00 0.000000000000000000e+00 0.000000000000000000e+00
-3.747303645885662036e+02 -3.729744637783132362e+02 -3.770431707870689024e+02 -3.657189986323735411e+02
-3.676245424921878566e+02 -3.591228696739043471e+02 -3.729279769108023288e+02 -3.669600727979372436e+02
-3.805995242943167796e+02 -3.876772123961423517e+02 -3.711917511257204296e+02 -3.714212113802112185e+02
0.000000000000000000e+00 0.000000000000000000e+00 0.000000000000000000e+00 0.000000000000000000e+00
-4.151726630693780749e+02 -4.142802937878241778e+02 -4.028287853927123479e+02 -4.040594435955516701e+02
0.000000000000000000e+00 0.000000000000000000e+00 0.000000000000000000e+00 0.000000000000000000e+00
-5.388642763338555142e+02 -5.385356445200170583e+02 -5.381811338490249454e+02 -5.378802260991265030e+02
-5.328654041755954722e+02 -5.333520621965903956e+02 -5.334308389880189907e+02 -5.328311722572203735e+02
-5.295945727084966848e+02 -5.327675416013693166e+02 -5.291233092343164799e+02 -5.289718398508739483e+02
-5.272555877050806430e+02 -5.270480238810553146e+02 -5.265135248366908627e+02 -5.269631225913842627e+02
-5.271607158842532499e+02 -5.264979986415601161e+02 -5.258763062392472420e+02 -5.255364359042919205e+02
0.000000000000000000e+00 0.000000000000000000e+00 0.000000000000000000e+00 0.000000000000000000e+00
-5.057779770326682183e+02 -5.022089529752712451e+02 -5.038759903502911470e+02 -5.051887259451251566e+02
-4.879591410783943388e+02 -5.036495791408997320e+02 -5.070437941980155188e+02 -5.044529752422790807e+02
0.000000000000000000e+00 0.000000000000000000e+00 0.000000000000000000e+00 0.000000000000000000e+00
0.000000000000000000e+00 0.000000000000000000e+00 0.000000000000000000e+00 0.000000000000000000e+00
0.000000000000000000e+00 0.000000000000000000e+00 0.000000000000000000e+00 0.000000000000000000e+00
0.000000000000000000e+00 0.000000000000000000e+00 0.000000000000000000e+00 0.000000000000000000e+00
-3.520826868388553521e+02 -3.521497129914898210e+02 -3.517985356256630212e+02 -3.519376292556729595e+02
0.000000000000000000e+00 0.000000000000000000e+00 0.000000000000000000e+00 0.000000000000000000e+00
-3.018950588223544287e+02 -3.298102294051583954e+02 -3.298640514281006517e+02 -3.298696187415551435e+02
0.000000000000000000e+00 0.000000000000000000e+00 0.000000000000000000e+00 0.000000000000000000e+00
-2.511788051746105737e+02 -2.311894988086546050e+02 -2.962127047137814770e+02 -4.743653149028901339e+01
-2.838184042785522365e+02 -1.887353099686534392e+02 -2.867951088448245969e+02 -4.383399652368370170e+01
-2.499280059901749951e+02 -2.109070663676413915e+02 -2.581074793881327309e+02 -4.009316635135091644e+01
-2.198774927515607089e+02 -1.856053265807148023e+02 -2.378698581434524613e+02 -3.622100605932821082e+01
-2.404792268649527216e+02 -3.223404956491002338e+01 -2.276644738995445039e+02 -2.070106735132455071e+02
0.000000000000000000e+00 0.000000000000000000e+00 0.000000000000000000e+00 0.000000000000000000e+00
-3.384525128912360969e+02 -3.391756356436341093e+02 -3.393347384378926677e+02 -3.413754681827363129e+02
-3.567077902001848315e+02 -3.568271323952427565e+02 -3.555985961340750805e+02 -3.385704731964264056e+02
-3.490512421797308775e+02 -3.453078716446345879e+02 -3.493114291343779314e+02 -3.377525842482932603e+02
-3.507991347501055088e+02 -3.704116036005071919e+02 -3.589670788237803549e+02 -3.685960005946035949e+02
-3.732775635125985900e+02 -3.817897147315529764e+02 -3.888767322050294410e+02 -3.812847579465423564e+02
-4.041618338212774688e+02 -4.034525946619067440e+02 -3.847661932563367486e+02 -4.031203290628045011e+02
-4.164770780263514780e+02 -3.989631434274716071e+02 -4.166136106543407323e+02 -4.105531430259952117e+02
-4.004234084719013254e+02 -4.130847991262601226e+02 -4.192827899607476638e+02 -4.132637224799676687e+02
-5.429208471493490151e+02 -5.428561927106967460e+02 -5.428308645228805744e+02 -5.430690533072505559e+02
0.000000000000000000e+00 0.000000000000000000e+00 0.000000000000000000e+00 0.000000000000000000e+00
-5.302267711174769147e+02 -5.302869530112761822e+02 -5.297756324463767896e+02 -5.293592149390404984e+02
-5.247469075767937738e+02 -5.249021340512500728e+02 -5.248423065212427900e+02 -5.244540442370944220e+02
-5.218798488561023987e+02 -5.210429056621549080e+02 -5.211734699194879568e+02 -5.061020483420095388e+02
-5.082476756297501197e+02 -5.083771272764548144e+02 -5.096053302340681626e+02 -4.427822441037684484e+02
-4.924815153557209442e+02 -4.909431724874706902e+02 -4.913988315920463492e+02 -2.250739659357379878e+02
-5.018967613041499476e+02 -4.762076477897393829e+02 -3.982323777307181558e+02 -8.044628856154058383e+01
-4.263896555523012921e+02 -3.687574627240924769e+02 -4.073768269272845828e+02 -7.839529102351922063e+01
-7.621846878941104819e+01 -2.915244336897692961e+02 -3.547370040395000501e+02 -4.146093251291403021e+02
-3.688547566512295930e+02 -4.056307948290562990e+02 -4.061019222896757697e+02 -4.057631089438799563e+02
0.000000000000000000e+00 0.000000000000000000e+00 0.000000000000000000e+00 0.000000000000000000e+00
-3.520140725134101558e+02 -3.516666179301996635e+02 -3.508824873926640748e+02 -2.172659931498608614e+02
-3.121764476611107284e+02 -3.118525241668230592e+02 -3.122474267625769926e+02 -6.050151341409658556e+01
-2.732340295056956165e+02 -3.287308741541442032e+02 -2.615929831597441080e+02 -5.743505546469115330e+01
-2.288089508423911980e+02 -3.023723623099593283e+02 -2.484175461328090080e+02 -5.423498826144555096e+01
-3.044208961065451717e+02 -5.090432021919134797e+01 -1.987786610254391917e+02 -2.604234579180053970e+02
-2.968607821529620310e+02 -1.560921233847558938e+02 -2.990718375920293397e+02 -2.982432697635665590e+02
0.000000000000000000e+00 0.000000000000000000e+00 0.000000000000000000e+00 0.000000000000000000e+00
0.000000000000000000e+00 0.000000000000000000e+00 0.000000000000000000e+00 0.000000000000000000e+00
-2.774408595520557128e+02 -1.529480182717425691e+02 -2.552575409718268986e+02 -2.558085171303028744e+02
0.000000000000000000e+00 0.000000000000000000e+00 0.000000000000000000e+00 0.000000000000000000e+00
-3.381856681733219716e+02 -3.219503016429742956e+02 -3.203498512952849069e+02 -3.207367741693145149e+02
0.000000000000000000e+00 0.000000000000000000e+00 0.000000000000000000e+00 0.000000000000000000e+00
-3.476147807531618810e+02 -3.204616157840409869e+02 -2.808439066811164935e+02 -2.808838467211064653e+02
0.000000000000000000e+00 0.000000000000000000e+00 0.000000000000000000e+00 0.000000000000000000e+00
-3.996166918655005702e+02 -3.993871851804109383e+02 -3.997794500764022700e+02 -3.898567940916316843e+02
-3.963857276411864063e+02 -3.953287339940013680e+02 -4.070690637319544294e+02 -3.900899704759277711e+02
0.000000000000000000e+00 0.000000000000000000e+00 0.000000000000000000e+00 0.000000000000000000e+00
-4.044683538646368106e+02 -4.070111211126128410e+02 -3.963433948767897732e+02 -3.964824885067997116e+02
-5.450087377223375142e+02 -5.447779823507095216e+02 -5.451410845481458409e+02 -5.448108959886843650e+02
0.000000000000000000e+00 0.000000000000000000e+00 0.000000000000000000e+00 0.000000000000000000e+00
0.000000000000000000e+00 0.000000000000000000e+00 0.000000000000000000e+00 0.000000000000000000e+00
0.000000000000000000e+00 0.000000000000000000e+00 0.000000000000000000e+00 0.000000000000000000e+00
-5.290186607831010406e+02 -5.225135298655726501e+02 -5.284656881002484852e+02 -5.285961681227806821e+02
0.000000000000000000e+00 0.000000000000000000e+00 0.000000000000000000e+00 0.000000000000000000e+00
0.000000000000000000e+00 0.000000000000000000e+00 0.000000000000000000e+00 0.000000000000000000e+00
-4.231977647348442702e+02 -8.237683105500104830e+01 -4.264908413126208870e+02 -4.646210559243180569e+02
0.000000000000000000e+00 0.000000000000000000e+00 0.000000000000000000e+00 0.000000000000000000e+00
-3.357415746231552589e+02 -2.935426546851707599e+02 -3.197020489599862003e+02 -7.391356338226782441e+01
-3.845248446891430945e+02 -3.902990739871501091e+02 -3.599612150427418555e+02 -7.148326215108934889e+01
-3.882523085713354476e+02 -2.626405395388958937e+02 -3.210996180594282805e+02 -6.892776764303786763e+01
-3.398037388267511574e+02 -3.544516356173186864e+02 -2.551720593576104363e+02 -6.624622986648826384e+01
-2.509965546698573746e+02 -6.343782633201899301e+01 -3.100745352370684600e+02 -3.186784858065852291e+02
0.000000000000000000e+00 0.000000000000000000e+00 0.000000000000000000e+00 0.000000000000000000e+00
0.000000000000000000e+00 0.000000000000000000e+00 0.000000000000000000e+00 0.000000000000000000e+00
-3.019742184936842477e+02 -3.018303965376887845e+02 -3.016282547523645690e+02 -2.998991893111235640e+02
-2.963957810884640480e+02 -2.967729008187409931e+02 -2.964706407178936161e+02 -2.946072304541365838e+02
-2.919697985632704444e+02 -2.911726125449633855e+02 -2.919156963876403665e+02 -2.870167933036964314e+02
-2.813594759676743138e+02 -2.814093760676242937e+02 -2.826721028055272882e+02 -2.725625111642254979e+02
-2.768729415590855751e+02 -2.417318784199665913e+02 -2.778932852880358269e+02 -2.800216173344762751e+02
-2.838296031720746555e+02 -2.825506247125961181e+02 -2.967972178518400597e+02 -2.837310907304894272e+02
-3.150455237283515544e+02 -3.163195368229151541e+02 -3.146042119250861333e+02 -3.001385703194447387e+02
-3.093815736058197103e+02 -3.058720836785064421e+02 -3.057162326132023509e+02 -3.085786902911901279e+02
-3.457134309234026546e+02 -3.188340918811206848e+02 -3.132019963744353390e+02 -3.116442394534053619e+02
-3.475108846288525228e+02 -3.122768819744580924e+02 -3.150345355269312222e+02 -3.136303792105741195e+02
0.000000000000000000e+00 0.000000000000000000e+00 0.000000000000000000e+00 0.000000000000000000e+00
-4.052398433997780671e+02 -4.076838749117617908e+02 -4.072481918477809586e+02 -4.073971463841607488e+02
0.000000000000000000e+00 0.000000000000000000e+00 0.000000000000000000e+00 0.000000000000000000e+00
-4.109349735798557504e+02 -4.057501982455535767e+02 -4.020015937147271075e+02 -4.022299114796555841e+02
-5.704284459368344642e+02 -5.443229192687132354e+02 -5.439286738219461768e+02 -5.440704794599848810e+02
-5.701255560820488881e+02 -5.312904870880826138e+02 -5.429291882105887908e+02 -3.383735232976019347e+02
-4.425412403587211543e+02 -4.968284486874946424e+02 -5.330568233185081226e+02 -9.356839710125852605e+01
-4.855677720128177270e+02 -4.261847441376040138e+02 -4.219010461627855193e+02 -9.258124128637803096e+01
-9.147851432493301616e+01 -5.294916916755751117e+02 -4.802084999931053062e+02 -4.631278656861518357e+02
0.000000000000000000e+00 0.000000000000000000e+00 0.000000000000000000e+00 0.000000000000000000e+00
0.000000000000000000e+00 0.000000000000000000e+00 0.000000000000000000e+00 0.000000000000000000e+00
-4.296688677203111411e+02 -8.419034816337504878e+01 -4.644757402640146324e+02 -5.065648795717522717e+02
0.000000000000000000e+00 0.000000000000000000e+00 0.000000000000000000e+00 0.000000000000000000e+00
0.000000000000000000e+00 0.000000000000000000e+00 0.000000000000000000e+00 0.000000000000000000e+00
-3.890893735232905328e+02 -3.276922956533132378e+02 -3.907858762705301956e+02 -3.959636975960797827e+02
-4.415110321038234815e+02 -3.668672904812675597e+02 -3.906441773652301208e+02 -3.888313256989244451e+02
0.000000000000000000e+00 0.000000000000000000e+00 0.000000000000000000e+00 0.000000000000000000e+00
0.000000000000000000e+00 0.000000000000000000e+00 0.000000000000000000e+00 0.000000000000000000e+00
-3.364285681463114202e+02 -3.362618655490979904e+02 -3.364599769008027010e+02 -3.366580882525074117e+02
0.000000000000000000e+00 0.000000000000000000e+00 0.000000000000000000e+00 0.000000000000000000e+00
-3.066328073052771401e+02 -3.053985252881213341e+02 -3.058146900463844418e+02 -3.058970330325610689e+02
0.000000000000000000e+00 0.000000000000000000e+00 0.000000000000000000e+00 0.000000000000000000e+00
-3.006018761281781053e+02 -2.996252540822336528e+02 -2.981830299217980951e+02 -2.982401783673123532e+02
0.000000000000000000e+00 0.000000000000000000e+00 0.000000000000000000e+00 0.000000000000000000e+00
-2.791238021195534884e+02 -2.777233182722193305e+02 -2.794730426594035180e+02 -2.799009739677696302e+02
-2.895744230173448841e+02 -2.901221373118493148e+02 -2.892985391168611500e+02 -2.900246933986596787e+02
-3.004516368902058616e+02 -3.160770615258667249e+02 -3.016252746726281089e+02 -3.020002662863876708e+02
-3.092229585215862926e+02 -3.083294292993529666e+02 -3.107381409270714698e+02 -3.121571748312860564e+02
-3.449903707823784771e+02 -3.188816871379483473e+02 -3.180596844700638144e+02 -3.179538542153874801e+02
-3.467902137311523916e+02 -3.435075686761991278e+02 -3.200479148546921238e+02 -3.188472461667712992e+02
0.000000000000000000e+00 0.000000000000000000e+00 0.000000000000000000e+00 0.000000000000000000e+00
-4.093463461373969494e+02 -4.160174311440250676e+02 -4.109656259453398661e+02 -4.009822289338735004e+02
-4.042990521619342985e+02 -4.031793973148365922e+02 -4.077533693571226650e+02 -4.070080902648755909e+02
-4.037310546913345206e+02 -4.092168686507116036e+02 -4.123192410576684210e+02 -4.077659660418273120e+02
-5.702879652717788304e+02 -5.609720689430259881e+02 -5.705171169496804850e+02 -5.737771479351540620e+02
-6.089392007965687981e+02 -5.128879133136327937e+02 -5.704021748541706529e+02 -5.858149419699304872e+02
-6.086773627500263046e+02 -9.444242905737176841e+01 -5.705295154339771670e+02 -5.695660866837656613e+02
0.000000000000000000e+00 0.000000000000000000e+00 0.000000000000000000e+00 0.000000000000000000e+00
-4.110330109870210435e+02 -4.403931618977946414e+02 -4.858762369916704529e+02 -9.026019187789383125e+01
-3.764684664302620831e+02 -4.423306410893594602e+02 -4.898292804771760416e+02 -8.892410655262526120e+01
-5.141715569715063339e+02 -4.462805378109743515e+02 -3.999908576921540657e+02 -8.746690917782885322e+01
-5.397087574342053813e+02 -8.588751250272370896e+01 -3.997400905569060114e+02 -5.349546724585094353e+02
-5.443196088462517537e+02 -5.440218835661536332e+02 -4.825787982965163678e+02 -5.439465224293250003e+02
0.000000000000000000e+00 0.000000000000000000e+00 0.000000000000000000e+00 0.000000000000000000e+00
-4.404139392555707673e+02 -3.883699453822700889e+02 -4.206202959827587051e+02 -3.871666658843328719e+02
-4.320849091129263684e+02 -4.154065521088765536e+02 -3.908497223173931161e+02 -3.910619961780388394e+02
-4.301483121226241337e+02 -3.943605810998486731e+02 -3.948775818303026313e+02 -3.945885781654476432e+02
0.000000000000000000e+00 0.000000000000000000e+00 0.000000000000000000e+00 0.000000000000000000e+00
-3.352803473436806598e+02 -3.341125653662375612e+02 -3.341993028645763957e+02 -3.352038456357414589e+02
0.000000000000000000e+00 0.000000000000000000e+00 0.000000000000000000e+00 0.000000000000000000e+00
-3.251056237022822870e+02 -3.085776255956967589e+02 -3.080398170012756509e+02 -3.087209104986383750e+02
-3.080304396803043119e+02 -3.072921630866842406e+02 -3.081785624844538916e+02 -3.093404095145122028e+02
-3.049030365417705184e+02 -3.055810569337385232e+02 -3.057497751996852458e+02 -3.050868433032326834e+02
0.000000000000000000e+00 0.000000000000000000e+00 0.000000000000000000e+00 0.000000000000000000e+00
0.000000000000000000e+00 0.000000000000000000e+00 0.000000000000000000e+00 0.000000000000000000e+00
0.000000000000000000e+00 0.000000000000000000e+00 0.000000000000000000e+00 0.000000000000000000e+00
0.000000000000000000e+00 0.000000000000000000e+00 0.000000000000000000e+00 0.000000000000000000e+00
0.000000000000000000e+00 0.000000000000000000e+00 0.000000000000000000e+00 0.000000000000000000e+00
-3.445891727448351958e+02 -3.266528123997907187e+02 -3.244362847972723785e+02 -3.409280670202551846e+02
-3.467541750411523935e+02 -3.413852034667142448e+02 -3.537812295793013391e+02 -3.472124675095528801e+02
0.000000000000000000e+00 0.000000000000000000e+00 0.000000000000000000e+00 0.000000000000000000e+00
0.000000000000000000e+00 0.000000000000000000e+00 0.000000000000000000e+00 0.000000000000000000e+00
-3.989114851521345599e+02 -4.096839753550980276e+02 -4.065706653687525431e+02 -4.066900075638104681e+02
0.000000000000000000e+00 0.000000000000000000e+00 0.000000000000000000e+00 0.000000000000000000e+00
0.000000000000000000e+00 0.000000000000000000e+00 0.000000000000000000e+00 0.000000000000000000e+00
-6.418760507459427345e+02 -5.836694843078527128e+02 -6.090004587476688585e+02 -6.091184824740513477e+02
-6.265023030920988276e+02 -9.520709720945860965e+01 -6.064782012743268069e+02 -5.162312328182903229e+02
0.000000000000000000e+00 0.000000000000000000e+00 0.000000000000000000e+00 0.000000000000000000e+00
0.000000000000000000e+00 0.000000000000000000e+00 0.000000000000000000e+00 0.000000000000000000e+00
0.000000000000000000e+00 0.000000000000000000e+00 0.000000000000000000e+00 0.000000000000000000e+00
-5.180051353584368599e+02 -5.174268548340932057e+02 -5.163952004635666526e+02 -4.876826438617629265e+02
-5.518510043553945934e+02 -3.580113509806699312e+02 -5.152883124386773943e+02 -5.398183233722053274e+02
0.000000000000000000e+00 0.000000000000000000e+00 0.000000000000000000e+00 0.000000000000000000e+00
0.000000000000000000e+00 0.000000000000000000e+00 0.000000000000000000e+00 0.000000000000000000e+00
-4.558174764508517569e+02 -4.176126165040710703e+02 -4.393867076914710310e+02 -4.432867472725783955e+02
-4.224611555075006777e+02 -4.182912452529161556e+02 -4.474065872392913548e+02 -4.234556570309605377e+02
-3.587619543843381393e+02 -4.155135429366015387e+02 -4.288412983324652146e+02 -3.558296146534805757e+02
-3.402542219331213573e+02 -3.395948342146786558e+02 -3.608655228220192157e+02 -3.378923302261882213e+02
-3.320382029825170207e+02 -3.325241714476645143e+02 -3.360435558188419805e+02 -3.331769911387610250e+02
-3.293145305248143018e+02 -3.283396782600509596e+02 -3.292928902587757420e+02 -3.290863581902340798e+02
-3.249838726642647657e+02 -3.127190903700170566e+02 -3.319438923302514013e+02 -3.256314660920854749e+02
0.000000000000000000e+00 0.000000000000000000e+00 0.000000000000000000e+00 0.000000000000000000e+00
0.000000000000000000e+00 0.000000000000000000e+00 0.000000000000000000e+00 0.000000000000000000e+00
0.000000000000000000e+00 0.000000000000000000e+00 0.000000000000000000e+00 0.000000000000000000e+00
0.000000000000000000e+00 0.000000000000000000e+00 0.000000000000000000e+00 0.000000000000000000e+00
0.000000000000000000e+00 0.000000000000000000e+00 0.000000000000000000e+00 0.000000000000000000e+00
0.000000000000000000e+00 0.000000000000000000e+00 0.000000000000000000e+00 0.000000000000000000e+00
0.000000000000000000e+00 0.000000000000000000e+00 0.000000000000000000e+00 0.000000000000000000e+00
-3.436504259189042045e+02 -3.362166143486226701e+02 -3.349818218648945845e+02 -3.369485723154191419e+02
0.000000000000000000e+00 0.000000000000000000e+00 0.000000000000000000e+00 0.000000000000000000e+00
0.000000000000000000e+00 0.000000000000000000e+00 0.000000000000000000e+00 0.000000000000000000e+00
-3.709080442820140320e+02 -3.943859347860826574e+02 -3.944358348860326942e+02 -4.067846238461999633e+02
-4.522921500125953571e+02 -3.935757990242383926e+02 -4.117442266853055344e+02 -3.801533771871677345e+02
-4.012715968222618699e+02 -4.013413871719121744e+02 -4.013284789473656815e+02 -4.007873657546148252e+02
-6.420652462639418445e+02 -6.421647974618445005e+02 -6.422643486597471565e+02 -6.441386180459574007e+02
-6.697527543588555545e+02 -6.265020311286888273e+02 -6.420001141079519584e+02 -6.423982694978644759e+02
-4.689914866522606758e+02 -9.586478694145903034e+01 -6.389278890424860720e+02 -5.390597559204350091e+02
0.000000000000000000e+00 0.000000000000000000e+00 0.000000000000000000e+00 0.000000000000000000e+00
-5.274418399930233363e+02 -5.403425460102434954e+02 -5.404321868489846565e+02 -5.428028228880081087e+02
-5.785681818911979235e+02 -5.403330843528308378e+02 -5.346327147538787585e+02 -5.493513802296170070e+02
-5.604870531516526171e+02 -4.931065107912495478e+02 -5.377013471803763878e+02 -5.198742997612204135e+02
-5.584175993859794289e+02 -5.222615716976081330e+02 -5.103142560146233677e+02 -5.874568859652640640e+02
-5.521706285220642485e+02 -5.522503490813649023e+02 -5.114151564204374836e+02 -5.538383400778302530e+02
-5.510753026151871836e+02 -5.511550231744878374e+02 -4.753457371013693091e+02 -5.513400691726033074e+02
-5.361502277949821291e+02 -4.458256401170569347e+02 -4.627406694799918228e+02 -4.529822565390854834e+02
-4.575293215019468107e+02 -4.233096723521956619e+02 -4.621137640576488366e+02 -4.580862488425038919e+02
0.000000000000000000e+00 0.000000000000000000e+00 0.000000000000000000e+00 0.000000000000000000e+00
-3.435541225367304605e+02 -3.418209067777081600e+02 -3.426028369735167871e+02 -3.419759600703070532e+02
0.000000000000000000e+00 0.000000000000000000e+00 0.000000000000000000e+00 0.000000000000000000e+00
-3.398650798543640121e+02 -3.374185336233089743e+02 -3.361668771452820010e+02 -3.382072782569284186e+02
0.000000000000000000e+00 0.000000000000000000e+00 0.000000000000000000e+00 0.000000000000000000e+00
0.000000000000000000e+00 0.000000000000000000e+00 0.000000000000000000e+00 0.000000000000000000e+00
0.000000000000000000e+00 0.000000000000000000e+00 0.000000000000000000e+00 0.000000000000000000e+00
-3.577421001237863152e+02 -3.584856535726383413e+02 -3.570311417343718858e+02 -3.590800189727230531e+02
-3.586349927715385775e+02 -3.587147133308390607e+02 -3.592361163079635844e+02 -3.585049584209834279e+02
-3.553782688308216393e+02 -3.554381190306717144e+02 -3.570397613573913418e+02 -3.567136868484389538e+02
-3.524001400898819725e+02 -3.524500401898319524e+02 -3.574615490123226209e+02 -3.528880800295810900e+02
-3.488340207565496485e+02 -3.525694110593520918e+02 -3.574838607654326097e+02 -3.485499543298118965e+02
-3.526290515790521454e+02 -3.419714746447384641e+02 -3.575422749429327496e+02 -3.405432034722524577e+02
-3.528480928383822857e+02 -3.528979929383323224e+02 -3.575914798786627671e+02 -3.382119578344236288e+02
-3.656154672175923110e+02 -3.614126093018055030e+02 -3.577183639396029662e+02 -3.631303909514356292e+02
-3.664534109326801854e+02 -3.747436988532948021e+02 -3.717002953424058660e+02 -4.452500501742099459e+02
-4.383593178340023542e+02 -4.401341757509088666e+02 -4.468519178103963441e+02 -4.524275794125954917e+02
0.000000000000000000e+00 0.000000000000000000e+00 0.000000000000000000e+00 0.000000000000000000e+00
0.000000000000000000e+00 0.000000000000000000e+00 0.000000000000000000e+00 0.000000000000000000e+00
-6.974932257928451236e+02 -6.640064288344569832e+02 -6.698213732992464884e+02 -6.699716576522648666e+02
-5.828739639050926371e+02 -9.641689184934905654e+01 -6.681099434356237907e+02 -5.506066176947766735e+02
0.000000000000000000e+00 0.000000000000000000e+00 0.000000000000000000e+00 0.000000000000000000e+00
-5.791841082966623162e+02 -5.320276828390481114e+02 -5.794526123897701382e+02 -5.812987838668419727e+02
-5.786472595109472650e+02 -5.775104264826157987e+02 -5.791850296463537688e+02 -5.847002452541785260e+02
-5.884282814706367617e+02 -5.453799529380677313e+02 -5.779144007222595292e+02 -6.182175557555814294e+02
-5.582968306279256012e+02 -6.203634875766298364e+02 -5.602513723162555834e+02 -6.049360520655211531e+02
0.000000000000000000e+00 0.000000000000000000e+00 0.000000000000000000e+00 0.000000000000000000e+00
0.000000000000000000e+00 0.000000000000000000e+00 0.000000000000000000e+00 0.000000000000000000e+00
-5.363671821069829093e+02 -4.586691524582928423e+02 -5.130384792379800274e+02 -5.131082695876302751e+02
0.000000000000000000e+00 0.000000000000000000e+00 0.000000000000000000e+00 0.000000000000000000e+00
0.000000000000000000e+00 0.000000000000000000e+00 0.000000000000000000e+00 0.000000000000000000e+00
-3.450271507507010256e+02 -3.444584985589343660e+02 -3.444360639547614937e+02 -3.455372100843873113e+02
-3.458241588580846155e+02 -3.458249597734557028e+02 -3.464183074057642671e+02 -3.457913395007842041e+02
-3.480665654647769429e+02 -3.452216572522777938e+02 -3.451609421553905008e+02 -3.444656191910725624e+02
-3.499310949685996093e+02 -3.499809950685496460e+02 -3.569393062510631012e+02 -3.438174406218255399e+02
-3.487913284191187131e+02 -3.502895671971900242e+02 -3.542683537686401110e+02 -3.488264341822431902e+02
-3.554067789510140756e+02 -3.555265693006641641e+02 -3.546493994519858006e+02 -3.573161859932954485e+02
-3.607917142469858049e+02 -3.612133431359938527e+02 -3.607423896849155653e+02 -3.586151351081052212e+02
0.000000000000000000e+00 0.000000000000000000e+00 0.000000000000000000e+00 0.000000000000000000e+00
0.000000000000000000e+00 0.000000000000000000e+00 0.000000000000000000e+00 0.000000000000000000e+00
0.000000000000000000e+00 0.000000000000000000e+00 0.000000000000000000e+00 0.000000000000000000e+00
-3.514108639943516437e+02 -3.514958102887306950e+02 -3.511968154547620315e+02 -3.515525522776854928e+02
0.000000000000000000e+00 0.000000000000000000e+00 0.000000000000000000e+00 0.000000000000000000e+00
0.000000000000000000e+00 0.000000000000000000e+00 0.000000000000000000e+00 0.000000000000000000e+00
-3.731611597673957590e+02 -3.724767186283162346e+02 -3.690179476862616070e+02 -3.759129105018912469e+02
-3.719169958967070215e+02 -3.756444020027187207e+02 -3.689649543655715433e+02 -3.909608318862493661e+02
-4.252634987844788839e+02 -4.503159917134751140e+02 -3.891467002379486075e+02 -3.867182095862710298e+02
0.000000000000000000e+00 0.000000000000000000e+00 0.000000000000000000e+00 0.000000000000000000e+00
0.000000000000000000e+00 0.000000000000000000e+00 0.000000000000000000e+00 0.000000000000000000e+00
-6.847353733562165417e+02 -6.973877099694202570e+02 -6.975649828391972278e+02 -6.236538007364866871e+02
-5.945386469795219000e+02 -9.686485331115078168e+01 -6.945965510244110419e+02 -5.570685389591446892e+02
0.000000000000000000e+00 0.000000000000000000e+00 0.000000000000000000e+00 0.000000000000000000e+00
0.000000000000000000e+00 0.000000000000000000e+00 0.000000000000000000e+00 0.000000000000000000e+00
0.000000000000000000e+00 0.000000000000000000e+00 0.000000000000000000e+00 0.000000000000000000e+00
-6.035517984799120086e+02 -6.452216445982794539e+02 -5.884934136266266478e+02 -5.885929648245291901e+02
0.000000000000000000e+00 0.000000000000000000e+00 0.000000000000000000e+00 0.000000000000000000e+00
0.000000000000000000e+00 0.000000000000000000e+00 0.000000000000000000e+00 0.000000000000000000e+00
-5.133176406365810180e+02 -5.133874309862311520e+02 -5.134572213358813997e+02 -5.135446317251818300e+02
-5.322023776203707257e+02 -4.630379890967283814e+02 -5.132654703265809530e+02 -5.135968020351818950e+02
0.000000000000000000e+00 0.000000000000000000e+00 0.000000000000000000e+00 0.000000000000000000e+00
-4.947104540190857165e+02 -4.943511814461857057e+02 -4.945395779413602781e+02 -4.927957753382401620e+02
0.000000000000000000e+00 0.000000000000000000e+00 0.000000000000000000e+00 0.000000000000000000e+00
-3.493048954492431335e+02 -3.475389136158308361e+02 -3.486525066563916653e+02 -3.501052758555500759e+02
-3.523710999462206814e+02 -3.503141660968914266e+02 -3.504053649259626582e+02 -3.504418808679224071e+02
0.000000000000000000e+00 0.000000000000000000e+00 0.000000000000000000e+00 0.000000000000000000e+00
-3.574553608025194080e+02 -3.588076140650784396e+02 -3.570834672031041350e+02 -3.596267278581847791e+02
0.000000000000000000e+00 0.000000000000000000e+00 0.000000000000000000e+00 0.000000000000000000e+00
-3.643063527663144896e+02 -3.648458476900819392e+02 -3.627040104780697334e+02 -3.631774275219554511e+02
0.000000000000000000e+00 0.000000000000000000e+00 0.000000000000000000e+00 0.000000000000000000e+00
-4.177438143007719873e+02 -4.109649494407893826e+02 -4.110247996406394577e+02 -4.110846498404895328e+02
0.000000000000000000e+00 0.000000000000000000e+00 0.000000000000000000e+00 0.000000000000000000e+00
0.000000000000000000e+00 0.000000000000000000e+00 0.000000000000000000e+00 0.000000000000000000e+00
0.000000000000000000e+00 0.000000000000000000e+00 0.000000000000000000e+00 0.000000000000000000e+00
-3.755895114864037510e+02 -3.826790679660128376e+02 -3.829553205222416636e+02 -3.833318750766637208e+02
-3.939890009200833560e+02 -3.817963429695856803e+02 -3.789126875202389328e+02 -3.755633890237235732e+02
0.000000000000000000e+00 0.000000000000000000e+00 0.000000000000000000e+00 0.000000000000000000e+00
-4.256095982941156421e+02 -4.516149847317375361e+02 -3.947246360454728915e+02 -3.751304506744734795e+02
-3.946845562253628827e+02 -3.947344563253128626e+02 -4.021698822734737178e+02 -3.375834326744694067e+02
0.000000000000000000e+00 0.000000000000000000e+00 0.000000000000000000e+00 0.000000000000000000e+00
0.000000000000000000e+00 0.000000000000000000e+00 0.000000000000000000e+00 0.000000000000000000e+00
-6.735332702857118647e+02 -9.721021357064641677e+01 -5.894531371971465887e+02 -6.287486408977171095e+02
-6.627810480767108174e+02 -5.278648238251797693e+02 -9.745350841984918588e+01 -6.181927426195062480e+02
0.000000000000000000e+00 0.000000000000000000e+00 0.000000000000000000e+00 0.000000000000000000e+00
-6.414065744759541303e+02 -5.884832926106246305e+02 -5.885828438085270591e+02 -5.917972755335326838e+02
-6.395664843006156843e+02 -6.713956191106967708e+02 -5.884181604546345170e+02 -6.090465684104292450e+02
-6.375913524491916178e+02 -6.794208186996736458e+02 -6.830618744515675189e+02 -6.795302703463783018e+02
0.000000000000000000e+00 0.000000000000000000e+00 0.000000000000000000e+00 0.000000000000000000e+00
0.000000000000000000e+00 0.000000000000000000e+00 0.000000000000000000e+00 0.000000000000000000e+00
-5.334731405858165090e+02 -4.640835723371733934e+02 -5.139063027644823478e+02 -4.948241871517572577e+02
-5.023047486040455851e+02 -4.816564631542573807e+02 -5.011477025372535081e+02 -4.750624384334148544e+02
-4.307643271323968861e+02 -4.789487273637961948e+02 -4.857745025097528924e+02 -4.283634630423819090e+02
-4.212705299979072606e+02 -4.208924089506846258e+02 -4.210778548882697123e+02 -4.211206659830146464e+02
0.000000000000000000e+00 0.000000000000000000e+00 0.000000000000000000e+00 0.000000000000000000e+00
-3.565340378337348284e+02 -3.561405958147701085e+02 -3.569863487915396831e+02 -3.574472701415958227e+02
-3.590637098561851417e+02 -3.582006269167317214e+02 -3.582353104709769696e+02 -3.604248725777700884e+02
-3.614610018889772505e+02 -3.595592032057974166e+02 -3.597736608011860540e+02 -3.593326030746678157e+02
-3.609898301437411874e+02 -3.620345326689143235e+02 -3.623913509763060574e+02 -3.617614437685180064e+02
-3.644947100145809600e+02 -3.658354663380348484e+02 -3.639359226887713135e+02 -3.657414874086954910e+02
0.000000000000000000e+00 0.000000000000000000e+00 0.000000000000000000e+00 0.000000000000000000e+00
-4.212604050618155043e+02 -4.009409475219792967e+02 -4.177906702007719559e+02 -4.178505204006220310e+02
0.000000000000000000e+00 0.000000000000000000e+00 0.000000000000000000e+00 0.000000000000000000e+00
-3.749403910288887118e+02 -3.750102212387387226e+02 -3.750471503186937525e+02 -3.751347465994890626e+02
-3.747608404293383728e+02 -3.748206906291885048e+02 -3.748935351288886295e+02 -3.751944681929890635e+02
-3.752280296294405275e+02 -3.821243380020991935e+02 -3.747139845293384042e+02 -3.784620570968894526e+02
-3.732968752399921755e+02 -4.102215034575257278e+02 -3.758262488361651776e+02 -3.674769691971863494e+02
0.000000000000000000e+00 0.000000000000000000e+00 0.000000000000000000e+00 0.000000000000000000e+00
-4.517493864751540968e+02 -4.518043167512549303e+02 -3.653379388031125927e+02 -3.949640167451129287e+02
0.000000000000000000e+00 0.000000000000000000e+00 0.000000000000000000e+00 0.000000000000000000e+00
-7.120069139004091312e+02 -7.124005648350697584e+02 -7.127543356497706100e+02 -7.121832931035513639e+02
-7.063727089772203271e+02 -7.040351422889945070e+02 -7.064536692208156410e+02 -7.059034069384609893e+02
-6.972557268714928114e+02 -7.000405473659382096e+02 -6.997955705760635965e+02 -4.415838930926399257e+02
-5.485316446712801053e+02 -9.758736513535973245e+01 -6.699995856501619755e+02 -7.266599249119990418e+02
0.000000000000000000e+00 0.000000000000000000e+00 0.000000000000000000e+00 0.000000000000000000e+00
-6.664607930714585109e+02 -6.413010586525294912e+02 -6.414783315223061209e+02 -6.510401319195295855e+02
-6.548919492386376078e+02 -6.320866365523349941e+02 -6.411846764625856849e+02 -6.986661725043330762e+02
-6.497012540882376470e+02 -7.045605193374416331e+02 -6.366791244759776873e+02 -7.017757590028681989e+02
-6.958458132999535337e+02 -7.037202709893360861e+02 -7.133183264561886290e+02 -6.760890033211430818e+02
0.000000000000000000e+00 0.000000000000000000e+00 0.000000000000000000e+00 0.000000000000000000e+00
-4.701195893097545309e+02 -4.698453832715248950e+02 -4.684171172983408837e+02 -5.031128438611933120e+02
-4.806896428871522744e+02 -5.008799905027638601e+02 -4.466335742346247457e+02 -5.054658411229391959e+02
-4.351790977108490779e+02 -4.359340571047004573e+02 -4.375408839894987523e+02 -4.588990835697454713e+02
-4.178054161557209341e+02 -4.174800653744807732e+02 -4.203537130631310674e+02 -4.120809335594594245e+02
-4.122939867989215372e+02 -3.641197649612382747e+02 -3.582098038215234510e+02 -3.559405671315863628e+02
-3.599687260763035397e+02 -3.601690800977391973e+02 -3.694505594321590252e+02 -3.604883750332109003e+02
-3.594475119281516982e+02 -3.581549407716793780e+02 -3.713611166747829202e+02 -3.598174045562709011e+02
-3.650361698383991325e+02 -3.586204439328535614e+02 -3.717328418890599551e+02 -3.609240279431635940e+02
-3.652951112575993875e+02 -3.595653943908317274e+02 -3.700585846320097971e+02 -3.599872453782819548e+02
-3.664126894909000498e+02 -3.662098008730129095e+02 -3.702054891102999932e+02 -3.659404974098553112e+02
-3.742326424528629332e+02 -3.738061497006360696e+02 -3.737462749163240687e+02 -4.014498949365324165e+02
-4.201468922782743221e+02 -3.997612043222330840e+02 -4.138851109616397252e+02 -4.173254480735058678e+02
-3.954864714560481502e+02 -4.204875461616060761e+02 -4.280568328966060108e+02 -4.212929075964676713e+02
0.000000000000000000e+00 0.000000000000000000e+00 0.000000000000000000e+00 0.000000000000000000e+00
0.000000000000000000e+00 0.000000000000000000e+00 0.000000000000000000e+00 0.000000000000000000e+00
-3.884070690072738330e+02 -3.913011440699046375e+02 -3.862321820209300540e+02 -3.888759654026347334e+02
0.000000000000000000e+00 0.000000000000000000e+00 0.000000000000000000e+00 0.000000000000000000e+00
0.000000000000000000e+00 0.000000000000000000e+00 0.000000000000000000e+00 0.000000000000000000e+00
0.000000000000000000e+00 0.000000000000000000e+00 0.000000000000000000e+00 0.000000000000000000e+00
0.000000000000000000e+00 0.000000000000000000e+00 0.000000000000000000e+00 0.000000000000000000e+00
0.000000000000000000e+00 0.000000000000000000e+00 0.000000000000000000e+00 0.000000000000000000e+00
0.000000000000000000e+00 0.000000000000000000e+00 0.000000000000000000e+00 0.000000000000000000e+00
0.000000000000000000e+00 0.000000000000000000e+00 0.000000000000000000e+00 0.000000000000000000e+00
-6.230424293092743255e+02 -9.762274775203239585e+01 -5.510529734741871835e+02 -3.860748644404705487e+02
0.000000000000000000e+00 0.000000000000000000e+00 0.000000000000000000e+00 0.000000000000000000e+00
-6.665269015270807813e+02 -6.658747328060292148e+02 -6.666148496173136664e+02 -6.669388049347822971e+02
-6.853153013385878012e+02 -7.202177967895825077e+02 -6.656833155163975562e+02 -6.670133862764989772e+02
0.000000000000000000e+00 0.000000000000000000e+00 0.000000000000000000e+00 0.000000000000000000e+00
-7.323279400218480077e+02 -6.851045068190156826e+02 -7.132720192504003762e+02 -6.971954140272687255e+02
-7.129139926652266013e+02 -7.130333348602844126e+02 -7.132002622040483857e+02 -6.900463892575900218e+02
0.000000000000000000e+00 0.000000000000000000e+00 0.000000000000000000e+00 0.000000000000000000e+00
0.000000000000000000e+00 0.000000000000000000e+00 0.000000000000000000e+00 0.000000000000000000e+00
0.000000000000000000e+00 0.000000000000000000e+00 0.000000000000000000e+00 0.000000000000000000e+00
0.000000000000000000e+00 0.000000000000000000e+00 0.000000000000000000e+00 0.000000000000000000e+00
-4.547220283027486971e+02 -3.579289444066301371e+02 -3.747624017519598283e+02 -3.721200739264405115e+02
-3.602947792598238266e+02 -3.618235487765028893e+02 -3.842296053544539518e+02 -3.667229326039231978e+02
-3.605527341528757006e+02 -3.608059378873441574e+02 -3.801226389798691230e+02 -3.729461054102280855e+02
0.000000000000000000e+00 0.000000000000000000e+00 0.000000000000000000e+00 0.000000000000000000e+00
0.000000000000000000e+00 0.000000000000000000e+00 0.000000000000000000e+00 0.000000000000000000e+00
-3.852132933255000466e+02 -3.709744121398400694e+02 -3.696612023031866556e+02 -3.700221634586068262e+02
-4.091106271558801382e+02 -3.743882222453724467e+02 -3.743197404306650924e+02 -3.898380802584074445e+02
-4.113013833533028674e+02 -4.167035552501499183e+02 -3.919892005447791234e+02 -3.913498600590306182e+02
-3.976138330531682641e+02 -3.962990716709663275e+02 -3.903126911819855422e+02 -4.167049885063472061e+02
-4.399819720224918456e+02 -4.128166604610772765e+02 -4.084614613207319280e+02 -4.237414115252904026e+02
-3.941571143371655808e+02 -3.942169645370155990e+02 -4.282906611376195087e+02 -4.004105548836123489e+02
-3.913665830443407003e+02 -3.966256006516896377e+02 -3.998924382653407292e+02 -3.987131260468453320e+02
-4.132728333283308189e+02 -4.150632496124851514e+02 -4.165173705866579894e+02 -4.180360248763615232e+02
-4.221539554239150220e+02 -4.222435962626562969e+02 -4.279685701330971028e+02 -4.267213966910450722e+02
-4.298971322578886998e+02 -4.299966834557911852e+02 -4.327796763800710096e+02 -4.301358760903386838e+02
0.000000000000000000e+00 0.000000000000000000e+00 0.000000000000000000e+00 0.000000000000000000e+00
0.000000000000000000e+00 0.000000000000000000e+00 0.000000000000000000e+00 0.000000000000000000e+00
-7.573596257447345579e+02 -7.576967609445667904e+02 -7.566631038845756621e+02 -7.575642530814377551e+02
-7.571290108897294431e+02 -7.554076994165363885e+02 -7.538942196115991692e+02 -6.170470040472376922e+02
-6.897831190897262559e+02 -9.756003719104374738e+01 -7.365566695180615397e+02 -7.359656003548839180e+02
-7.514669306461855740e+02 -7.507667252873171719e+02 -6.543787757663573075e+02 -7.503423201384104004e+02
0.000000000000000000e+00 0.000000000000000000e+00 0.000000000000000000e+00 0.000000000000000000e+00
-6.951528503517799891e+02 -7.457306219782657308e+02 -6.853924245461328155e+02 -7.276184342433681422e+02
0.000000000000000000e+00 0.000000000000000000e+00 0.000000000000000000e+00 0.000000000000000000e+00
-7.480126424875143130e+02 -7.078713020147595216e+02 -7.324025213635645741e+02 -7.417582807222771635e+02
0.000000000000000000e+00 0.000000000000000000e+00 0.000000000000000000e+00 0.000000000000000000e+00
-5.565709486025300521e+02 -5.566524351718999242e+02 -5.566787163463415027e+02 -5.572213644645115664e+02
-5.546481875098334058e+02 -5.542070399261149305e+02 -5.544547708218345861e+02 -5.541241352948475196e+02
0.000000000000000000e+00 0.000000000000000000e+00 0.000000000000000000e+00 0.000000000000000000e+00
-5.139902402510203956e+02 -5.067544621052744560e+02 -5.068540133031769983e+02 -3.996114901654002551e+02
-5.045961526050300563e+02 -3.730090950573369355e+02 -5.064934734633120570e+02 -4.943024647547293853e+02
0.000000000000000000e+00 0.000000000000000000e+00 0.000000000000000000e+00 0.000000000000000000e+00
0.000000000000000000e+00 0.000000000000000000e+00 0.000000000000000000e+00 0.000000000000000000e+00
0.000000000000000000e+00 0.000000000000000000e+00 0.000000000000000000e+00 0.000000000000000000e+00
0.000000000000000000e+00 0.000000000000000000e+00 0.000000000000000000e+00 0.000000000000000000e+00
-3.954054582552757324e+02 -3.951607671621017062e+02 -3.955642664331049900e+02 -3.976965466736301664e+02
-4.244826200672469554e+02 -4.106833428574687446e+02 -4.029599720501499291e+02 -4.296932944679109028e+02
-4.481230626958956123e+02 -4.078627759230690799e+02 -4.250298823618259689e+02 -4.270969772461609182e+02
0.000000000000000000e+00 0.000000000000000000e+00 0.000000000000000000e+00 0.000000000000000000e+00
-4.672307630413949369e+02 -4.350581040027926747e+02 -4.320850711528013335e+02 -4.578375240491757268e+02
0.000000000000000000e+00 0.000000000000000000e+00 0.000000000000000000e+00 0.000000000000000000e+00
0.000000000000000000e+00 0.000000000000000000e+00 0.000000000000000000e+00 0.000000000000000000e+00
-4.231697487020559265e+02 -4.249189742295112069e+02 -4.253010120225142714e+02 -4.190714378287041200e+02
0.000000000000000000e+00 0.000000000000000000e+00 0.000000000000000000e+00 0.000000000000000000e+00
0.000000000000000000e+00 0.000000000000000000e+00 0.000000000000000000e+00 0.000000000000000000e+00
0.000000000000000000e+00 0.000000000000000000e+00 0.000000000000000000e+00 0.000000000000000000e+00
-7.596280948376494280e+02 -7.591446103526670868e+02 -7.593623156797796128e+02 -7.592884723463953378e+02
-7.577182828467038007e+02 -7.578736132657585358e+02 -7.572336120612745844e+02 -7.576955896967299395e+02
-7.421649978653651942e+02 -7.602803531644207169e+02 -7.556206892135934368e+02 -7.561445068532116238e+02
-6.379961340117190502e+02 -9.739793071497740584e+01 -7.534988359049032169e+02 -4.776231827734021067e+02
0.000000000000000000e+00 0.000000000000000000e+00 0.000000000000000000e+00 0.000000000000000000e+00
-7.025207942278539122e+02 -6.951095128992760692e+02 -6.952584674356561436e+02 -7.663818747165336163e+02
-7.037176432943589361e+02 -7.502702956059461030e+02 -6.956724207939047346e+02 -6.952459873140434183e+02
0.000000000000000000e+00 0.000000000000000000e+00 0.000000000000000000e+00 0.000000000000000000e+00
-7.555597665548251598e+02 -7.223017741045795219e+02 -7.480897656950594410e+02 -7.482288593250693793e+02
0.000000000000000000e+00 0.000000000000000000e+00 0.000000000000000000e+00 0.000000000000000000e+00
0.000000000000000000e+00 0.000000000000000000e+00 0.000000000000000000e+00 0.000000000000000000e+00
-5.510004537558794482e+02 -5.510530370606719544e+02 -5.502660065748851821e+02 -5.506004559538941976e+02
0.000000000000000000e+00 0.000000000000000000e+00 0.000000000000000000e+00 0.000000000000000000e+00
-5.194111476720215705e+02 -4.318363799847546716e+02 -5.147642954750060653e+02 -5.281743477567190439e+02
-5.132965702886133386e+02 -5.150804145297350942e+02 -4.625308496252609984e+02 -5.212637313404574115e+02
-4.625891383324473054e+02 -4.626688588917479592e+02 -4.592403478487591428e+02 -5.209596592738959089e+02
-5.375881644556864103e+02 -5.376778052944276851e+02 -4.584409860225862303e+02 -5.426664234727865050e+02
-5.211318187817911394e+02 -5.051133184681550574e+02 -4.812693229418775900e+02 -5.183988000706160619e+02
-5.185797828216609560e+02 -5.217789873686548390e+02 -5.239006645515268019e+02 -5.227572083962066927e+02
0.000000000000000000e+00 0.000000000000000000e+00 0.000000000000000000e+00 0.000000000000000000e+00
0.000000000000000000e+00 0.000000000000000000e+00 0.000000000000000000e+00 0.000000000000000000e+00
-4.709309432295304418e+02 -4.344340993694028157e+02 -4.667392177600024752e+02 -4.733398021848465760e+02
-4.901482875867429243e+02 -4.668182134749264378e+02 -4.593936155615871257e+02 -4.790777309727795910e+02
-4.695339203038932965e+02 -4.568918492290513882e+02 -4.856314605435346721e+02 -4.651167463390660259e+02
-4.361907776776539549e+02 -4.362804185163951729e+02 -4.789282855319131613e+02 -4.674218249117793675e+02
0.000000000000000000e+00 0.000000000000000000e+00 0.000000000000000000e+00 0.000000000000000000e+00
-4.269148436136223381e+02 -4.306715578578075565e+02 -4.295332195130282003e+02 -4.241553159503841357e+02
-4.275118342178452622e+02 -4.276804809941071994e+02 -4.283892639408317677e+02 -4.241629886945065095e+02
-4.270681428989797723e+02 -4.233666172073196208e+02 -4.288076294105746342e+02 -4.272958466927958057e+02
0.000000000000000000e+00 0.000000000000000000e+00 0.000000000000000000e+00 0.000000000000000000e+00
-7.600993469891199084e+02 -7.596267988968047575e+02 -7.599088390891968174e+02 -7.594074000752752909e+02
0.000000000000000000e+00 0.000000000000000000e+00 0.000000000000000000e+00 0.000000000000000000e+00
-7.554078516629758724e+02 -7.552092568790774294e+02 -7.550552076833432693e+02 -5.217780053013941597e+02
-6.947033508220638396e+02 -9.713826436424358235e+01 -7.216018127987917978e+02 -7.235077190424776745e+02
0.000000000000000000e+00 0.000000000000000000e+00 0.000000000000000000e+00 0.000000000000000000e+00
-7.103969286489267461e+02 -7.737761239648184528e+02 -7.034525299497740889e+02 -7.028139264712584691e+02
-7.749265898935475434e+02 -7.033660160871659173e+02 -7.036401721870195161e+02 -7.684184894040128029e+02
0.000000000000000000e+00 0.000000000000000000e+00 0.000000000000000000e+00 0.000000000000000000e+00
-7.693017745277368249e+02 -7.383773183356123582e+02 -7.612031884335312952e+02 -7.513767195019432847e+02
-7.608648540191240954e+02 -7.610138085555040561e+02 -7.615974654399606152e+02 -7.486560109922465927e+02
0.000000000000000000e+00 0.000000000000000000e+00 0.000000000000000000e+00 0.000000000000000000e+00
-5.483413116591640346e+02 -5.474658444252399931e+02 -5.477612756468320185e+02 -5.479693718078841584e+02
-5.452639946317517570e+02 -5.423919631669486989e+02 -5.432258192115330075e+02 -5.339986507937255737e+02
-5.317327264035898224e+02 -5.312381996478226256e+02 -5.311157276835642733e+02 -5.119785510406047706e+02
-5.219050603772507202e+02 -4.886469164125568341e+02 -5.301986978180766528e+02 -5.221503867624530812e+02
0.000000000000000000e+00 0.000000000000000000e+00 0.000000000000000000e+00 0.000000000000000000e+00
0.000000000000000000e+00 0.000000000000000000e+00 0.000000000000000000e+00 0.000000000000000000e+00
-4.595346174517711688e+02 -4.586279438038486660e+02 -5.144330655359012781e+02 -5.330758181186479305e+02
-4.682715777686597676e+02 -5.204673144146594268e+02 -4.667745992286002092e+02 -5.378691226724090484e+02
-5.509728263582488808e+02 -5.349607349391167190e+02 -4.777210464997111785e+02 -5.419619367867512665e+02
0.000000000000000000e+00 0.000000000000000000e+00 0.000000000000000000e+00 0.000000000000000000e+00
-4.703844025251013932e+02 -4.757739878821595880e+02 -4.564894145736053019e+02 -4.628999548403183439e+02
-4.840916796708457355e+02 -4.767357564787396882e+02 -4.590775794436580100e+02 -4.633066600761329710e+02
-4.679996283868545675e+02 -4.728349612069969226e+02 -4.776041208928451169e+02 -4.508345695401741295e+02
0.000000000000000000e+00 0.000000000000000000e+00 0.000000000000000000e+00 0.000000000000000000e+00
0.000000000000000000e+00 0.000000000000000000e+00 0.000000000000000000e+00 0.000000000000000000e+00
-4.271775144656438670e+02 -4.300730612286513406e+02 -4.272756214472753982e+02 -4.273949636423332663e+02
0.000000000000000000e+00 0.000000000000000000e+00 0.000000000000000000e+00 0.000000000000000000e+00
0.000000000000000000e+00 0.000000000000000000e+00 0.000000000000000000e+00 0.000000000000000000e+00
0.000000000000000000e+00 0.000000000000000000e+00 0.000000000000000000e+00 0.000000000000000000e+00
-7.595039566438050542e+02 -7.591364505999952144e+02 -7.596044657224356342e+02 -7.595995533094802568e+02
-7.579227387486992029e+02 -7.585363382851120377e+02 -7.586445198503649863e+02 -7.585111392794190124e+02
-7.561465886198398039e+02 -7.561233396843338141e+02 -7.564455808648403945e+02 -5.491197326585227074e+02
-6.482511142545517941e+02 -9.678090363729185697e+01 -7.257415172157179768e+02 -7.343709933235443259e+02
-7.544178893995616590e+02 -7.544531807128980745e+02 -5.770503526901032956e+02 -7.661581644869514776e+02
-7.776607086408666873e+02 -7.786756294039028035e+02 -7.128012068136741846e+02 -7.626208324260182962e+02
-7.770253760627248312e+02 -7.691560545293738187e+02 -7.798060174465509817e+02 -7.583087160127068955e+02
-7.726869525987394809e+02 -7.705061331438539582e+02 -7.739795767075833055e+02 -7.533519829203642075e+02
-7.479286853914725270e+02 -7.519332857216688808e+02 -7.708134214909332513e+02 -7.537421197214893027e+02
0.000000000000000000e+00 0.000000000000000000e+00 0.000000000000000000e+00 0.000000000000000000e+00
0.000000000000000000e+00 0.000000000000000000e+00 0.000000000000000000e+00 0.000000000000000000e+00
-5.515077622394771879e+02 -5.512713890077437782e+02 -5.513497803933254318e+02 -5.572027689832192436e+02
-5.601585165770110279e+02 -5.534171623468953385e+02 -5.587283108552555859e+02 -5.590027619565653367e+02
0.000000000000000000e+00 0.000000000000000000e+00 0.000000000000000000e+00 0.000000000000000000e+00
-5.160266989421700146e+02 -5.311056234315495885e+02 -5.240294512697594200e+02 -5.207508203234277744e+02
-5.154010551197306995e+02 -5.152304726680110889e+02 -5.273303303335641203e+02 -5.166835930794676415e+02
0.000000000000000000e+00 0.000000000000000000e+00 0.000000000000000000e+00 0.000000000000000000e+00
-4.577156942275859137e+02 -4.641143965308893939e+02 -4.608333409611292382e+02 -4.692512486179119264e+02
-5.484407425462818537e+02 -4.666311876547234760e+02 -4.644395282546142312e+02 -4.848311156491490124e+02
-5.527861031474401443e+02 -4.865154888928298078e+02 -4.759015203096416826e+02 -5.404113236059188239e+02
0.000000000000000000e+00 0.000000000000000000e+00 0.000000000000000000e+00 0.000000000000000000e+00
-4.869438825671022073e+02 -4.736056851412076867e+02 -4.822322954159817527e+02 -4.581831183528672682e+02
-4.781479536158394694e+02 -4.698767941376073054e+02 -4.833234360283512956e+02 -4.587105971235990864e+02
-4.437605545582737250e+02 -4.759568573554215050e+02 -4.708868468358399468e+02 -4.472377118186855682e+02
0.000000000000000000e+00 0.000000000000000000e+00 0.000000000000000000e+00 0.000000000000000000e+00
-4.665026744225702373e+02 -4.469487222281107393e+02 -4.377166893446889731e+02 -4.415236391403415723e+02
-4.276075757770632890e+02 -4.281066929400976733e+02 -4.536616314027355656e+02 -4.361743546980524115e+02
-4.131898087361487342e+02 -4.484279240453798820e+02 -4.565646682120310516e+02 -4.391776592698510626e+02
-4.411411248862534080e+02 -4.468802856850229546e+02 -4.479608743468892271e+02 -4.386486153268071462e+02
-4.395315074587196023e+02 -4.473446573703689069e+02 -4.474206195919406923e+02 -4.475136604446358888e+02
-7.600975807057548082e+02 -7.606003742107466223e+02 -7.598654808269676550e+02 -7.599408799907644152e+02
0.000000000000000000e+00 0.000000000000000000e+00 0.000000000000000000e+00 0.000000000000000000e+00
0.000000000000000000e+00 0.000000000000000000e+00 0.000000000000000000e+00 0.000000000000000000e+00
-5.607182962147066974e+02 -9.631274834028160114e+01 -6.516194370748618212e+02 -4.645994227431318677e+02
0.000000000000000000e+00 0.000000000000000000e+00 0.000000000000000000e+00 0.000000000000000000e+00
-7.773357440743786810e+02 -7.804915914513977668e+02 -7.778123618126630845e+02 -7.779810085889250786e+02
0.000000000000000000e+00 0.000000000000000000e+00 0.000000000000000000e+00 0.000000000000000000e+00
-7.739666573745106462e+02 -7.782795682866785683e+02 -7.528592928357385290e+02 -7.735302939066804129e+02
-7.557918099465550767e+02 -7.599396849420410263e+02 -7.743622552067338347e+02 -7.371444831244340321e+02
-7.383815501209146532e+02 -7.562846429708035885e+02 -7.597011051950847786e+02 -7.204290646006479619e+02
-6.961196352829405214e+02 -7.353491828929034000e+02 -7.396812940167463921e+02 -7.040018988097456258e+02
0.000000000000000000e+00 0.000000000000000000e+00 0.000000000000000000e+00 0.000000000000000000e+00
-5.751578067026827057e+02 -5.704970425449477034e+02 -5.739114006629481537e+02 -5.740584683868179354e+02
0.000000000000000000e+00 0.000000000000000000e+00 0.000000000000000000e+00 0.000000000000000000e+00
-5.128691944678240588e+02 -5.182928191909327325e+02 -5.109061570744854635e+02 -5.132509499475324901e+02
0.000000000000000000e+00 0.000000000000000000e+00 0.000000000000000000e+00 0.000000000000000000e+00
-5.352958723372513532e+02 -5.354053239839561229e+02 -5.355147756306606652e+02 -5.382123655218887279e+02
-5.305901005156756582e+02 -4.648748881256335608e+02 -5.352272533968603057e+02 -5.443464530136909616e+02
-5.507370171495551858e+02 -5.484265416354897980e+02 -5.393179452801915659e+02 -5.576369253584259695e+02
-5.593469388036912733e+02 -4.869419346550913588e+02 -5.499039729656610689e+02 -5.583414051557203948e+02
0.000000000000000000e+00 0.000000000000000000e+00 0.000000000000000000e+00 0.000000000000000000e+00
-4.905445898310535426e+02 -4.653390947529035202e+02 -5.583614920002071358e+02 -5.584680317783986538e+02
-5.673150118460305293e+02 -4.878866866058489222e+02 -4.734834101901921599e+02 -5.531721776701222097e+02
0.000000000000000000e+00 0.000000000000000000e+00 0.000000000000000000e+00 0.000000000000000000e+00
0.000000000000000000e+00 0.000000000000000000e+00 0.000000000000000000e+00 0.000000000000000000e+00
-4.868530388007587248e+02 -4.548404094578377226e+02 -4.710351447453805349e+02 -4.720002454319427443e+02
0.000000000000000000e+00 0.000000000000000000e+00 0.000000000000000000e+00 0.000000000000000000e+00
-4.214589438494050455e+02 -4.302899118256518705e+02 -4.112168086866639669e+02 -4.129875374914895474e+02
-4.102274401561533637e+02 -4.457863542638924628e+02 -4.237912159222642003e+02 -4.147433841657951348e+02
-4.152734912508349794e+02 -4.472833994192689602e+02 -4.209314306222182722e+02 -4.121388702640912811e+02
0.000000000000000000e+00 0.000000000000000000e+00 0.000000000000000000e+00 0.000000000000000000e+00
-7.220466034941340467e+02 -6.531812838823796028e+02 -7.595953392961370128e+02 -9.437537865858961084e+01
-7.711240198802380519e+02 -6.180806984943053521e+02 -7.038379973545278290e+02 -9.511122751810140130e+01
-7.501648899042360199e+02 -9.575626900877985292e+01 -7.640669547912905273e+02 -6.569052978601025643e+02
0.000000000000000000e+00 0.000000000000000000e+00 0.000000000000000000e+00 0.000000000000000000e+00
-7.711607802179960345e+02 -7.765075982969639199e+02 -7.741242133255319686e+02 -7.779905607795217293e+02
-7.731310032659630451e+02 -7.648514103954171333e+02 -7.743021294827162819e+02 -7.770532869495847308e+02
-7.735168508108087053e+02 -7.799872680881396718e+02 -7.717792320329976974e+02 -7.767062173820305588e+02
-7.376188591502763074e+02 -7.645122118234205573e+02 -7.775713798037876359e+02 -7.565743054398965342e+02
-7.480466438183415221e+02 -7.510472968476796041e+02 -7.580651096767320496e+02 -7.278898447140927601e+02
-7.215570878758414892e+02 -7.190088084714802790e+02 -7.332905378182464347e+02 -6.425116853078534405e+02
-5.905411117142577950e+02 -5.906802053442676197e+02 -6.714810433916378543e+02 -5.969539305792744699e+02
-5.926346286544851409e+02 -5.842801934359243887e+02 -6.073871027981158477e+02 -5.858552315140209430e+02
-5.873855690453847274e+02 -5.875738686967409876e+02 -5.938564620747363278e+02 -5.745179771879782038e+02
-5.030759303236297910e+02 -5.040360251845029325e+02 -5.864037385173147641e+02 -5.969387476146459903e+02
-6.600401780479005538e+02 -5.809903683752362440e+02 -5.850316209626994350e+02 -5.813075215373602305e+02
0.000000000000000000e+00 0.000000000000000000e+00 0.000000000000000000e+00 0.000000000000000000e+00
-5.262951514029060718e+02 -5.464322505387856381e+02 -5.223497006535205855e+02 -5.224492518514231278e+02
0.000000000000000000e+00 0.000000000000000000e+00 0.000000000000000000e+00 0.000000000000000000e+00
-5.526223626515647993e+02 -4.926980387125453831e+02 -4.801074255412879097e+02 -4.777047061836303783e+02
-4.747862674290586824e+02 -4.848559521475336851e+02 -4.892055313268219265e+02 -5.679696413330932501e+02
-5.615580119137067641e+02 -5.599305758646860340e+02 -4.909105005820929932e+02 -5.742342762756810544e+02
-5.748893526896147250e+02 -4.845304016006074903e+02 -5.674144354627557050e+02 -4.803633925563263460e+02
-4.831383356074766766e+02 -4.876910996788122930e+02 -4.901227842917898556e+02 -4.792563038788673566e+02
-4.432255215001180204e+02 -4.433448636951758317e+02 -4.869276130468893484e+02 -4.765659769883271792e+02
-4.768124313018212206e+02 -4.743978553976578496e+02 -4.882086849831799213e+02 -4.866640421901240643e+02
0.000000000000000000e+00 0.000000000000000000e+00 0.000000000000000000e+00 0.000000000000000000e+00
-4.244830112727134974e+02 -4.338302241094545479e+02 -4.022462499788051673e+02 -4.023458011767077664e+02
0.000000000000000000e+00 0.000000000000000000e+00 0.000000000000000000e+00 0.000000000000000000e+00
-4.139629304529665319e+02 -4.302490792432244007e+02 -4.134496202076787768e+02 -4.135491714055812622e+02
-7.801921523342016371e+02 -7.798435686895995786e+02 -7.795570017526063111e+02 -7.208925831762092002e+02
-7.573913980044435448e+02 -9.354933894675880879e+01 -7.743307338908399515e+02 -7.093487386694517909e+02
0.000000000000000000e+00 0.000000000000000000e+00 0.000000000000000000e+00 0.000000000000000000e+00
-7.608489453967303007e+02 -6.132924999858561250e+02 -7.656545137999894450e+02 -7.632244798169231217e+02
0.000000000000000000e+00 0.000000000000000000e+00 0.000000000000000000e+00 0.000000000000000000e+00
-7.701714780228617201e+02 -7.740986229931172602e+02 -7.659755431031718445e+02 -7.662128032373353790e+02
0.000000000000000000e+00 0.000000000000000000e+00 0.000000000000000000e+00 0.000000000000000000e+00
0.000000000000000000e+00 0.000000000000000000e+00 0.000000000000000000e+00 0.000000000000000000e+00
-7.612868834599673846e+02 -7.609689746939970973e+02 -7.041839613552614310e+02 -7.043427669371050115e+02
0.000000000000000000e+00 0.000000000000000000e+00 0.000000000000000000e+00 0.000000000000000000e+00
0.000000000000000000e+00 0.000000000000000000e+00 0.000000000000000000e+00 0.000000000000000000e+00
0.000000000000000000e+00 0.000000000000000000e+00 0.000000000000000000e+00 0.000000000000000000e+00
-6.614032382842174229e+02 -5.916327738516013142e+02 -6.495223643168878880e+02 -6.496417065119458130e+02
0.000000000000000000e+00 0.000000000000000000e+00 0.000000000000000000e+00 0.000000000000000000e+00
0.000000000000000000e+00 0.000000000000000000e+00 0.000000000000000000e+00 0.000000000000000000e+00
-6.937205813716001330e+02 -6.373553334812577305e+02 -6.441358828026245646e+02 -6.442453344493293343e+02
0.000000000000000000e+00 0.000000000000000000e+00 0.000000000000000000e+00 0.000000000000000000e+00
-5.155262674455998422e+02 -5.421232852997502505e+02 -5.114372128823382582e+02 -5.115466645290429142e+02
0.000000000000000000e+00 0.000000000000000000e+00 0.000000000000000000e+00 0.000000000000000000e+00
-5.441836555997998630e+02 -4.776111862927021434e+02 -4.745493798276735902e+02 -5.584730340435701237e+02
-5.558669243848812584e+02 -5.652284896970990076e+02 -4.765216976673454496e+02 -4.763714173849035092e+02
0.000000000000000000e+00 0.000000000000000000e+00 0.000000000000000000e+00 0.000000000000000000e+00
-5.783083036155550190e+02 -4.859013565922428484e+02 -5.783639414538085930e+02 -5.785030350838183040e+02
0.000000000000000000e+00 0.000000000000000000e+00 0.000000000000000000e+00 0.000000000000000000e+00
0.000000000000000000e+00 0.000000000000000000e+00 0.000000000000000000e+00 0.000000000000000000e+00
-4.841620000092798364e+02 -4.855524906293096592e+02 -4.854351954690442881e+02 -4.855644183219073966e+02
0.000000000000000000e+00 0.000000000000000000e+00 0.000000000000000000e+00 0.000000000000000000e+00
-4.599889191497363186e+02 -4.260168221527894730e+02 -4.385419682563710921e+02 -4.386514199030756913e+02
0.000000000000000000e+00 0.000000000000000000e+00 0.000000000000000000e+00 0.000000000000000000e+00
-4.051068151311195038e+02 -4.357112935305083283e+02 -4.138875456387886516e+02 -4.139870968366911939e+02
-7.787770825388980711e+02 -7.789627137367285741e+02 -7.787605470748737844e+02 -7.794911503729855440e+02
-7.782767068032453608e+02 -6.051121558380932584e+02 -7.781365277485817842e+02 -7.784912754948084057e+02
-7.772775763990696305e+02 -7.768438852823704792e+02 -7.770687057500861101e+02 -7.769349057931370908e+02
0.000000000000000000e+00 0.000000000000000000e+00 0.000000000000000000e+00 0.000000000000000000e+00
-7.627357144454595073e+02 -7.613107337107331887e+02 -7.613769974802726210e+02 -7.615263081588768728e+02
-7.594176281605084569e+02 -7.681176588298002343e+02 -7.594221223796811273e+02 -7.577895938173658124e+02
-7.560167191709155077e+02 -7.557810597929773166e+02 -7.557809347708656560e+02 -7.556148527263605956e+02
0.000000000000000000e+00 0.000000000000000000e+00 0.000000000000000000e+00 0.000000000000000000e+00
0.000000000000000000e+00 0.000000000000000000e+00 0.000000000000000000e+00 0.000000000000000000e+00
-7.336396077184521118e+02 -7.217813497729789560e+02 -7.264197860442156980e+02 -6.741831530690352565e+02
-7.215518706447529667e+02 -7.216810934976159615e+02 -7.225469559462505913e+02 -6.443944794366619817e+02
-7.037032787640911238e+02 -7.038226209591490488e+02 -7.167381216808851150e+02 -6.175202139818214846e+02
-6.838018270906740099e+02 -6.000324862598572508e+02 -6.929551671538067694e+02 -6.825477248401414272e+02
-6.933029985157605779e+02 -5.998321728836876900e+02 -6.931284882910872511e+02 -6.812810550595893346e+02
-6.932418566888152327e+02 -6.933611988838733851e+02 -6.943785869283477723e+02 -6.747668537888640685e+02
-6.522377152524801431e+02 -6.716924802538974291e+02 -6.942881840624977485e+02 -6.938048908417955545e+02
0.000000000000000000e+00 0.000000000000000000e+00 0.000000000000000000e+00 0.000000000000000000e+00
-4.976917784653885519e+02 -5.236121217853360577e+02 -5.060012476467549050e+02 -5.276463868035464202e+02
-5.295413387956227780e+02 -5.296707305023073786e+02 -5.287066883559886037e+02 -5.495451165639129840e+02
-5.305757937313259163e+02 -5.564772987359757508e+02 -5.401014526418525747e+02 -5.489334384625622079e+02
-5.534218259023796236e+02 -5.654966905173707801e+02 -5.533209706255622677e+02 -5.325059730923471761e+02
0.000000000000000000e+00 0.000000000000000000e+00 0.000000000000000000e+00 0.000000000000000000e+00
-5.708382929019002177e+02 -4.915787095234564958e+02 -4.877487258101365910e+02 -4.885166989837044298e+02
-4.873909930505061538e+02 -4.877894207873189316e+02 -4.910968983481811847e+02 -4.780390356265165792e+02
-4.836980655472732451e+02 -4.838371591772832971e+02 -4.860779999248593981e+02 -4.729268154427676905e+02
-4.645640927156800331e+02 -4.879845523777486846e+02 -4.843651631753892843e+02 -4.753001248742608027e+02
-4.827864425983349292e+02 -4.829255362283448676e+02 -4.891047648223171791e+02 -4.644571493118999683e+02
-4.689893635282915625e+02 -4.482065521623338213e+02 -4.824655495222827426e+02 -4.699272548416957989e+02
-4.810668302334215127e+02 -4.812059238634316216e+02 -4.852600184341548015e+02 -4.667755207609308172e+02
0.000000000000000000e+00 0.000000000000000000e+00 0.000000000000000000e+00 0.000000000000000000e+00
-7.779510737526369439e+02 -7.782299613831339684e+02 -7.778024996185516784e+02 -7.783743718172584067e+02
-7.778711291130169911e+02 -7.774520430904619843e+02 -7.773991933152392448e+02 -7.779369412065001370e+02
-7.753975250760513518e+02 -7.750420432555531534e+02 -7.759485722391423224e+02 -7.753540081552351921e+02
-7.704656243519339114e+02 -7.704212180161848664e+02 -7.711526907365539500e+02 -7.706143216980291299e+02
-7.645026108121082871e+02 -7.648045570656629479e+02 -7.649284446417752861e+02 -7.643798003584436174e+02
-7.596075866294412435e+02 -7.594240007565530277e+02 -7.595913999229296678e+02 -7.584559963602480366e+02
-7.539205245410670386e+02 -7.534308995214441893e+02 -7.542499839686195173e+02 -7.534321904770170022e+02
-7.479620832170152198e+02 -7.484552430716497611e+02 -7.475960970445265730e+02 -7.480532223639619360e+02
0.000000000000000000e+00 0.000000000000000000e+00 0.000000000000000000e+00 0.000000000000000000e+00
-7.362076917164764609e+02 -6.995675461489772715e+02 -7.355045963676158181e+02 -7.356436899976260975e+02
0.000000000000000000e+00 0.000000000000000000e+00 0.000000000000000000e+00 0.000000000000000000e+00
0.000000000000000000e+00 0.000000000000000000e+00 0.000000000000000000e+00 0.000000000000000000e+00
0.000000000000000000e+00 0.000000000000000000e+00 0.000000000000000000e+00 0.000000000000000000e+00
0.000000000000000000e+00 0.000000000000000000e+00 0.000000000000000000e+00 0.000000000000000000e+00
0.000000000000000000e+00 0.000000000000000000e+00 0.000000000000000000e+00 0.000000000000000000e+00
-6.666689819549370668e+02 -6.812167078011065087e+02 -6.583090228745853665e+02 -6.019792361680001704e+02
-6.101595287750411671e+02 -5.503239541838006517e+02 -6.319541015220202098e+02 -5.514872116074138830e+02
-5.505501452240850995e+02 -4.953850680505847208e+02 -5.709150773112817205e+02 -5.565246514899417889e+02
0.000000000000000000e+00 0.000000000000000000e+00 0.000000000000000000e+00 0.000000000000000000e+00
-5.191668667775942367e+02 -5.458557516434543686e+02 -5.278529294241648131e+02 -5.321986133907665817e+02
-5.317027630682116524e+02 -5.623428860805214526e+02 -5.440641371668971260e+02 -5.521390729127658688e+02
0.000000000000000000e+00 0.000000000000000000e+00 0.000000000000000000e+00 0.000000000000000000e+00
-4.762627872902676813e+02 -4.889133292221195575e+02 -4.885598900992702625e+02 -5.656832487614663023e+02
-5.605728696150003998e+02 -4.773601263368663012e+02 -4.929866779461752913e+02 -4.904436093869010165e+02
0.000000000000000000e+00 0.000000000000000000e+00 0.000000000000000000e+00 0.000000000000000000e+00
0.000000000000000000e+00 0.000000000000000000e+00 0.000000000000000000e+00 0.000000000000000000e+00
0.000000000000000000e+00 0.000000000000000000e+00 0.000000000000000000e+00 0.000000000000000000e+00
-4.706039553431509717e+02 -4.789880968214353629e+02 -4.770139464456756855e+02 -4.771431692985386235e+02
0.000000000000000000e+00 0.000000000000000000e+00 0.000000000000000000e+00 0.000000000000000000e+00
0.000000000000000000e+00 0.000000000000000000e+00 0.000000000000000000e+00 0.000000000000000000e+00
-7.784196145188586797e+02 -7.782451584396878843e+02 -7.782164973319603405e+02 -7.786416958199708915e+02
-7.780996930143901409e+02 -7.791986787805813037e+02 -7.784634891663710050e+02 -7.780073964206375194e+02
0.000000000000000000e+00 0.000000000000000000e+00 0.000000000000000000e+00 0.000000000000000000e+00
-7.710669177456823036e+02 -7.710494704182008263e+02 -7.709502502374662072e+02 -7.708580503151979428e+02
0.000000000000000000e+00 0.000000000000000000e+00 0.000000000000000000e+00 0.000000000000000000e+00
-7.611073006048724210e+02 -7.567297603840399915e+02 -7.563019078076155211e+02 -7.560553945829149143e+02
0.000000000000000000e+00 0.000000000000000000e+00 0.000000000000000000e+00 0.000000000000000000e+00
-7.428390267181148374e+02 -7.497027001406705722e+02 -7.476119881528951510e+02 -7.417234875680338746e+02
-7.451868779144907649e+02 -7.457296936016227846e+02 -7.451049288981196241e+02 -7.328655940484616167e+02
-7.257703572604318651e+02 -7.194897284671289981e+02 -7.416802921975287290e+02 -7.257219160773859130e+02
0.000000000000000000e+00 0.000000000000000000e+00 0.000000000000000000e+00 0.000000000000000000e+00
0.000000000000000000e+00 0.000000000000000000e+00 0.000000000000000000e+00 0.000000000000000000e+00
-6.583709559378005451e+02 -6.584804075845049738e+02 -6.585898592312094024e+02 -6.656904440435918104e+02
-6.595621237567368098e+02 -6.581520526443907784e+02 -6.583023369974092702e+02 -6.597778372705533911e+02
-6.595326742669292344e+02 -6.597215484570135686e+02 -6.511800547513005313e+02 -6.620038165710600424e+02
-6.629777586192612944e+02 -6.849539540593847278e+02 -6.546666851649900991e+02 -6.618920709250548953e+02
-6.520906158341754235e+02 -6.230682989004541241e+02 -6.692902721483541200e+02 -5.974149244065483799e+02
-6.308475645064692117e+02 -5.572382795654654046e+02 -6.028583215963341218e+02 -5.419750452372597920e+02
-4.732578120280906546e+02 -4.733474528668319863e+02 -5.576204956263022723e+02 -5.008908090599881007e+02
-5.014570784539961323e+02 -5.230875152356334183e+02 -5.105096196503857300e+02 -5.358559959030312712e+02
-5.301685950240622560e+02 -5.424104888490497842e+02 -5.350003068427122344e+02 -5.276661991222091501e+02
-5.291672944295553407e+02 -5.293063880595652790e+02 -5.353446288762047516e+02 -5.585804920523218016e+02
-5.650332407781050961e+02 -5.700755948848609478e+02 -5.566096335187687600e+02 -4.744059286815660244e+02
-5.484494940773154212e+02 -4.796358296589772863e+02 -5.601439504580976063e+02 -4.714890510194869648e+02
-4.671047873962846779e+02 -4.738638652014242325e+02 -4.812561078391306637e+02 -4.701174338658869374e+02
-4.579194901201148014e+02 -4.551627786598523357e+02 -4.803266361566283535e+02 -4.646350437214363183e+02
-4.617326088638998272e+02 -4.671706995538002616e+02 -4.777189598423003645e+02 -4.632557358988083820e+02
-4.627116612553944606e+02 -4.816012173979380009e+02 -4.662923711610660007e+02 -4.685921278072355562e+02
-4.651870935494464447e+02 -4.449998132870226186e+02 -4.873056209327354509e+02 -4.840109503113775418e+02
0.000000000000000000e+00 0.000000000000000000e+00 0.000000000000000000e+00 0.000000000000000000e+00
-7.788148030684305922e+02 -7.786814683832360515e+02 -7.786883530638864386e+02 -7.791051597218574898e+02
-7.788204249282647424e+02 -7.793132087729819659e+02 -7.788667967924407094e+02 -7.793359812688480588e+02
-7.800597897688112425e+02 -7.797853486378004391e+02 -7.801036418277356006e+02 -7.799938463561909430e+02
0.000000000000000000e+00 0.000000000000000000e+00 0.000000000000000000e+00 0.000000000000000000e+00
-7.587522349566677349e+02 -7.587752186049015108e+02 -7.585425199830870042e+02 -7.623975464571284419e+02
-7.579299045387037950e+02 -7.586090434642618447e+02 -7.580282096997800636e+02 -7.621670609654086093e+02
-7.569622362888474072e+02 -7.563849519177339289e+02 -7.570018464673369181e+02 -7.566531128635795085e+02
-7.563624074094175285e+02 -7.561854390268285897e+02 -7.538329338562305111e+02 -7.559434360002863968e+02
0.000000000000000000e+00 0.000000000000000000e+00 0.000000000000000000e+00 0.000000000000000000e+00
0.000000000000000000e+00 0.000000000000000000e+00 0.000000000000000000e+00 0.000000000000000000e+00
0.000000000000000000e+00 0.000000000000000000e+00 0.000000000000000000e+00 0.000000000000000000e+00
0.000000000000000000e+00 0.000000000000000000e+00 0.000000000000000000e+00 0.000000000000000000e+00
0.000000000000000000e+00 0.000000000000000000e+00 0.000000000000000000e+00 0.000000000000000000e+00
-6.596307426971278574e+02 -6.598151328994931646e+02 -6.614229255008744985e+02 -6.619537808132417922e+02
-6.605497001183878183e+02 -6.596529295166225211e+02 -6.613543065604834510e+02 -6.636679904163811443e+02
-6.020194257199866570e+02 -6.864478474703980737e+02 -6.608155222020085375e+02 -6.689903196071197726e+02
-6.591764827989252353e+02 -6.634975576954784628e+02 -6.788180064718923177e+02 -6.365520330642087856e+02
-6.554061255471336835e+02 -6.225282999159519477e+02 -6.594335208498257543e+02 -5.995677753925817797e+02
0.000000000000000000e+00 0.000000000000000000e+00 0.000000000000000000e+00 0.000000000000000000e+00
0.000000000000000000e+00 0.000000000000000000e+00 0.000000000000000000e+00 0.000000000000000000e+00
-5.185877546517946257e+02 -5.402419293408406702e+02 -5.394429067713263066e+02 -5.396019006110966529e+02
0.000000000000000000e+00 0.000000000000000000e+00 0.000000000000000000e+00 0.000000000000000000e+00
-5.623201622093863534e+02 -5.756407131656602587e+02 -5.692478732646634398e+02 -5.693869668946733782e+02
0.000000000000000000e+00 0.000000000000000000e+00 0.000000000000000000e+00 0.000000000000000000e+00
-4.743622215921093925e+02 -4.764381076693693444e+02 -4.687840236950667077e+02 -4.620259878599579224e+02
-4.547846925942466214e+02 -4.549833573326011447e+02 -4.693653877673360739e+02 -4.632801313768190994e+02
-4.639459676376172865e+02 -4.611809497758059138e+02 -4.699854518144409781e+02 -4.685539521420537881e+02
0.000000000000000000e+00 0.000000000000000000e+00 0.000000000000000000e+00 0.000000000000000000e+00
-4.672151029590320945e+02 -4.832252723951143025e+02 -4.593886757583649114e+02 -4.595474813402086056e+02
0.000000000000000000e+00 0.000000000000000000e+00 0.000000000000000000e+00 0.000000000000000000e+00
