-9.416758567837755436e+02 -9.393048255779669944e+02 -9.400989960166399442e+02 -9.405930946790418830e+02
0.000000000000000000e+00 0.000000000000000000e+00 0.000000000000000000e+00 0.000000000000000000e+00
0.000000000000000000e+00 0.000000000000000000e+00 0.000000000000000000e+00 0.000000000000000000e+00
-9.196743610266521500e+02 -9.198047947289344393e+02 -9.199187678900181027e+02 -9.199419111316151429e+02
-9.194356194334576458e+02 -9.194914918109786868e+02 -9.194678222098418701e+02 -9.193932268959861176e+02
0.000000000000000000e+00 0.000000000000000000e+00 0.000000000000000000e+00 0.000000000000000000e+00
-9.282693493779333949e+02 -9.285703488282879334e+02 -9.283742008514400368e+02 -9.334498849047045042e+02
-9.368432550891282062e+02 -9.365718105999337695e+02 -9.294903357466281477e+02 -9.341991070244902176e+02
-9.327558476034666910e+02 -9.345260608709033932e+02 -9.377807119187606304e+02 -9.345477654304712587e+02
-9.347570574998196662e+02 -9.346133375279465554e+02 -9.373615593519189133e+02 -9.338367638236809398e+02
0.000000000000000000e+00 0.000000000000000000e+00 0.000000000000000000e+00 0.000000000000000000e+00
-9.528344162016430801e+02 -9.523289118458316125e+02 -9.527758284511875218e+02 -9.456795093167283994e+02
0.000000000000000000e+00 0.000000000000000000e+00 0.000000000000000000e+00 0.000000000000000000e+00
-9.513218331476825824e+02 -9.478056610335374899e+02 -9.508917129327301154e+02 -9.512454837474309670e+02
0.000000000000000000e+00 0.000000000000000000e+00 0.000000000000000000e+00 0.000000000000000000e+00
-9.635381159800625710e+02 -9.622238985778893721e+02 -9.587321262479005100e+02 -9.613679299627465298e+02
-9.602271352088965841e+02 -9.625705067431032376e+02 -9.638569809805875366e+02 -9.587727775706607645e+02
0.000000000000000000e+00 0.000000000000000000e+00 0.000000000000000000e+00 0.000000000000000000e+00
-8.047091017580536345e+02 -7.925807754372440286e+02 -7.932728904610169138e+02 -7.902459494550316776e+02
-7.376102438756591937e+02 -7.165393784528486094e+02 -7.967819761956915272e+02 -7.863301684070809188e+02
-7.651960871204381647e+02 -7.883259408658930170e+02 -7.945254912361881452e+02 -7.735652370753500691e+02
-7.882360550358675937e+02 -7.522169309392270407e+02 -7.924070839943902911e+02 -7.116793375103684411e+02
0.000000000000000000e+00 0.000000000000000000e+00 0.000000000000000000e+00 0.000000000000000000e+00
-7.508441678304380957e+02 -7.373312454794768200e+02 -7.374900510613205142e+02 -7.261062739120769720e+02
-7.369729613513175082e+02 -7.371317669331613160e+02 -7.378572193721757912e+02 -7.976789476057589354e+02
0.000000000000000000e+00 0.000000000000000000e+00 0.000000000000000000e+00 0.000000000000000000e+00
-6.731921504862353913e+02 -6.720227160318795541e+02 -6.722306292722327044e+02 -6.724385425125856273e+02
0.000000000000000000e+00 0.000000000000000000e+00 0.000000000000000000e+00 0.000000000000000000e+00
0.000000000000000000e+00 0.000000000000000000e+00 0.000000000000000000e+00 0.000000000000000000e+00
-6.551645071006959142e+02 -6.534620047556421696e+02 -6.536894923774277686e+02 -6.539169799992129128e+02
-9.395233810792099121e+02 -9.395457238877152122e+02 -9.411303307320218892e+02 -9.420329881404593380e+02
-9.402507750884619782e+02 -9.383842331998494046e+02 -9.391238392799142503e+02 -9.398471481288570430e+02
0.000000000000000000e+00 0.000000000000000000e+00 0.000000000000000000e+00 0.000000000000000000e+00
0.000000000000000000e+00 0.000000000000000000e+00 0.000000000000000000e+00 0.000000000000000000e+00
-5.878368845419755644e+02 -9.181407769331981399e+02 -9.178896617948047378e+02 -9.190117316671239678e+02
-8.485256391680796639e+01 -7.577199700488523604e+02 -8.455856489461289129e+02 -9.168654272652302097e+02
-9.254153985712609938e+02 -9.322658933735585833e+02 -8.934161692179914098e+02 -9.307727491203161208e+02
-9.340102026688792876e+02 -9.291894554948034965e+02 -9.338723794834463661e+02 -9.364047669036106072e+02
-9.353241354834312915e+02 -9.331565994049967685e+02 -9.300562093330556763e+02 -9.387363175966136168e+02
-9.379894212657646904e+02 -9.361062763980442014e+02 -9.298693995799652612e+02 -9.301918267897393662e+02
-9.383154363551146844e+02 -9.357761313364609350e+02 -9.425276971293824317e+02 -9.438721203542787634e+02
-9.522255596567380280e+02 -9.512035976343695438e+02 -9.536624844763390456e+02 -9.466420008956300762e+02
-9.495409200305114155e+02 -9.498973961815671601e+02 -9.524554733909561719e+02 -9.458040963631176510e+02
-9.471246923694411635e+02 -9.478380710319695481e+02 -9.526074892390430477e+02 -9.486293754943241083e+02
-9.545050002138486889e+02 -9.551068133977390744e+02 -9.556385493844152279e+02 -9.554458865088366792e+02
-9.631286872770209584e+02 -9.606943875263280006e+02 -9.632041386835325056e+02 -9.638797904861310144e+02
0.000000000000000000e+00 0.000000000000000000e+00 0.000000000000000000e+00 0.000000000000000000e+00
0.000000000000000000e+00 0.000000000000000000e+00 0.000000000000000000e+00 0.000000000000000000e+00
-8.014172436743066328e+02 -7.930535241544322389e+02 -7.955286891479001952e+02 -7.982138993445681763e+02
-7.987512489963055486e+02 -7.352411129339047875e+02 -7.872118887770182027e+02 -7.536876696024196463e+02
-7.701770172393579514e+02 -7.584734130677989015e+02 -7.463599741055356844e+02 -7.524652096919248834e+02
-7.796183188904916506e+02 -7.892279000362376564e+02 -7.407862986563151253e+02 -7.502186905479601364e+02
-7.375985799545234158e+02 -7.436455340384521833e+02 -7.607354132467314685e+02 -7.435997820943588295e+02
-6.968941017217287026e+02 -7.330915521435761093e+02 -7.530873728691707356e+02 -7.521979082486691368e+02
0.000000000000000000e+00 0.000000000000000000e+00 0.000000000000000000e+00 0.000000000000000000e+00
-6.663349479078665354e+02 -6.648511172041606869e+02 -6.647870094700796244e+02 -6.658971281092211711e+02
-6.714424981843795877e+02 -6.687251904056774947e+02 -6.732614101609550517e+02 -6.723644635435744021e+02
0.000000000000000000e+00 0.000000000000000000e+00 0.000000000000000000e+00 0.000000000000000000e+00
-6.498773533727371614e+02 -6.477486542261240174e+02 -6.479663595532363161e+02 -6.494843466281698738e+02
-6.539072919153836665e+02 -6.516588165331961591e+02 -6.543385467803461779e+02 -6.540112686342540655e+02
0.000000000000000000e+00 0.000000000000000000e+00 0.000000000000000000e+00 0.000000000000000000e+00
-9.388130404543309169e+02 -9.355957272235383471e+02 -9.382786440417072527e+02 -9.386619377168915435e+02
-9.284595735781622352e+02 -9.310600898803975269e+02 -9.324861508412634521e+02 -9.360309085139774652e+02
-8.914332543507179025e+02 -9.199503159436580972e+02 -9.226789152538447070e+02 -7.661528874141129108e+02
-8.658450731568282777e+01 -9.102340084378677147e+02 -9.079121891476752353e+02 -9.202060418545843277e+02
-7.664076726278981369e+02 -7.908229128250668509e+02 -8.577486444597641935e+01 -8.203390179936042159e+02
0.000000000000000000e+00 0.000000000000000000e+00 0.000000000000000000e+00 0.000000000000000000e+00
-9.347273274220508483e+02 -9.427656103855354104e+02 -9.419915158900141705e+02 -9.422872062173836412e+02
0.000000000000000000e+00 0.000000000000000000e+00 0.000000000000000000e+00 0.000000000000000000e+00
-9.253047543034097089e+02 -9.215627480538742020e+02 -9.221254415732761345e+02 -9.196277123614815991e+02
0.000000000000000000e+00 0.000000000000000000e+00 0.000000000000000000e+00 0.000000000000000000e+00
0.000000000000000000e+00 0.000000000000000000e+00 0.000000000000000000e+00 0.000000000000000000e+00
0.000000000000000000e+00 0.000000000000000000e+00 0.000000000000000000e+00 0.000000000000000000e+00
0.000000000000000000e+00 0.000000000000000000e+00 0.000000000000000000e+00 0.000000000000000000e+00
0.000000000000000000e+00 0.000000000000000000e+00 0.000000000000000000e+00 0.000000000000000000e+00
0.000000000000000000e+00 0.000000000000000000e+00 0.000000000000000000e+00 0.000000000000000000e+00
-7.906267593145638557e+02 -7.909264468187490138e+02 -7.911539344405343854e+02 -7.861413744430085444e+02
-7.924524008897010390e+02 -7.907311417751279805e+02 -7.827050633132778330e+02 -7.870130484095034262e+02
-7.917758793031104005e+02 -7.949537952883252956e+02 -7.999323330412264568e+02 -7.946740753310427863e+02
-7.897316643430044678e+02 -7.902155364044355110e+02 -8.010621245269712745e+02 -7.846577887216806175e+02
-7.613619587678165317e+02 -7.681237537778646356e+02 -7.936840097481122029e+02 -7.741629617869346021e+02
-7.702114113703570411e+02 -7.666214419725580456e+02 -7.928302628812871262e+02 -7.786822851385553577e+02
0.000000000000000000e+00 0.000000000000000000e+00 0.000000000000000000e+00 0.000000000000000000e+00
-6.851717541560411746e+02 -7.072461064237039636e+02 -6.820504104485466996e+02 -6.636968302992726194e+02
-6.607421863855536230e+02 -6.589550134788597688e+02 -6.596023928755959105e+02 -6.643316183965225719e+02
-6.596252751549076265e+02 -6.569840836329627791e+02 -6.582554042194428803e+02 -6.595435687122978834e+02
0.000000000000000000e+00 0.000000000000000000e+00 0.000000000000000000e+00 0.000000000000000000e+00
0.000000000000000000e+00 0.000000000000000000e+00 0.000000000000000000e+00 0.000000000000000000e+00
-6.466807842483126478e+02 -6.462897384531197531e+02 -6.463271928799553052e+02 -6.465448982070681723e+02
0.000000000000000000e+00 0.000000000000000000e+00 0.000000000000000000e+00 0.000000000000000000e+00
-9.193583853609003427e+02 -9.190454156506863228e+02 -9.193163774953612801e+02 -9.188695078671718193e+02
0.000000000000000000e+00 0.000000000000000000e+00 0.000000000000000000e+00 0.000000000000000000e+00
0.000000000000000000e+00 0.000000000000000000e+00 0.000000000000000000e+00 0.000000000000000000e+00
0.000000000000000000e+00 0.000000000000000000e+00 0.000000000000000000e+00 0.000000000000000000e+00
-8.727955442595498425e+01 -7.690521358651718629e+02 -7.122938128719248425e+02 -8.467606248014717494e+02
0.000000000000000000e+00 0.000000000000000000e+00 0.000000000000000000e+00 0.000000000000000000e+00
-9.025974193301934747e+02 -9.022441773948138461e+02 -8.939351684582848065e+02 -9.013680716309866057e+02
0.000000000000000000e+00 0.000000000000000000e+00 0.000000000000000000e+00 0.000000000000000000e+00
-9.145163294012646702e+02 -9.074064584857236468e+02 -9.131175446468765813e+02 -9.044679133002429126e+02
-9.113512549362964137e+02 -9.094131901161256337e+02 -9.096847664334928822e+02 -9.020062843304438047e+02
-8.982100151564022781e+02 -8.990447092479553248e+02 -9.052131629516334215e+02 -9.016689961197607772e+02
0.000000000000000000e+00 0.000000000000000000e+00 0.000000000000000000e+00 0.000000000000000000e+00
0.000000000000000000e+00 0.000000000000000000e+00 0.000000000000000000e+00 0.000000000000000000e+00
0.000000000000000000e+00 0.000000000000000000e+00 0.000000000000000000e+00 0.000000000000000000e+00
-7.827433675955404624e+02 -7.828154999035016317e+02 -7.829644544398817061e+02 -7.831134089762617805e+02
0.000000000000000000e+00 0.000000000000000000e+00 0.000000000000000000e+00 0.000000000000000000e+00
-7.799871775795377289e+02 -7.809800584679782105e+02 -7.806315116346518153e+02 -7.871036744056294765e+02
-7.933885000494866517e+02 -7.766583567275766882e+02 -7.686394120001975807e+02 -7.868729620909291498e+02
-7.699359356203303832e+02 -8.055557677486732473e+02 -7.757989064050285606e+02 -7.987893028481072406e+02
-7.952874860003428239e+02 -7.909671914511064870e+02 -8.025717819796743697e+02 -7.545073173550921410e+02
-7.477565533450245994e+02 -7.750750369578125856e+02 -7.527133431194536115e+02 -7.552027368114837600e+02
-7.716575518305695596e+02 -7.788317535403581360e+02 -7.614930884758327920e+02 -7.735182152011966537e+02
0.000000000000000000e+00 0.000000000000000000e+00 0.000000000000000000e+00 0.000000000000000000e+00
-6.946628228491431400e+02 -6.974073553834504082e+02 -6.824963416954053628e+02 -6.826552065909465909e+02
0.000000000000000000e+00 0.000000000000000000e+00 0.000000000000000000e+00 0.000000000000000000e+00
-6.441391960177603551e+02 -6.523771671569970749e+02 -6.502618092644300987e+02 -6.535530975671155147e+02
-6.515262233426949479e+02 -6.517738574216491543e+02 -6.438128945354621919e+02 -6.552266568199679568e+02
-6.465893257327179526e+02 -6.468070310598305923e+02 -6.468682235993120457e+02 -6.488224935620357883e+02
-6.314965982873975463e+02 -6.411785237916153619e+02 -6.407300122919870091e+02 -6.402113860864618573e+02
-6.366584093454323465e+02 -6.319150487891747616e+02 -6.311581311884457364e+02 -6.363340091886030905e+02
-9.169073810772354136e+02 -9.174693001078915131e+02 -9.174977580887900785e+02 -9.175076658941554797e+02
-9.107839670204529057e+02 -9.105263869258434397e+02 -9.102777000423149047e+02 -9.104393532971918148e+02
-9.053984445407569410e+02 -9.063644251587905956e+02 -9.054870360511140461e+02 -9.061033328082206708e+02
-9.031468674597375639e+02 -9.036024685858128578e+02 -9.036740312070705841e+02 -7.991419965792129005e+02
-6.799469880430308422e+02 -7.306867631766580189e+02 -9.004118281986148986e+02 -8.787138038455361766e+01
-8.836295152134555053e+01 -7.184892776022405769e+02 -8.156029810735013825e+02 -8.740473086529871125e+02
-9.017971664765868809e+02 -9.006552255931802620e+02 -6.890615798203871236e+02 -9.023714415140686924e+02
-8.971207631006489009e+02 -9.072571904128548113e+02 -9.006625091046346370e+02 -9.073953466035526390e+02
-9.045422744415074021e+02 -9.059509903411319556e+02 -9.050349546425889002e+02 -9.138039266293636729e+02
-8.990388535522158691e+02 -9.030768083644163653e+02 -9.035295814005061175e+02 -9.074330700760015134e+02
-8.845411887348955133e+02 -8.899282716958709898e+02 -8.888955696155828718e+02 -8.906462480471382150e+02
-8.769109270739500062e+02 -8.826722000688555454e+02 -8.740110988351060541e+02 -8.748941994668654161e+02
-8.768878356694962122e+02 -7.806773185698943962e+02 -8.887935244361783589e+02 -7.954235446772136129e+02
-8.059394470559900583e+02 -8.060884015923701327e+02 -8.069854593338430959e+02 -7.862527836781188171e+02
-7.809439297968610845e+02 -7.803317856056387427e+02 -8.083386350145337929e+02 -7.782524423527920590e+02
0.000000000000000000e+00 0.000000000000000000e+00 0.000000000000000000e+00 0.000000000000000000e+00
0.000000000000000000e+00 0.000000000000000000e+00 0.000000000000000000e+00 0.000000000000000000e+00
-7.905143390779030597e+02 -7.793315325821097304e+02 -7.722852807495465868e+02 -7.772281596589268702e+02
0.000000000000000000e+00 0.000000000000000000e+00 0.000000000000000000e+00 0.000000000000000000e+00
0.000000000000000000e+00 0.000000000000000000e+00 0.000000000000000000e+00 0.000000000000000000e+00
0.000000000000000000e+00 0.000000000000000000e+00 0.000000000000000000e+00 0.000000000000000000e+00
0.000000000000000000e+00 0.000000000000000000e+00 0.000000000000000000e+00 0.000000000000000000e+00
0.000000000000000000e+00 0.000000000000000000e+00 0.000000000000000000e+00 0.000000000000000000e+00
0.000000000000000000e+00 0.000000000000000000e+00 0.000000000000000000e+00 0.000000000000000000e+00
0.000000000000000000e+00 0.000000000000000000e+00 0.000000000000000000e+00 0.000000000000000000e+00
0.000000000000000000e+00 0.000000000000000000e+00 0.000000000000000000e+00 0.000000000000000000e+00
0.000000000000000000e+00 0.000000000000000000e+00 0.000000000000000000e+00 0.000000000000000000e+00
0.000000000000000000e+00 0.000000000000000000e+00 0.000000000000000000e+00 0.000000000000000000e+00
0.000000000000000000e+00 0.000000000000000000e+00 0.000000000000000000e+00 0.000000000000000000e+00
-6.355720077141934325e+02 -6.256197542682118637e+02 -6.349974960356801148e+02 -6.351857956870360340e+02
0.000000000000000000e+00 0.000000000000000000e+00 0.000000000000000000e+00 0.000000000000000000e+00
0.000000000000000000e+00 0.000000000000000000e+00 0.000000000000000000e+00 0.000000000000000000e+00
0.000000000000000000e+00 0.000000000000000000e+00 0.000000000000000000e+00 0.000000000000000000e+00
-8.991211472952344366e+02 -9.000263302060678825e+02 -8.996199290766591048e+02 -8.995378587873043443e+02
0.000000000000000000e+00 0.000000000000000000e+00 0.000000000000000000e+00 0.000000000000000000e+00
-8.875192780334609211e+01 -7.849398572161529728e+02 -8.795502211181253642e+02 -8.893577959229301086e+02
0.000000000000000000e+00 0.000000000000000000e+00 0.000000000000000000e+00 0.000000000000000000e+00
0.000000000000000000e+00 0.000000000000000000e+00 0.000000000000000000e+00 0.000000000000000000e+00
0.000000000000000000e+00 0.000000000000000000e+00 0.000000000000000000e+00 0.000000000000000000e+00
0.000000000000000000e+00 0.000000000000000000e+00 0.000000000000000000e+00 0.000000000000000000e+00
-8.700942477381350955e+02 -8.776096892714050455e+02 -8.748516878626579683e+02 -8.729435293701878891e+02
-8.673759768755116966e+02 -8.691653563409068965e+02 -8.601907330015992557e+02 -8.677723179210606759e+02
0.000000000000000000e+00 0.000000000000000000e+00 0.000000000000000000e+00 0.000000000000000000e+00
0.000000000000000000e+00 0.000000000000000000e+00 0.000000000000000000e+00 0.000000000000000000e+00
-7.905218965565665030e+02 -8.035353434571682101e+02 -7.838608428289755921e+02 -7.912427098730133821e+02
-8.015808333642081607e+02 -8.058080083614906926e+02 -8.073135711255395108e+02 -7.890806939494689232e+02
-7.852363046080804452e+02 -7.853951101899243668e+02 -8.039849353688725841e+02 -7.877900211664281187e+02
-7.949880513499196013e+02 -7.732190574399905927e+02 -7.995476288368674886e+02 -7.841909546123716837e+02
-7.894602972533805314e+02 -7.929526813102538654e+02 -7.962697132084466602e+02 -7.729630700426837393e+02
-7.570840720305532159e+02 -7.572821833822576991e+02 -7.915400892697455220e+02 -7.595149895144998027e+02
-7.567332726273026537e+02 -7.569313839790072507e+02 -7.794284914264710551e+02 -7.490470300324820982e+02
-7.562061780689256238e+02 -7.564042894206301071e+02 -7.568741199050211890e+02 -7.368299239121757864e+02
-7.209020186242901218e+02 -7.211199705348760745e+02 -7.541584509732904280e+02 -7.297680376041013233e+02
-7.145755373085453357e+02 -7.147638369599018233e+02 -7.499919591737763085e+02 -7.137305020425467319e+02
-7.140090262694869807e+02 -7.141973259208430136e+02 -7.147066329136268905e+02 -7.144249116596809017e+02
0.000000000000000000e+00 0.000000000000000000e+00 0.000000000000000000e+00 0.000000000000000000e+00
-6.221007947631062507e+02 -6.191239333649969012e+02 -6.197602655107243663e+02 -6.207623483056690930e+02
-6.228711276574945259e+02 -6.147956251503246676e+02 -6.232862523832233137e+02 -6.170686602918163999e+02
-6.208318199460696860e+02 -6.141180866877991775e+02 -6.267222773304949897e+02 -6.201814827880317580e+02
-6.279029695689441724e+02 -6.257876926617385607e+02 -6.251501413041351043e+02 -6.224510381137988588e+02
0.000000000000000000e+00 0.000000000000000000e+00 0.000000000000000000e+00 0.000000000000000000e+00
-8.994806361348826158e+02 -8.992586654002857358e+02 -8.983951939664514157e+02 -8.995328044683055850e+02
-8.966777945442879627e+02 -8.962379950261366730e+02 -8.980097533995741514e+02 -8.978526702314056820e+02
-8.956146257344241803e+02 -8.956806066582441872e+02 -8.959898151892632541e+02 -8.955856464671448975e+02
-8.862935070789338852e+02 -8.458119263787475575e+02 -8.908723471241726202e+02 -8.897919525897534641e+02
-8.701909456003405694e+02 -8.821631885221845550e+02 -8.758659430101505450e+02 -8.902968907052282077e+01
-8.918377469127152324e+01 -8.761356995643886876e+02 -6.657697723082983430e+02 -8.725366138602704495e+02
-8.678057784712714238e+02 -8.731846429060794890e+02 -8.741059376275834438e+02 -8.736336148869698945e+02
-8.749680346729197709e+02 -8.749898003243996527e+02 -8.749025519042555743e+02 -8.754270832571261280e+02
-8.778353735605531938e+02 -8.775947323371773336e+02 -8.772385654087755711e+02 -8.774298193474147638e+02
-8.747950273998538933e+02 -8.748118868982528511e+02 -8.745253788697245909e+02 -8.726220900714890831e+02
-8.601045177030323430e+02 -8.634121297497724754e+02 -8.603663118014778775e+02 -8.511689683929473631e+02
-7.937578872439770521e+02 -8.042993459636312537e+02 -8.076329291047387642e+02 -8.037406849388278260e+02
0.000000000000000000e+00 0.000000000000000000e+00 0.000000000000000000e+00 0.000000000000000000e+00
-7.968746482147550978e+02 -8.045806598899462188e+02 -7.964135172721904610e+02 -7.955916168217481754e+02
0.000000000000000000e+00 0.000000000000000000e+00 0.000000000000000000e+00 0.000000000000000000e+00
0.000000000000000000e+00 0.000000000000000000e+00 0.000000000000000000e+00 0.000000000000000000e+00
-7.832927381635448683e+02 -8.053040283584788313e+02 -7.982576074384082858e+02 -7.969935171568249643e+02
-7.969166706176737307e+02 -7.907821844105261562e+02 -7.988792232015325681e+02 -7.981756245140911687e+02
0.000000000000000000e+00 0.000000000000000000e+00 0.000000000000000000e+00 0.000000000000000000e+00
0.000000000000000000e+00 0.000000000000000000e+00 0.000000000000000000e+00 0.000000000000000000e+00
0.000000000000000000e+00 0.000000000000000000e+00 0.000000000000000000e+00 0.000000000000000000e+00
0.000000000000000000e+00 0.000000000000000000e+00 0.000000000000000000e+00 0.000000000000000000e+00
0.000000000000000000e+00 0.000000000000000000e+00 0.000000000000000000e+00 0.000000000000000000e+00
0.000000000000000000e+00 0.000000000000000000e+00 0.000000000000000000e+00 0.000000000000000000e+00
-6.265579018489524969e+02 -6.261948349235588012e+02 -6.260557412935488628e+02 -6.138789087586949336e+02
-6.260065202168168526e+02 -6.185429154446175062e+02 -6.144346843506394862e+02 -6.124507034362387685e+02
-6.127392459338897197e+02 -6.143409284549860558e+02 -6.178678462738018879e+02 -6.263917088313310160e+02
-6.148268205644710633e+02 -6.273345364664543240e+02 -6.195958167495458611e+02 -6.260811849634156943e+02
-6.298551780592907789e+02 -6.212135743401611307e+02 -6.226087963070415299e+02 -6.273984978232633694e+02
-9.033759675736432655e+02 -9.029237486114983540e+02 -9.021058530809174272e+02 -9.028654748923813713e+02
0.000000000000000000e+00 0.000000000000000000e+00 0.000000000000000000e+00 0.000000000000000000e+00
0.000000000000000000e+00 0.000000000000000000e+00 0.000000000000000000e+00 0.000000000000000000e+00
-8.938740920388752329e+02 -8.944748729226356545e+02 -8.935842749132459630e+02 -8.917743770017348197e+02
-8.886786258142853967e+02 -8.894361532678326512e+02 -8.892099266611487565e+02 -8.367644281277430309e+02
-8.820207501461622996e+02 -8.906913295711144656e+02 -8.795308235611864802e+02 -5.619893972000099893e+02
-8.920404449740452435e+01 -7.388812136680899130e+02 -8.479841323586135786e+02 -8.699987813434393047e+02
-8.511478937131292923e+02 -8.706804842740574486e+02 -8.705737874717044633e+02 -8.700846491557934996e+02
0.000000000000000000e+00 0.000000000000000000e+00 0.000000000000000000e+00 0.000000000000000000e+00
-8.808867044428000099e+02 -8.806634830929774580e+02 -8.811201676143357417e+02 -8.812733386906957094e+02
-8.782716804930114449e+02 -8.789011402303049181e+02 -8.781874269884722253e+02 -8.777710922031785685e+02
0.000000000000000000e+00 0.000000000000000000e+00 0.000000000000000000e+00 0.000000000000000000e+00
-7.669806275848105770e+02 -7.719660368483142747e+02 -7.712900143377639779e+02 -7.714488199196075584e+02
0.000000000000000000e+00 0.000000000000000000e+00 0.000000000000000000e+00 0.000000000000000000e+00
0.000000000000000000e+00 0.000000000000000000e+00 0.000000000000000000e+00 0.000000000000000000e+00
0.000000000000000000e+00 0.000000000000000000e+00 0.000000000000000000e+00 0.000000000000000000e+00
0.000000000000000000e+00 0.000000000000000000e+00 0.000000000000000000e+00 0.000000000000000000e+00
0.000000000000000000e+00 0.000000000000000000e+00 0.000000000000000000e+00 0.000000000000000000e+00
0.000000000000000000e+00 0.000000000000000000e+00 0.000000000000000000e+00 0.000000000000000000e+00
0.000000000000000000e+00 0.000000000000000000e+00 0.000000000000000000e+00 0.000000000000000000e+00
-6.841531189145074450e+02 -6.730101761455533733e+02 -6.710564074166472892e+02 -6.722511924406802564e+02
-6.713952879342112965e+02 -6.676343953977250294e+02 -6.762413104723533479e+02 -6.617898186910076674e+02
-6.504032480173744943e+02 -6.506013593690797734e+02 -6.629191849448191078e+02 -6.499344409555634456e+02
-6.381450653476357502e+02 -6.393608017842633444e+02 -6.479548385173591214e+02 -6.322619317357784894e+02
-6.280368408767864139e+02 -6.299884826294014601e+02 -6.377055986933112308e+02 -6.244340865390142881e+02
-6.260588280840244124e+02 -6.259786180860036211e+02 -6.301216876040389252e+02 -6.224924878675439004e+02
-6.265736009821413290e+02 -6.183770912097392056e+02 -6.291949892352420193e+02 -6.223789165764139852e+02
-6.186489344813358002e+02 -6.191684123166349991e+02 -6.165487058131650429e+02 -6.135548533991817521e+02
-6.149118111009414633e+02 -6.172970491775986375e+02 -6.079903100720022167e+02 -6.131578018248304716e+02
-6.067301800380819259e+02 -6.115798389998491302e+02 -6.138089796357934347e+02 -6.017478290973169806e+02
-8.999705469562858298e+02 -8.995472595122249686e+02 -8.995849365305559786e+02 -9.016053714979456117e+02
-8.982317528190246776e+02 -8.984500663150236051e+02 -8.990773248574357694e+02 -8.986891379039957428e+02
-8.964088223428067295e+02 -8.973212716932393960e+02 -8.959430700242289731e+02 -8.971624239967627545e+02
-8.944990500488665930e+02 -8.952125671530034197e+02 -8.951263375007998775e+02 -8.957113739856395114e+02
-8.896505043270077522e+02 -8.952997073427191026e+02 -8.955801111576263338e+02 -8.940920987373064008e+02
0.000000000000000000e+00 0.000000000000000000e+00 0.000000000000000000e+00 0.000000000000000000e+00
-8.908735844003051341e+01 -6.545967550717075483e+02 -8.520143589729227642e+02 -8.648733031236830584e+02
-7.572668068578399243e+02 -8.643834243421990777e+02 -8.644617976985830410e+02 -8.647001184761097647e+02
-8.652398417130705184e+02 -8.655412665386813842e+02 -8.657915626283742085e+02 -8.658342070746195986e+02
0.000000000000000000e+00 0.000000000000000000e+00 0.000000000000000000e+00 0.000000000000000000e+00
-8.797329417395160363e+02 -8.752570205817996793e+02 -8.754897577648036986e+02 -8.749518956933172831e+02
0.000000000000000000e+00 0.000000000000000000e+00 0.000000000000000000e+00 0.000000000000000000e+00
-7.458862443909581543e+02 -7.456700918752537746e+02 -7.438730867242569502e+02 -7.292535893608362585e+02
-7.085166474152783849e+02 -7.091904938803282903e+02 -7.155803210108733765e+02 -7.089961205549468559e+02
-6.996527130078744676e+02 -6.985427336757485364e+02 -6.981787862720294697e+02 -7.005332853955864039e+02
-6.956922408348923454e+02 -6.941293723097716111e+02 -6.926183686474337264e+02 -6.917899630782889062e+02
-6.893636111499101844e+02 -6.873797006191269929e+02 -6.909807665318865020e+02 -6.882482017558634197e+02
-6.896364592984630235e+02 -6.879868215049747278e+02 -6.885731906665951101e+02 -6.912540167814889855e+02
-6.916745394943333167e+02 -6.877793100981275529e+02 -6.905750796261621645e+02 -6.896310251185694824e+02
0.000000000000000000e+00 0.000000000000000000e+00 0.000000000000000000e+00 0.000000000000000000e+00
-6.907948779371563433e+02 -6.694567672072853384e+02 -6.763226402941702418e+02 -6.738427040048507024e+02
-6.695863726116292582e+02 -6.669038380445264238e+02 -6.713036097121444072e+02 -6.567521617955630973e+02
0.000000000000000000e+00 0.000000000000000000e+00 0.000000000000000000e+00 0.000000000000000000e+00
0.000000000000000000e+00 0.000000000000000000e+00 0.000000000000000000e+00 0.000000000000000000e+00
-6.224761998105323073e+02 -6.311351796574360833e+02 -6.251401793013251336e+02 -6.265315146486447020e+02
-6.252504791820982746e+02 -6.294555400442166047e+02 -6.197903715093902974e+02 -6.240505474310580212e+02
0.000000000000000000e+00 0.000000000000000000e+00 0.000000000000000000e+00 0.000000000000000000e+00
-6.143635113817424553e+02 -6.254774372626185368e+02 -6.133548873215796675e+02 -6.150380812970906845e+02
0.000000000000000000e+00 0.000000000000000000e+00 0.000000000000000000e+00 0.000000000000000000e+00
-6.070910309186203904e+02 -5.784374403795131911e+02 -6.019865134874328305e+02 -6.021058556824908692e+02
0.000000000000000000e+00 0.000000000000000000e+00 0.000000000000000000e+00 0.000000000000000000e+00
0.000000000000000000e+00 0.000000000000000000e+00 0.000000000000000000e+00 0.000000000000000000e+00
-8.982134268439136804e+02 -8.984414853683900901e+02 -8.971918880477851417e+02 -8.976552335987245215e+02
0.000000000000000000e+00 0.000000000000000000e+00 0.000000000000000000e+00 0.000000000000000000e+00
-8.950433753627011129e+02 -8.965149061403340056e+02 -8.940381039431728141e+02 -8.943925333221818619e+02
0.000000000000000000e+00 0.000000000000000000e+00 0.000000000000000000e+00 0.000000000000000000e+00
-8.883499439879514625e+01 -6.503510743248863264e+02 -6.926709982904467324e+02 -8.133764179497701434e+02
-3.458460758293500703e+02 -8.568301108707279354e+02 -8.565119505849373809e+02 -8.576003008492572235e+02
-8.642713464688084741e+02 -8.654870301798621313e+02 -8.639025314850648556e+02 -8.648572011881335584e+02
-8.742673915031410843e+02 -8.734652951964339991e+02 -8.736890526805152604e+02 -8.734374531437277938e+02
-8.890436173830893267e+02 -8.749024414750444976e+02 -8.779003626913313383e+02 -8.782498000123088104e+02
0.000000000000000000e+00 0.000000000000000000e+00 0.000000000000000000e+00 0.000000000000000000e+00
-7.292206512908865079e+02 -7.269330125036925665e+02 -7.275247159418884166e+02 -7.336387388353543884e+02
-7.146169819279790545e+02 -7.062195544999686945e+02 -7.079862309598471484e+02 -7.059559771627333475e+02
-6.971663161336243775e+02 -6.959718127410747002e+02 -6.959157797975648236e+02 -6.973297582550371772e+02
-6.929081611303216732e+02 -6.930280730738180637e+02 -6.932257014442375294e+02 -6.911843538494155155e+02
-6.882805878361314171e+02 -6.909069313788588715e+02 -6.897107183209142249e+02 -6.901410854161455291e+02
-6.899972962600718347e+02 -6.892110356348474625e+02 -6.912368793560414133e+02 -6.893694063067183606e+02
-6.874171252972238335e+02 -6.899808586681316456e+02 -6.906523843168936310e+02 -6.942089559244351449e+02
0.000000000000000000e+00 0.000000000000000000e+00 0.000000000000000000e+00 0.000000000000000000e+00
-6.714652241083272202e+02 -6.800119315329386609e+02 -6.836590053636256243e+02 -6.823264009561032708e+02
-6.675067044662326907e+02 -6.606436272016846942e+02 -6.675544254153210204e+02 -6.565709082326717407e+02
-6.406864467445648188e+02 -6.315454050807230715e+02 -6.378757765756079152e+02 -6.441898222392312618e+02
-6.326310874471517991e+02 -6.325843933361629752e+02 -6.304577949587510375e+02 -6.360449470250667900e+02
-6.273096559768408724e+02 -6.278969150204321750e+02 -6.239054917844632655e+02 -6.241781920791431730e+02
-6.086550716289001457e+02 -6.134980115406197001e+02 -6.180792634438437290e+02 -6.203270628620240359e+02
0.000000000000000000e+00 0.000000000000000000e+00 0.000000000000000000e+00 0.000000000000000000e+00
0.000000000000000000e+00 0.000000000000000000e+00 0.000000000000000000e+00 0.000000000000000000e+00
0.000000000000000000e+00 0.000000000000000000e+00 0.000000000000000000e+00 0.000000000000000000e+00
-6.056450494172398749e+02 -5.779303642659032221e+02 -6.023445400726066055e+02 -6.024638822676645304e+02
0.000000000000000000e+00 0.000000000000000000e+00 0.000000000000000000e+00 0.000000000000000000e+00
0.000000000000000000e+00 0.000000000000000000e+00 0.000000000000000000e+00 0.000000000000000000e+00
-9.007841932521026820e+02 -9.007542125483795417e+02 -8.998138799446458052e+02 -8.992254780666637544e+02
-8.998021592676878981e+02 -8.991472507626482411e+02 -9.002583688769332184e+02 -9.029172928369650890e+02
-8.990916672526299180e+02 -9.004118826262158564e+02 -8.992342443494171675e+02 -8.975716829337600302e+02
0.000000000000000000e+00 0.000000000000000000e+00 0.000000000000000000e+00 0.000000000000000000e+00
-7.072445998475940314e+02 -7.078608414379682472e+02 -7.068885829801890850e+02 -8.844919018540113598e+01
-8.793560779528888816e+01 -7.292705657569251798e+02 -7.172195524049035384e+02 -7.044505600883857142e+02
0.000000000000000000e+00 0.000000000000000000e+00 0.000000000000000000e+00 0.000000000000000000e+00
0.000000000000000000e+00 0.000000000000000000e+00 0.000000000000000000e+00 0.000000000000000000e+00
-7.911533039843982351e+02 -8.796670939206150024e+02 -8.049069260372541521e+02 -8.052126191621950966e+02
0.000000000000000000e+00 0.000000000000000000e+00 0.000000000000000000e+00 0.000000000000000000e+00
-7.418582932241034769e+02 -7.304055976719965884e+02 -7.376977117020095420e+02 -7.299298264745484630e+02
-7.217610357992791705e+02 -7.099536777947350856e+02 -7.390763957910678528e+02 -7.103042583817340301e+02
0.000000000000000000e+00 0.000000000000000000e+00 0.000000000000000000e+00 0.000000000000000000e+00
-6.861886096808470938e+02 -6.866879055740414515e+02 -6.827926516644521371e+02 -6.855313274968012820e+02
0.000000000000000000e+00 0.000000000000000000e+00 0.000000000000000000e+00 0.000000000000000000e+00
-6.892088596250027877e+02 -6.901086265497593786e+02 -6.891345636542807824e+02 -6.871958544852814157e+02
-6.860528309538553913e+02 -6.868772382105186125e+02 -6.855273081240014790e+02 -6.834241654231482244e+02
-6.714566695046278255e+02 -6.747626109732144641e+02 -6.788512309343818742e+02 -6.765368094821664045e+02
-6.729903281207934924e+02 -6.759747463681059116e+02 -6.638589296643194757e+02 -6.604362580278768746e+02
-6.620899296172749473e+02 -6.588107492707158599e+02 -6.521836204932196779e+02 -6.643030871106160475e+02
-6.493745630344319579e+02 -6.349900571177245183e+02 -6.462251785184805613e+02 -6.359498181945158422e+02
-6.388490604210732045e+02 -6.350563509455619169e+02 -6.272758661542502523e+02 -6.304707934955000610e+02
0.000000000000000000e+00 0.000000000000000000e+00 0.000000000000000000e+00 0.000000000000000000e+00
-5.752432846290377029e+02 -5.843095398888384580e+02 -5.895335540420012421e+02 -5.896017108512302229e+02
-5.763565543585564228e+02 -5.723185736902772760e+02 -5.639079700757133651e+02 -5.561237091940361097e+02
-5.826399155922093769e+02 -5.827493672389140329e+02 -5.887752245032389737e+02 -5.594202877315910882e+02
-5.900932256387782218e+02 -5.753274960410607264e+02 -5.954300028017518116e+02 -5.635112646844139590e+02
-5.774801622768364950e+02 -5.777568029983024189e+02 -5.925398765951019868e+02 -5.720366269262059404e+02
-9.053457783293135890e+02 -9.031630795270232284e+02 -9.024254634484726694e+02 -9.035486350600060632e+02
-9.020441371368747241e+02 -9.056512119844453537e+02 -9.044219825717376580e+02 -9.058538201443238904e+02
-9.010147669543341635e+02 -9.021454367596663815e+02 -9.014163311578447519e+02 -9.040294485970515552e+02
-8.990223577110674569e+02 -9.024913221565086587e+02 -9.028162869190864512e+02 -9.004479248165069976e+02
-9.014095619174555623e+02 -9.003972591679685138e+02 -8.993676950273119246e+02 -8.980792507212767077e+02
0.000000000000000000e+00 0.000000000000000000e+00 0.000000000000000000e+00 0.000000000000000000e+00
0.000000000000000000e+00 0.000000000000000000e+00 0.000000000000000000e+00 0.000000000000000000e+00
-8.730216743906737520e+01 -7.097969177659787192e+02 -6.534345189500573952e+02 -8.235538734903827844e+02
-8.256129154994500823e+02 -8.257358543062081253e+02 -8.330466174008881808e+02 -8.108007209416310843e+02
-7.937488834651065872e+02 -7.957568719426361668e+02 -8.380275792491499942e+02 -7.741304982779828379e+02
-7.568794901128635502e+02 -7.984832010150931865e+02 -8.068843823713427810e+02 -7.573595697886134985e+02
-7.823252957236094289e+02 -7.603299648254380827e+02 -7.598030094912535333e+02 -7.570918063679691841e+02
-7.407629686076070357e+02 -7.456312148761446679e+02 -7.525512133221910744e+02 -7.463034060836070012e+02
0.000000000000000000e+00 0.000000000000000000e+00 0.000000000000000000e+00 0.000000000000000000e+00
0.000000000000000000e+00 0.000000000000000000e+00 0.000000000000000000e+00 0.000000000000000000e+00
-6.792509181428587226e+02 -6.798600429598117216e+02 -6.797128059431324800e+02 -6.770617550484959111e+02
-6.784699656836062331e+02 -6.789275020514852486e+02 -6.802654962910409040e+02 -6.782122332660997017e+02
0.000000000000000000e+00 0.000000000000000000e+00 0.000000000000000000e+00 0.000000000000000000e+00
0.000000000000000000e+00 0.000000000000000000e+00 0.000000000000000000e+00 0.000000000000000000e+00
-6.787131970036307393e+02 -6.787591171947085513e+02 -6.718402045356419876e+02 -6.720774646698058632e+02
0.000000000000000000e+00 0.000000000000000000e+00 0.000000000000000000e+00 0.000000000000000000e+00
0.000000000000000000e+00 0.000000000000000000e+00 0.000000000000000000e+00 0.000000000000000000e+00
-6.272379893615542414e+02 -6.362394031161871908e+02 -6.276951470667347621e+02 -6.399793916961973537e+02
-6.312140389831424727e+02 -6.331252741069655485e+02 -6.271832329287201446e+02 -6.246648543032540601e+02
0.000000000000000000e+00 0.000000000000000000e+00 0.000000000000000000e+00 0.000000000000000000e+00
-5.481448423500073659e+02 -5.748865001156416383e+02 -5.492407965825898373e+02 -5.574521054068467265e+02
-5.354238816883994332e+02 -5.448359317127219583e+02 -5.354780629883180154e+02 -5.326091126846332600e+02
0.000000000000000000e+00 0.000000000000000000e+00 0.000000000000000000e+00 0.000000000000000000e+00
0.000000000000000000e+00 0.000000000000000000e+00 0.000000000000000000e+00 0.000000000000000000e+00
0.000000000000000000e+00 0.000000000000000000e+00 0.000000000000000000e+00 0.000000000000000000e+00
-9.057576804913567230e+02 -9.033128998686887599e+02 -9.058512373537922713e+02 -9.064747511280372692e+02
-9.055036087248345211e+02 -9.067963257834535398e+02 -9.032623816828840972e+02 -9.030844892669321098e+02
0.000000000000000000e+00 0.000000000000000000e+00 0.000000000000000000e+00 0.000000000000000000e+00
-8.972329922782562335e+02 -9.017562166714499199e+02 -9.006254510761239089e+02 -8.998062335549140016e+02
-8.974237545402736487e+02 -9.004629662085048949e+02 -9.017226130949048866e+02 -8.994434546683178269e+02
0.000000000000000000e+00 0.000000000000000000e+00 0.000000000000000000e+00 0.000000000000000000e+00
-8.565198820813809277e+01 -7.411271444012820666e+02 -6.281602250829434979e+02 -6.750711937361218133e+02
-8.192701597351574492e+02 -6.234728167796782827e+02 -8.654343573622014674e+01 -7.848196899423002151e+02
0.000000000000000000e+00 0.000000000000000000e+00 0.000000000000000000e+00 0.000000000000000000e+00
-8.089680673044617834e+02 -8.071052850415824196e+02 -8.085587575510526221e+02 -8.087659589350474789e+02
0.000000000000000000e+00 0.000000000000000000e+00 0.000000000000000000e+00 0.000000000000000000e+00
-7.856623816836402057e+02 -7.913930612136650780e+02 -7.911186276271614588e+02 -7.401171607977083795e+02
-7.296718079182254542e+02 -7.502551598775689854e+02 -7.395601814400874900e+02 -7.388342373746130534e+02
0.000000000000000000e+00 0.000000000000000000e+00 0.000000000000000000e+00 0.000000000000000000e+00
-6.669513398984970536e+02 -6.675609937425371072e+02 -6.673784393085998090e+02 -6.674948275668248243e+02
-6.721680981261868055e+02 -6.720735171681106976e+02 -6.763576018962004355e+02 -6.757058552324085667e+02
0.000000000000000000e+00 0.000000000000000000e+00 0.000000000000000000e+00 0.000000000000000000e+00
0.000000000000000000e+00 0.000000000000000000e+00 0.000000000000000000e+00 0.000000000000000000e+00
0.000000000000000000e+00 0.000000000000000000e+00 0.000000000000000000e+00 0.000000000000000000e+00
0.000000000000000000e+00 0.000000000000000000e+00 0.000000000000000000e+00 0.000000000000000000e+00
0.000000000000000000e+00 0.000000000000000000e+00 0.000000000000000000e+00 0.000000000000000000e+00
0.000000000000000000e+00 0.000000000000000000e+00 0.000000000000000000e+00 0.000000000000000000e+00
-6.215513634250894484e+02 -6.276567437818977169e+02 -6.204810181535652873e+02 -6.205639280865768797e+02
-6.151898503268554350e+02 -6.117120417877387126e+02 -6.146688144586771614e+02 -6.035092327869408564e+02
-6.105127928863777242e+02 -6.107207061267311019e+02 -6.124518321334774100e+02 -6.023913205595212048e+02
0.000000000000000000e+00 0.000000000000000000e+00 0.000000000000000000e+00 0.000000000000000000e+00
-4.551556602099591373e+02 -4.681967932706164675e+02 -4.479977696319373877e+02 -4.503287504460476498e+02
-4.558518099075028545e+02 -4.560007644438827583e+02 -4.672557794432604510e+02 -4.557014047990733729e+02
-4.640127555830060828e+02 -4.668000370822113041e+02 -4.700633426462582065e+02 -4.554014007144693892e+02
0.000000000000000000e+00 0.000000000000000000e+00 0.000000000000000000e+00 0.000000000000000000e+00
-9.056854519418941436e+02 -9.077204528309554235e+02 -9.046713453763627513e+02 -9.085083794251543168e+02
-9.053468643123735546e+02 -9.078284808417719205e+02 -9.079600116602009621e+02 -9.041323408115811162e+02
-9.025693107592474007e+02 -9.020889936619255423e+02 -9.053793782555084135e+02 -9.016019567725691104e+02
-8.984317304892588254e+02 -8.988541186022854390e+02 -9.014919280284461820e+02 -8.983279897168696380e+02
0.000000000000000000e+00 0.000000000000000000e+00 0.000000000000000000e+00 0.000000000000000000e+00
-8.013600487779449395e+02 -8.035785953177054353e+02 -8.021945411536531765e+02 -8.043643757081592867e+02
-8.463568747789132374e+01 -6.687890108434227159e+02 -7.981398622660487945e+02 -8.027239147066600253e+02
-7.827977063820209196e+02 -8.089254335981539725e+02 -8.099706001169842011e+02 -8.076838324913766201e+02
0.000000000000000000e+00 0.000000000000000000e+00 0.000000000000000000e+00 0.000000000000000000e+00
0.000000000000000000e+00 0.000000000000000000e+00 0.000000000000000000e+00 0.000000000000000000e+00
-7.852019694805112522e+02 -7.889679782723421795e+02 -7.886428046168239234e+02 -7.918459975201346879e+02
-7.016993061472500131e+02 -7.915172359716618757e+02 -7.872061169833426675e+02 -7.008899366932492967e+02
-6.965046246434917521e+02 -7.493383935449392084e+02 -6.967274238414604497e+02 -6.940523120125209289e+02
-6.815585909281187469e+02 -6.817075454644988213e+02 -6.979663434121041519e+02 -6.781054634730455746e+02
-6.591420350278483511e+02 -6.603131207988280948e+02 -6.718511862880538956e+02 -6.595045647737954368e+02
0.000000000000000000e+00 0.000000000000000000e+00 0.000000000000000000e+00 0.000000000000000000e+00
0.000000000000000000e+00 0.000000000000000000e+00 0.000000000000000000e+00 0.000000000000000000e+00
-6.477559552385306461e+02 -6.477979147891120419e+02 -6.471461476398467312e+02 -6.477038684834317337e+02
0.000000000000000000e+00 0.000000000000000000e+00 0.000000000000000000e+00 0.000000000000000000e+00
0.000000000000000000e+00 0.000000000000000000e+00 0.000000000000000000e+00 0.000000000000000000e+00
0.000000000000000000e+00 0.000000000000000000e+00 0.000000000000000000e+00 0.000000000000000000e+00
0.000000000000000000e+00 0.000000000000000000e+00 0.000000000000000000e+00 0.000000000000000000e+00
0.000000000000000000e+00 0.000000000000000000e+00 0.000000000000000000e+00 0.000000000000000000e+00
-5.947312214657587219e+02 -5.860014616880262110e+02 -5.945601560047880412e+02 -5.949965613997317178e+02
0.000000000000000000e+00 0.000000000000000000e+00 0.000000000000000000e+00 0.000000000000000000e+00
0.000000000000000000e+00 0.000000000000000000e+00 0.000000000000000000e+00 0.000000000000000000e+00
-4.793760820972915440e+02 -4.632858211994636690e+02 -4.582143792505302713e+02 -4.583928573800157551e+02
0.000000000000000000e+00 0.000000000000000000e+00 0.000000000000000000e+00 0.000000000000000000e+00
0.000000000000000000e+00 0.000000000000000000e+00 0.000000000000000000e+00 0.000000000000000000e+00
0.000000000000000000e+00 0.000000000000000000e+00 0.000000000000000000e+00 0.000000000000000000e+00
-9.037751475330204585e+02 -9.071421286069269172e+02 -9.054658515408456196e+02 -9.048451843624278581e+02
-9.032128732984158432e+02 -9.065903893698396132e+02 -9.047428919204917293e+02 -9.058002989967280882e+02
-9.058843940394235688e+02 -9.040343799116061518e+02 -9.064148360577889889e+02 -9.054665254121862290e+02
0.000000000000000000e+00 0.000000000000000000e+00 0.000000000000000000e+00 0.000000000000000000e+00
0.000000000000000000e+00 0.000000000000000000e+00 0.000000000000000000e+00 0.000000000000000000e+00
-7.858218334775557423e+02 -7.982079678837793608e+02 -7.983101181529557380e+02 -7.985427474320790679e+02
-8.349432666475232168e+01 -7.204536031628744013e+02 -7.966556599775511813e+02 -7.882321052755760320e+02
-7.966861681821100092e+02 -8.016994182783707856e+02 -5.720459118499863962e+02 -7.943617329724144156e+02
0.000000000000000000e+00 0.000000000000000000e+00 0.000000000000000000e+00 0.000000000000000000e+00
0.000000000000000000e+00 0.000000000000000000e+00 0.000000000000000000e+00 0.000000000000000000e+00
-7.866425675847483490e+02 -7.888451281348067141e+02 -7.844732109621359086e+02 -7.868395554356844741e+02
0.000000000000000000e+00 0.000000000000000000e+00 0.000000000000000000e+00 0.000000000000000000e+00
0.000000000000000000e+00 0.000000000000000000e+00 0.000000000000000000e+00 0.000000000000000000e+00
0.000000000000000000e+00 0.000000000000000000e+00 0.000000000000000000e+00 0.000000000000000000e+00
-6.512519836895116896e+02 -6.508140609581872695e+02 -6.514115602871886495e+02 -6.505388268714258402e+02
-6.445710846415831838e+02 -6.455910783153701686e+02 -6.467795940411946276e+02 -6.449446606382567779e+02
-6.439139829034445484e+02 -6.433167506536627798e+02 -6.439851180769954908e+02 -6.440794312272846582e+02
-6.465596918355993239e+02 -6.459078037282500873e+02 -6.463491339320048610e+02 -6.465085764865153806e+02
0.000000000000000000e+00 0.000000000000000000e+00 0.000000000000000000e+00 0.000000000000000000e+00
-5.380869069095166424e+02 -5.340225290930118263e+02 -5.341616227230216509e+02 -5.343007163530317030e+02
0.000000000000000000e+00 0.000000000000000000e+00 0.000000000000000000e+00 0.000000000000000000e+00
0.000000000000000000e+00 0.000000000000000000e+00 0.000000000000000000e+00 0.000000000000000000e+00
-5.680388084640063653e+02 -5.678779832954791118e+02 -5.679973254905370368e+02 -5.558988949119018343e+02
-5.585266337765135631e+02 -5.594824460227381451e+02 -5.684684035544983089e+02 -5.506238836906827601e+02
0.000000000000000000e+00 0.000000000000000000e+00 0.000000000000000000e+00 0.000000000000000000e+00
-5.026151590470327051e+02 -4.989045613810540090e+02 -4.991124746214069887e+02 -4.906601991215427461e+02
-4.993479304864722508e+02 -4.880661620140040213e+02 -5.005567394508347547e+02 -4.862650287315390756e+02
-4.888814431348804419e+02 -4.951428605545495998e+02 -5.002312015435229569e+02 -4.900470722230008960e+02
0.000000000000000000e+00 0.000000000000000000e+00 0.000000000000000000e+00 0.000000000000000000e+00
-4.863980514565914177e+02 -4.819340616782552047e+02 -4.822103142344841444e+02 -4.824865667907130842e+02
-9.039152341272231297e+02 -9.051197191604088630e+02 -9.049118952228228636e+02 -9.019901515409299009e+02
-9.048565063189423654e+02 -9.051977341271574460e+02 -9.021958789438182293e+02 -9.051925830006707656e+02
0.000000000000000000e+00 0.000000000000000000e+00 0.000000000000000000e+00 0.000000000000000000e+00
-7.888039700174310838e+02 -7.888075316662877867e+02 -7.890990604035256410e+02 -7.893523397237437393e+02
-7.888021066897887295e+02 -7.889982965364811207e+02 -7.891011426984704258e+02 -7.890821953478007345e+02
-6.999685874898698330e+02 -7.907965675088657918e+02 -7.896674269815741809e+02 -7.914686342208475480e+02
-8.222750130177249162e+01 -7.095695380397859253e+02 -7.843187502641130777e+02 -7.889495592959093528e+02
-7.873731791217759337e+02 -7.930537167820655213e+02 -7.859204230604132135e+02 -7.808595337772387666e+02
-7.562919411957910825e+02 -7.884313345242918558e+02 -7.908521547193579408e+02 -7.808970038843729071e+02
-7.859132283895226010e+02 -7.851718392920424776e+02 -7.989203450142026668e+02 -7.823646164779403307e+02
0.000000000000000000e+00 0.000000000000000000e+00 0.000000000000000000e+00 0.000000000000000000e+00
0.000000000000000000e+00 0.000000000000000000e+00 0.000000000000000000e+00 0.000000000000000000e+00
0.000000000000000000e+00 0.000000000000000000e+00 0.000000000000000000e+00 0.000000000000000000e+00
-6.588264161826024292e+02 -6.449940006024185095e+02 -6.451528061842623174e+02 -6.440310499774805066e+02
-6.489137900522836162e+02 -6.486283205811116659e+02 -6.488493370720148050e+02 -6.487949407190506008e+02
-6.449313439395544947e+02 -6.424364826302739857e+02 -6.434705775765432918e+02 -6.422717732282926590e+02
-6.404152804267940837e+02 -6.409986532962150250e+02 -6.414346392115115805e+02 -6.410973036479543907e+02
0.000000000000000000e+00 0.000000000000000000e+00 0.000000000000000000e+00 0.000000000000000000e+00
0.000000000000000000e+00 0.000000000000000000e+00 0.000000000000000000e+00 0.000000000000000000e+00
-5.430510975900102721e+02 -5.315894974547131824e+02 -5.410657323940702099e+02 -5.338545900361302756e+02
-5.346129967593175252e+02 -5.281785175698172452e+02 -5.422495745222814776e+02 -5.486780910968791432e+02
-5.416617085591051364e+02 -5.417909314119681312e+02 -5.539675887867493884e+02 -5.468748694385163844e+02
-5.504052634013695524e+02 -5.564437409379894461e+02 -5.543581218385238571e+02 -5.461803104501702819e+02
-5.241458560583530470e+02 -5.340410237527585195e+02 -5.440688789696955610e+02 -5.471959367729385804e+02
-5.289344381177577361e+02 -5.290833926541376968e+02 -5.228698117690726122e+02 -5.340382725352120588e+02
-5.070435308483043286e+02 -4.914487586351347659e+02 -5.076588641164109958e+02 -5.042449297625183817e+02
-5.053447232595542573e+02 -5.052992328955119206e+02 -4.913888677515655559e+02 -5.018702104118846705e+02
-4.880870004290267161e+02 -5.024607654044425544e+02 -4.905502692034280017e+02 -4.838075189902737065e+02
-4.871796132750723700e+02 -5.095746907361486819e+02 -4.894765714135666599e+02 -4.837529804341272097e+02
-4.860822164141924304e+02 -4.815973467123214959e+02 -4.903294292586516576e+02 -4.864270230959898527e+02
-9.036026455687613179e+02 -9.060079326278155349e+02 -9.046236349851271825e+02 -9.053429773266018401e+02
0.000000000000000000e+00 0.000000000000000000e+00 0.000000000000000000e+00 0.000000000000000000e+00
-7.914130100350541852e+02 -7.904665895507556570e+02 -7.897103820350820342e+02 -7.940572686696132223e+02
-7.907248169451601143e+02 -7.866450589263572510e+02 -7.907004309847419563e+02 -7.861622951387093963e+02
-7.838140483569536627e+02 -7.824726736542113485e+02 -7.828276600079723266e+02 -7.829850579387293692e+02
-7.819363846829070326e+02 -7.824523298215560771e+02 -7.815609184215874166e+02 -4.392914115330754612e+02
-4.168953438844011430e+02 -7.234875493674326208e+02 -7.685318757356035348e+02 -8.083458483742560929e+01
-7.931582153890620646e+01 -7.756575504531010665e+02 -4.900589250877027325e+02 -7.590432720759080212e+02
-7.776677403159327469e+02 -7.850281612571191090e+02 -5.375533938971600492e+02 -7.781308143809897047e+02
-7.855688046510931599e+02 -7.936914977206261028e+02 -7.822140358722434712e+02 -7.797234559693132496e+02
-7.846694581105856514e+02 -7.848085517405955898e+02 -7.881116000454143204e+02 -7.659444946289302152e+02
-7.690114882934085472e+02 -7.445539705398592787e+02 -7.879292758206731833e+02 -7.348184138566832644e+02
-7.472694753565472183e+02 -7.097310186549523223e+02 -7.561436243151197232e+02 -6.979007757407806594e+02
-6.572552553723552364e+02 -6.562578070330591800e+02 -7.224789345816965351e+02 -6.653998139862031849e+02
-6.573306974283393629e+02 -6.576022379095049928e+02 -6.736165040053091388e+02 -6.420865362769586682e+02
-6.171381182222173720e+02 -6.286330375625790339e+02 -6.615590924972016182e+02 -6.279056619577577294e+02
-6.292974874330841430e+02 -6.294561080580994030e+02 -6.423430537996928251e+02 -6.242976873606386334e+02
-5.775092872130786645e+02 -5.986646875380223491e+02 -6.168111853646676082e+02 -5.994931336004987088e+02
0.000000000000000000e+00 0.000000000000000000e+00 0.000000000000000000e+00 0.000000000000000000e+00
-5.365206409091114210e+02 -5.319724910304076957e+02 -5.358084508882136561e+02 -5.344744240726529370e+02
-5.317182410112151274e+02 -5.379397374292570930e+02 -5.313964595514833036e+02 -5.313710876189353485e+02
0.000000000000000000e+00 0.000000000000000000e+00 0.000000000000000000e+00 0.000000000000000000e+00
0.000000000000000000e+00 0.000000000000000000e+00 0.000000000000000000e+00 0.000000000000000000e+00
0.000000000000000000e+00 0.000000000000000000e+00 0.000000000000000000e+00 0.000000000000000000e+00
0.000000000000000000e+00 0.000000000000000000e+00 0.000000000000000000e+00 0.000000000000000000e+00
-4.986371412786551218e+02 -4.838009966990147177e+02 -4.939020171212196146e+02 -4.998481000089541340e+02
0.000000000000000000e+00 0.000000000000000000e+00 0.000000000000000000e+00 0.000000000000000000e+00
0.000000000000000000e+00 0.000000000000000000e+00 0.000000000000000000e+00 0.000000000000000000e+00
0.000000000000000000e+00 0.000000000000000000e+00 0.000000000000000000e+00 0.000000000000000000e+00
0.000000000000000000e+00 0.000000000000000000e+00 0.000000000000000000e+00 0.000000000000000000e+00
0.000000000000000000e+00 0.000000000000000000e+00 0.000000000000000000e+00 0.000000000000000000e+00
-7.909271837931654545e+02 -7.911742066671949942e+02 -7.914212295412246476e+02 -7.920721840231886972e+02
-7.904466603100801194e+02 -7.911197812741460211e+02 -7.908343627730423577e+02 -7.919175502760715517e+02
-7.922989064874391261e+02 -7.911738990653693691e+02 -7.871787446230080150e+02 -7.917910573255496729e+02
-7.844647367988586666e+02 -7.835480382066302809e+02 -7.851188081184673138e+02 -7.867757425216291267e+02
-7.845760700380402568e+02 -7.913622652279201475e+02 -7.832877005207990351e+02 -7.820425928761751493e+02
0.000000000000000000e+00 0.000000000000000000e+00 0.000000000000000000e+00 0.000000000000000000e+00
-7.767265121622402546e+01 -7.029905190861146593e+02 -6.940598527001952789e+02 -6.695599241661076348e+02
0.000000000000000000e+00 0.000000000000000000e+00 0.000000000000000000e+00 0.000000000000000000e+00
0.000000000000000000e+00 0.000000000000000000e+00 0.000000000000000000e+00 0.000000000000000000e+00
0.000000000000000000e+00 0.000000000000000000e+00 0.000000000000000000e+00 0.000000000000000000e+00
-7.434207031675808821e+02 -7.902067279750777971e+02 -7.595281106400971112e+02 -7.654272598736818054e+02
-7.561919049857716573e+02 -7.553590567763053514e+02 -7.769073907669492201e+02 -7.621106375793585812e+02
0.000000000000000000e+00 0.000000000000000000e+00 0.000000000000000000e+00 0.000000000000000000e+00
0.000000000000000000e+00 0.000000000000000000e+00 0.000000000000000000e+00 0.000000000000000000e+00
-5.853075233044917240e+02 -6.300151084162291681e+02 -5.852725746200060257e+02 -5.854904868693147364e+02
0.000000000000000000e+00 0.000000000000000000e+00 0.000000000000000000e+00 0.000000000000000000e+00
-5.543781280270474099e+02 -5.676503603420637774e+02 -5.437309226933782611e+02 -5.444823206317636277e+02
-5.386345384475637275e+02 -5.380079810882555194e+02 -5.406819397817264417e+02 -5.378370768721981676e+02
-5.246346055580000893e+02 -5.275037017331478637e+02 -5.332362613066492258e+02 -5.391164463965960749e+02
-5.331416079862128754e+02 -5.279661048599934929e+02 -5.249309945500043568e+02 -5.215364402070313190e+02
-5.025952941225475570e+02 -5.134268078832974425e+02 -5.197649910903156751e+02 -5.054293659844649937e+02
-5.041380581573229165e+02 -4.967066049475799900e+02 -4.979550716202082867e+02 -4.969764876860531899e+02
-4.806130758117097912e+02 -4.807225274584143335e+02 -4.989754773816760576e+02 -4.808814813491295013e+02
0.000000000000000000e+00 0.000000000000000000e+00 0.000000000000000000e+00 0.000000000000000000e+00
-4.812143547554552470e+02 -4.755660344388060139e+02 -4.615317360935195552e+02 -4.616510782885774233e+02
0.000000000000000000e+00 0.000000000000000000e+00 0.000000000000000000e+00 0.000000000000000000e+00
-4.577599179242586160e+02 -4.534565005561879616e+02 -4.463669477555574758e+02 -4.537543996289477946e+02
0.000000000000000000e+00 0.000000000000000000e+00 0.000000000000000000e+00 0.000000000000000000e+00
0.000000000000000000e+00 0.000000000000000000e+00 0.000000000000000000e+00 0.000000000000000000e+00
0.000000000000000000e+00 0.000000000000000000e+00 0.000000000000000000e+00 0.000000000000000000e+00
0.000000000000000000e+00 0.000000000000000000e+00 0.000000000000000000e+00 0.000000000000000000e+00
0.000000000000000000e+00 0.000000000000000000e+00 0.000000000000000000e+00 0.000000000000000000e+00
0.000000000000000000e+00 0.000000000000000000e+00 0.000000000000000000e+00 0.000000000000000000e+00
-7.759422132468274640e+02 -7.786990735147334135e+02 -7.762017264796636482e+02 -7.786859633548519923e+02
-7.760709250315367171e+02 -7.945889572986141047e+02 -7.772496248182260388e+02 -7.787858694884685065e+02
0.000000000000000000e+00 0.000000000000000000e+00 0.000000000000000000e+00 0.000000000000000000e+00
-7.331051636616185760e+02 -5.613036604508932896e+02 -7.103626118996212426e+02 -7.590717790576209723e+01
-7.402141162316439704e+01 -7.296610218953866251e+02 -5.549698861069194891e+02 -6.886829903011397391e+02
0.000000000000000000e+00 0.000000000000000000e+00 0.000000000000000000e+00 0.000000000000000000e+00
0.000000000000000000e+00 0.000000000000000000e+00 0.000000000000000000e+00 0.000000000000000000e+00
0.000000000000000000e+00 0.000000000000000000e+00 0.000000000000000000e+00 0.000000000000000000e+00
0.000000000000000000e+00 0.000000000000000000e+00 0.000000000000000000e+00 0.000000000000000000e+00
0.000000000000000000e+00 0.000000000000000000e+00 0.000000000000000000e+00 0.000000000000000000e+00
0.000000000000000000e+00 0.000000000000000000e+00 0.000000000000000000e+00 0.000000000000000000e+00
-5.763283768600401800e+02 -5.764906707110081925e+02 -5.758175015794705587e+02 -5.756142293340139986e+02
-5.708023410599357703e+02 -5.691916554080108881e+02 -5.696086262410741483e+02 -5.659889188886276088e+02
-5.497101489143157096e+02 -5.481783378387513039e+02 -5.494545896687133109e+02 -5.444220795937277444e+02
-5.348554304981531686e+02 -5.358182081502504843e+02 -5.363398960863859202e+02 -5.343091345140006752e+02
-5.250382697327183905e+02 -5.287757766221772044e+02 -5.256312339509510139e+02 -5.273964657012945736e+02
-5.204090895855655390e+02 -5.203107554450680254e+02 -5.212149829179401195e+02 -5.102424073637427000e+02
-5.026602880360468930e+02 -5.030725286758396351e+02 -4.990763876284250955e+02 -4.952348524323367656e+02
-4.790721343891493689e+02 -4.911710226297180952e+02 -4.971098295651919443e+02 -4.880402022597602922e+02
0.000000000000000000e+00 0.000000000000000000e+00 0.000000000000000000e+00 0.000000000000000000e+00
-4.653648377390181281e+02 -4.533770279842779587e+02 -4.534864796309824442e+02 -4.542167675640080233e+02
-4.420412601561008046e+02 -4.538556495615052313e+02 -4.659125439302916334e+02 -4.403900825894816649e+02
-4.361222842719037089e+02 -4.490103526311727364e+02 -4.501548464594944789e+02 -4.403980525646059050e+02
-4.512006229992308590e+02 -4.500082430740604309e+02 -4.517721507860924248e+02 -4.474499888679208652e+02
-4.484728994158635373e+02 -4.558955506184831279e+02 -4.560278150279638112e+02 -4.565489824246191120e+02
0.000000000000000000e+00 0.000000000000000000e+00 0.000000000000000000e+00 0.000000000000000000e+00
0.000000000000000000e+00 0.000000000000000000e+00 0.000000000000000000e+00 0.000000000000000000e+00
-7.783984494452738545e+02 -7.780306503869339849e+02 -7.782971694622384575e+02 -7.785636885375425891e+02
0.000000000000000000e+00 0.000000000000000000e+00 0.000000000000000000e+00 0.000000000000000000e+00
-7.749542124174221271e+02 -7.738273291911655178e+02 -7.739959759674271709e+02 -7.720800239238044469e+02
-7.724311647864831230e+02 -7.758300958763453536e+02 -7.724569187379040613e+02 -7.786442833697376500e+02
-7.650584834000917454e+02 -7.932416384954995010e+02 -7.703710849307998387e+02 -7.560513399409044268e+02
-7.200581699011543151e+02 -7.490233503111045366e+02 -7.789161640309212089e+02 -7.299569850195326808e+02
-7.241707186095530915e+02 -8.110271727432608486e+02 -7.455501662955576876e+02 -4.817155440218525655e+02
-4.458069212941771298e+02 -6.577491594314749364e+02 -7.136829887445543363e+02 -7.201649590968554548e+01
-7.201395134348133524e+02 -5.972340424753161869e+02 -5.973487107730165917e+02 -6.989136080338536772e+01
-6.434272741048860098e+02 -7.140135195940840731e+02 -4.553381510818826428e+02 -6.764189403934075528e+01
-6.526492616194511243e+01 -5.594261489274607584e+02 -4.785699803949085549e+02 -7.049762598223830992e+02
-7.035409666453736008e+02 -7.038079760691557567e+02 -7.032745650969175131e+02 -6.966550945230035268e+02
-6.483994350399145787e+02 -7.001959767614348493e+02 -7.003764316709834929e+02 -7.001284852710480209e+02
0.000000000000000000e+00 0.000000000000000000e+00 0.000000000000000000e+00 0.000000000000000000e+00
0.000000000000000000e+00 0.000000000000000000e+00 0.000000000000000000e+00 0.000000000000000000e+00
0.000000000000000000e+00 0.000000000000000000e+00 0.000000000000000000e+00 0.000000000000000000e+00
-5.397566602363694983e+02 -5.406938430490254177e+02 -5.396918438748182325e+02 -5.410974882143608511e+02
-5.323910779461499487e+02 -5.329737039622123120e+02 -5.324261671501994897e+02 -5.351103890158365175e+02
-5.165333545030066489e+02 -5.236091602975316164e+02 -5.165908181071802119e+02 -5.150749247682434770e+02
-5.065716508629639065e+02 -5.061257094145547626e+02 -5.065176834712476648e+02 -5.006112935900135881e+02
-4.725872849713884989e+02 -4.858669267398461216e+02 -4.915056712311571800e+02 -4.922409974420949652e+02
-4.661417840376736308e+02 -4.626670033340444661e+02 -4.893986625559794561e+02 -4.744299109422782976e+02
-4.584473963653649662e+02 -4.508119538349210984e+02 -4.481232892212249226e+02 -4.585761612225784347e+02
-4.460341988539197473e+02 -4.500823660543342157e+02 -4.450498221138046802e+02 -4.614656477789502560e+02
-4.373977322660123832e+02 -4.276108729319693680e+02 -4.355910202754658940e+02 -4.351168723322556957e+02
-4.368764975019452663e+02 -4.458363884052158141e+02 -4.369254070309798408e+02 -4.369832469473363403e+02
0.000000000000000000e+00 0.000000000000000000e+00 0.000000000000000000e+00 0.000000000000000000e+00
-4.554976845102461880e+02 -4.618372723551398167e+02 -4.478177866776984501e+02 -4.479667412140783540e+02
0.000000000000000000e+00 0.000000000000000000e+00 0.000000000000000000e+00 0.000000000000000000e+00
0.000000000000000000e+00 0.000000000000000000e+00 0.000000000000000000e+00 0.000000000000000000e+00
-7.757558522248526742e+02 -7.764350676253588972e+02 -7.759588954349304686e+02 -7.762072338169913337e+02
-7.729304177326574745e+02 -7.745116469629663243e+02 -7.727144892553897080e+02 -7.748515750751038240e+02
-7.731527461376578003e+02 -7.735884256028982691e+02 -7.721104535302296199e+02 -7.739438184283692408e+02
-7.705781252622887223e+02 -7.735313908479508882e+02 -7.707885672967490791e+02 -7.677403058223744665e+02
0.000000000000000000e+00 0.000000000000000000e+00 0.000000000000000000e+00 0.000000000000000000e+00
-6.865001592917501512e+02 -7.342267327047950403e+02 -6.864991635661044711e+02 -6.866185057611623961e+02
0.000000000000000000e+00 0.000000000000000000e+00 0.000000000000000000e+00 0.000000000000000000e+00
0.000000000000000000e+00 0.000000000000000000e+00 0.000000000000000000e+00 0.000000000000000000e+00
-7.226760514570612486e+02 -6.581966807256517313e+02 -7.226104619667914903e+02 -7.224659618780885921e+02
0.000000000000000000e+00 0.000000000000000000e+00 0.000000000000000000e+00 0.000000000000000000e+00
-6.276153020048245423e+01 -5.832632368209581273e+02 -5.891432669798699635e+02 -7.004040270806740409e+02
-6.997332950939933198e+02 -6.994713192694472355e+02 -6.993368472515973053e+02 -6.273694080487128986e+02
-2.987232431884841617e+02 -6.960941857297958677e+02 -6.954433210552928131e+02 -6.962150997293013006e+02
-6.980176277392650945e+02 -6.986368903857319310e+02 -6.984829815468457355e+02 -6.985075760383905390e+02
-6.986296481649667385e+02 -6.994804455132590419e+02 -6.998983207408530234e+02 -6.987372213954456583e+02
0.000000000000000000e+00 0.000000000000000000e+00 0.000000000000000000e+00 0.000000000000000000e+00
-5.402537709436840032e+02 -5.403989343125732603e+02 -5.403352863017817072e+02 -5.404615385533837753e+02
-5.446668046909310306e+02 -5.392049265882535565e+02 -5.402982007856271593e+02 -5.404272144803045421e+02
0.000000000000000000e+00 0.000000000000000000e+00 0.000000000000000000e+00 0.000000000000000000e+00
-4.931814370207795264e+02 -4.963782748915264165e+02 -4.804609168193837831e+02 -4.910890272645632422e+02
-4.102246559523591714e+02 -4.591387568023212111e+02 -4.765593989508910795e+02 -4.727812597359809388e+02
-4.674578624022839222e+02 -4.779715273371173225e+02 -4.504754746514188355e+02 -4.717154562194159553e+02
-4.410178449484162115e+02 -4.468636022564231780e+02 -4.796279566824088079e+02 -4.746543243063620139e+02
0.000000000000000000e+00 0.000000000000000000e+00 0.000000000000000000e+00 0.000000000000000000e+00
-4.075864158467660445e+02 -3.977826609400938764e+02 -3.870233813993390299e+02 -3.871427235943967844e+02
0.000000000000000000e+00 0.000000000000000000e+00 0.000000000000000000e+00 0.000000000000000000e+00
0.000000000000000000e+00 0.000000000000000000e+00 0.000000000000000000e+00 0.000000000000000000e+00
0.000000000000000000e+00 0.000000000000000000e+00 0.000000000000000000e+00 0.000000000000000000e+00
-3.837529227566184318e+02 -3.590651174728482715e+02 -3.592534171242043612e+02 -3.594417167755601668e+02
0.000000000000000000e+00 0.000000000000000000e+00 0.000000000000000000e+00 0.000000000000000000e+00
0.000000000000000000e+00 0.000000000000000000e+00 0.000000000000000000e+00 0.000000000000000000e+00
-7.718630667845670814e+02 -7.732837453428098797e+02 -7.717287862228001813e+02 -7.720147625264728504e+02
0.000000000000000000e+00 0.000000000000000000e+00 0.000000000000000000e+00 0.000000000000000000e+00
-7.686373703813820839e+02 -7.659027035844528655e+02 -7.688378523265994318e+02 -7.678377425612474099e+02
0.000000000000000000e+00 0.000000000000000000e+00 0.000000000000000000e+00 0.000000000000000000e+00
-6.866690864180179688e+02 -7.045446906994776555e+02 -6.945121431119873705e+02 -6.864973272427655502e+02
-6.696816816703126278e+02 -6.951132652320025045e+02 -7.029785642036729314e+02 -6.869620486179934460e+02
-6.861349291370570427e+02 -6.943117057578866707e+02 -7.009824923030141690e+02 -6.944705409421912918e+02
0.000000000000000000e+00 0.000000000000000000e+00 0.000000000000000000e+00 0.000000000000000000e+00
-7.006755625423976426e+02 -7.004466680177398530e+02 -7.005086874824273764e+02 -5.797830042665136716e+02
-6.358692082941388435e+02 -5.290030663972839875e+02 -6.923241491369475398e+02 -6.012779742058028631e+01
-5.743429954265229753e+02 -6.913122587447130627e+02 -5.726066161149058189e+02 -5.735502614674275890e+01
-5.443280701027861568e+01 -6.278964859098753095e+02 -5.685565135329644590e+02 -6.876659853590796274e+02
0.000000000000000000e+00 0.000000000000000000e+00 0.000000000000000000e+00 0.000000000000000000e+00
0.000000000000000000e+00 0.000000000000000000e+00 0.000000000000000000e+00 0.000000000000000000e+00
0.000000000000000000e+00 0.000000000000000000e+00 0.000000000000000000e+00 0.000000000000000000e+00
0.000000000000000000e+00 0.000000000000000000e+00 0.000000000000000000e+00 0.000000000000000000e+00
-5.571005115125863085e+02 -5.482609029398799976e+02 -5.532534666281776481e+02 -5.537030176106434283e+02
0.000000000000000000e+00 0.000000000000000000e+00 0.000000000000000000e+00 0.000000000000000000e+00
0.000000000000000000e+00 0.000000000000000000e+00 0.000000000000000000e+00 0.000000000000000000e+00
-2.500082179177266255e+02 -4.354345515820508012e+02 -4.337702980287797345e+02 -4.378417593243974011e+02
-3.387441129114544651e+02 -4.656799727952260355e+02 -4.173421739082579052e+02 -4.133505348662785082e+02
-4.120222440894105489e+02 -4.476825921071421135e+02 -4.148004687100258820e+02 -4.130201249731950384e+02
0.000000000000000000e+00 0.000000000000000000e+00 0.000000000000000000e+00 0.000000000000000000e+00
-3.613621019769922214e+02 -3.692638470419561827e+02 -3.664386250800123435e+02 -3.844151859521913366e+02
-3.625368046760833067e+02 -3.638057592124632720e+02 -3.638703073596814193e+02 -3.879172559991220623e+02
-3.939700296990818060e+02 -3.941485078285674035e+02 -3.704313189950711376e+02 -3.943695213691617028e+02
-3.981557146517199612e+02 -3.966578657778919137e+02 -3.757008711224343074e+02 -3.927356376388937065e+02
-3.811916023648470286e+02 -3.783319630031674023e+02 -4.015045219257022495e+02 -3.926631036955837430e+02
0.000000000000000000e+00 0.000000000000000000e+00 0.000000000000000000e+00 0.000000000000000000e+00
-7.738562263941192896e+02 -7.733813322927730951e+02 -7.737492613392172416e+02 -7.746454159871948377e+02
-7.727248490594463419e+02 -7.716311975321513046e+02 -7.714629029232069115e+02 -7.700105200125175315e+02
-7.639195730647118125e+02 -7.648340918236523294e+02 -7.674071896572409059e+02 -7.638164865173433782e+02
-7.608927424919205578e+02 -7.622926741673140896e+02 -7.585897520735081798e+02 -7.586895108630288860e+02
0.000000000000000000e+00 0.000000000000000000e+00 0.000000000000000000e+00 0.000000000000000000e+00
0.000000000000000000e+00 0.000000000000000000e+00 0.000000000000000000e+00 0.000000000000000000e+00
-6.656792867128918942e+02 -6.919378090849835417e+02 -6.680376801070407282e+02 -6.690894272405589618e+02
-6.754906621522417254e+02 -6.942345825503416563e+02 -6.866331779930491166e+02 -6.684352015312222193e+02
-6.876343880471958983e+02 -6.842403578626181115e+02 -6.882172013403176152e+02 -6.832155949161874560e+02
0.000000000000000000e+00 0.000000000000000000e+00 0.000000000000000000e+00 0.000000000000000000e+00
0.000000000000000000e+00 0.000000000000000000e+00 0.000000000000000000e+00 0.000000000000000000e+00
0.000000000000000000e+00 0.000000000000000000e+00 0.000000000000000000e+00 0.000000000000000000e+00
-6.714940791327995839e+02 -5.489474145653684900e+02 -5.554746380631708007e+02 -5.135484639643080840e+01
-6.571837985439599379e+02 -4.161329343757195147e+02 -3.917986398278709430e+02 -4.812736191090392879e+01
-5.267538240116382440e+02 -4.032947146433664329e+02 -4.393123272454939183e+02 -4.477479771311520551e+01
-6.165229162071042310e+02 -5.098585604032140850e+02 -5.637478674365933102e+02 -4.133363933007186830e+01
-5.934717570434215759e+02 -4.434949158210699238e+02 -4.659098187188436668e+02 -3.783021148706487935e+01
-5.323273318234168983e+02 -5.577262670537456870e+02 -4.469966101925139697e+02 -3.425348083786243336e+01
-4.644244391766428635e+02 -3.449482898448245578e+02 -5.200133074613685267e+02 -3.054616196593663346e+01
-4.250614820739592687e+02 -2.645921226563939967e+02 -3.898797185536466259e+02 -2.663341177849531149e+01
-4.194359983682099937e+02 -4.223797869723846361e+02 -3.203282486903958102e+02 -2.247928984385150031e+01
-1.812568999329300823e+01 -3.819683615596043182e+02 -3.126223681675028843e+02 -3.108258163016616891e+02
0.000000000000000000e+00 0.000000000000000000e+00 0.000000000000000000e+00 0.000000000000000000e+00
0.000000000000000000e+00 0.000000000000000000e+00 0.000000000000000000e+00 0.000000000000000000e+00
-3.639679746608480855e+02 -3.428909246648269118e+02 -3.614782181622004487e+02 -3.618463943738340731e+02
0.000000000000000000e+00 0.000000000000000000e+00 0.000000000000000000e+00 0.000000000000000000e+00
0.000000000000000000e+00 0.000000000000000000e+00 0.000000000000000000e+00 0.000000000000000000e+00
-3.913223693415336584e+02 -3.749945776493458425e+02 -3.719225578148103182e+02 -3.721010359442958020e+02
0.000000000000000000e+00 0.000000000000000000e+00 0.000000000000000000e+00 0.000000000000000000e+00
0.000000000000000000e+00 0.000000000000000000e+00 0.000000000000000000e+00 0.000000000000000000e+00
0.000000000000000000e+00 0.000000000000000000e+00 0.000000000000000000e+00 0.000000000000000000e+00
0.000000000000000000e+00 0.000000000000000000e+00 0.000000000000000000e+00 0.000000000000000000e+00
0.000000000000000000e+00 0.000000000000000000e+00 0.000000000000000000e+00 0.000000000000000000e+00
-7.515727623344030235e+02 -7.491733478582428916e+02 -7.493189739803054863e+02 -7.515146050985313195e+02
-7.431066678354901569e+02 -7.431984568347015738e+02 -7.425202367716753997e+02 -7.463813697954693680e+02
-7.375564059448224725e+02 -7.366682395691486818e+02 -7.343929265458876898e+02 -7.373859756178826501e+02
0.000000000000000000e+00 0.000000000000000000e+00 0.000000000000000000e+00 0.000000000000000000e+00
-6.879155840138168969e+02 -6.912745549651291412e+02 -6.836798843202506077e+02 -6.838189779502604324e+02
0.000000000000000000e+00 0.000000000000000000e+00 0.000000000000000000e+00 0.000000000000000000e+00
-6.932585095362290986e+02 -6.916482352695871896e+02 -6.918267133990727871e+02 -6.920051915285581572e+02
0.000000000000000000e+00 0.000000000000000000e+00 0.000000000000000000e+00 0.000000000000000000e+00
0.000000000000000000e+00 0.000000000000000000e+00 0.000000000000000000e+00 0.000000000000000000e+00
-6.654709592787955899e+02 -6.700255631842564981e+02 -6.689199953630111395e+02 -6.691882626376761891e+02
-6.619522168292328388e+02 -6.635479136256018364e+02 -6.619375958249455607e+02 -6.631823189276362882e+02
0.000000000000000000e+00 0.000000000000000000e+00 0.000000000000000000e+00 0.000000000000000000e+00
-6.152903250889930860e+02 -6.146619294591686185e+02 -6.132533096962803256e+02 -5.975419127867019142e+02
-6.009210355300614310e+02 -6.013199572424992994e+02 -6.031850230232155354e+02 -4.989587868542541855e+02
-5.850220835331974740e+02 -2.168337359922831808e+02 -5.879186537270187500e+02 -5.862893517697409607e+02
0.000000000000000000e+00 0.000000000000000000e+00 0.000000000000000000e+00 0.000000000000000000e+00
0.000000000000000000e+00 0.000000000000000000e+00 0.000000000000000000e+00 0.000000000000000000e+00
0.000000000000000000e+00 0.000000000000000000e+00 0.000000000000000000e+00 0.000000000000000000e+00
-1.366648257079873119e+01 -2.644691094105580191e+02 -2.616901748504660077e+02 -3.201705434975440312e+02
-3.317759719304026476e+02 -3.319642715817587373e+02 -2.712630221428966024e+02 -3.347720484397919449e+02
-3.411561753480281141e+02 -3.408633922747687848e+02 -3.417275296302020138e+02 -3.412022482536448820e+02
-3.371658209835104572e+02 -3.426807156623067954e+02 -3.522449771685905375e+02 -3.362027246355153807e+02
0.000000000000000000e+00 0.000000000000000000e+00 0.000000000000000000e+00 0.000000000000000000e+00
-3.726114433409569529e+02 -3.720603892665317858e+02 -3.721933142901909832e+02 -3.705993925019723179e+02
-3.915113691210505067e+02 -3.692394125670600715e+02 -3.738404336411109625e+02 -3.729139781350118028e+02
-3.742464720269615555e+02 -3.710636640666198218e+02 -3.711559685260082802e+02 -3.660777235333979434e+02
-7.773840951001857320e+02 -7.758038805571525245e+02 -7.752152123010079094e+02 -7.771159066916245592e+02
0.000000000000000000e+00 0.000000000000000000e+00 0.000000000000000000e+00 0.000000000000000000e+00
-7.655932028980037103e+02 -7.618182522994210331e+02 -7.620555124335847950e+02 -7.619458711566496731e+02
-7.556122056851579600e+02 -7.565057552643683039e+02 -7.545511962903564154e+02 -7.568199043580123089e+02
-7.490341811054108803e+02 -7.482284397582659494e+02 -7.488446716856888088e+02 -7.465175768002133054e+02
0.000000000000000000e+00 0.000000000000000000e+00 0.000000000000000000e+00 0.000000000000000000e+00
-7.247049109887478835e+02 -7.226187109296911331e+02 -7.228887326738398542e+02 -7.250551024089370458e+02
-7.127548286359423173e+02 -7.123322737893755630e+02 -7.124374549923254563e+02 -7.139493962176533159e+02
-7.006880241750844789e+02 -6.969032916009018663e+02 -6.981641016439398300e+02 -7.014295216663704196e+02
-6.989799922261131542e+02 -6.991914084156865101e+02 -6.941848439397133461e+02 -6.987868811275100143e+02
-6.877555269754650453e+02 -6.862510789315468855e+02 -6.911799245936022089e+02 -6.895094568118348661e+02
-6.803049590096961765e+02 -6.804834371391816603e+02 -6.800338744117451597e+02 -6.819064835624869829e+02
-6.771157770261335145e+02 -6.750400194183383746e+02 -6.727109072361607787e+02 -6.786839482252064499e+02
-6.717883952887460737e+02 -6.727964190755300251e+02 -6.703839118386135851e+02 -6.618091089177427193e+02
-6.613935026015136600e+02 -6.594655244334891222e+02 -6.639859343569773955e+02 -6.501224776770773133e+02
-6.413468493353000213e+02 -6.405152671875385977e+02 -6.425704776526540627e+02 -6.323371837183093476e+02
-6.205564535579527501e+02 -6.215271357841550071e+02 -6.262302466855146577e+02 -6.140798210246895223e+02
-6.064016681047012298e+02 -6.077236201111837772e+02 -6.083164359358274851e+02 -5.932491843626418131e+02
-5.971896822831442933e+02 -5.229577599325306210e+02 -5.982432281818305455e+02 -5.975741514066104401e+02
0.000000000000000000e+00 0.000000000000000000e+00 0.000000000000000000e+00 0.000000000000000000e+00
-2.693476201226366129e+02 -2.681950021055840239e+02 -2.683102779093031813e+02 -2.684051334587835527e+02
-2.581541824349423564e+02 -2.582537336328448987e+02 -2.583124780169947030e+02 -2.342106930754606537e+02
-9.170864421931369748e+00 -2.078551177026782000e+02 -2.511933593841340269e+02 -2.508941090504374358e+02
0.000000000000000000e+00 0.000000000000000000e+00 0.000000000000000000e+00 0.000000000000000000e+00
-3.373179376424852762e+02 -3.388433391538417823e+02 -3.349137390190592214e+02 -3.347251470523297030e+02
-3.151620464300157209e+02 -3.338271595391841515e+02 -3.281999867889323923e+02 -3.297476756372490172e+02
-3.574782278615350606e+02 -3.402219175700645906e+02 -3.617282767243014518e+02 -3.627218156380272376e+02
-3.660590604424225489e+02 -3.670888292619332560e+02 -3.884287165430007462e+02 -3.716472203000505488e+02
-3.741871765480842669e+02 -3.789904029112102535e+02 -3.903473142585484652e+02 -3.635691776733755205e+02
-3.615883337612340256e+02 -3.689743355145062651e+02 -3.730775613778743036e+02 -3.662644625370448352e+02
-7.749243862253871384e+02 -7.716467746682111510e+02 -7.727062449545310301e+02 -7.744443300373375223e+02
-7.734136480209716638e+02 -7.725889229002472121e+02 -7.722358964386696698e+02 -7.751892193014684835e+02
-7.713475747468529562e+02 -7.721483071667846616e+02 -7.699703393894475312e+02 -7.714789013638471715e+02
0.000000000000000000e+00 0.000000000000000000e+00 0.000000000000000000e+00 0.000000000000000000e+00
-7.404229578442456159e+02 -7.408795476925881758e+02 -7.431177404977556762e+02 -7.436949359273937716e+02
-7.357019512656111146e+02 -7.376410734999965371e+02 -7.360721739164838482e+02 -7.390664940171097896e+02
-7.265698789849559489e+02 -7.242874007159151688e+02 -7.285965132911012461e+02 -7.280586320511145004e+02
-7.173118797656522929e+02 -7.139031343685234106e+02 -7.167268088758172553e+02 -7.154910719652914395e+02
-7.036716074428209140e+02 -7.042836840225036212e+02 -7.100801307403789906e+02 -7.089361917998663785e+02
-6.994643548177839421e+02 -7.045979626513399126e+02 -7.053094367368597659e+02 -7.019162455978353137e+02
0.000000000000000000e+00 0.000000000000000000e+00 0.000000000000000000e+00 0.000000000000000000e+00
0.000000000000000000e+00 0.000000000000000000e+00 0.000000000000000000e+00 0.000000000000000000e+00
-6.722337330981304149e+02 -6.761855534537151016e+02 -6.786680358591861477e+02 -6.726076696586213757e+02
-6.704977878311806307e+02 -6.717499602382124522e+02 -6.690795929006186498e+02 -6.742997616066263618e+02
-6.694334951338773863e+02 -6.704239109834172723e+02 -6.668818474096749469e+02 -6.683173412428204756e+02
0.000000000000000000e+00 0.000000000000000000e+00 0.000000000000000000e+00 0.000000000000000000e+00
0.000000000000000000e+00 0.000000000000000000e+00 0.000000000000000000e+00 0.000000000000000000e+00
0.000000000000000000e+00 0.000000000000000000e+00 0.000000000000000000e+00 0.000000000000000000e+00
0.000000000000000000e+00 0.000000000000000000e+00 0.000000000000000000e+00 0.000000000000000000e+00
-2.780452000061908961e+02 -2.774387931645902086e+02 -2.778068611692531817e+02 -2.810218410129008930e+02
-2.769796065147882587e+02 -2.776633055037070790e+02 -2.784203815698789413e+02 -2.773679381739153769e+02
0.000000000000000000e+00 0.000000000000000000e+00 0.000000000000000000e+00 0.000000000000000000e+00
-4.633094265406182188e+00 -1.262751296371257439e+02 -1.284593774223248488e+02 -1.166780533162022948e+02
0.000000000000000000e+00 0.000000000000000000e+00 0.000000000000000000e+00 0.000000000000000000e+00
0.000000000000000000e+00 0.000000000000000000e+00 0.000000000000000000e+00 0.000000000000000000e+00
-2.727877431918782349e+02 -2.732501792248519337e+02 -2.744540409836697563e+02 -2.745733831787277950e+02
0.000000000000000000e+00 0.000000000000000000e+00 0.000000000000000000e+00 0.000000000000000000e+00
-3.692256804531955368e+02 -3.757257811689449341e+02 -3.725772701079141598e+02 -3.712224799732011888e+02
-3.791328914157068084e+02 -3.697793777543602687e+02 -3.803338719424878605e+02 -3.547451258217016630e+02
0.000000000000000000e+00 0.000000000000000000e+00 0.000000000000000000e+00 0.000000000000000000e+00
-7.748543079164974188e+02 -7.729493952684289297e+02 -7.761476643150558630e+02 -7.758416554957866538e+02
-7.755094341056567373e+02 -7.757417771397897468e+02 -7.718767777402237016e+02 -7.758722298085543798e+02
-7.753840496807276850e+02 -7.754323850568371199e+02 -7.733067255202794286e+02 -7.748954948637455118e+02
0.000000000000000000e+00 0.000000000000000000e+00 0.000000000000000000e+00 0.000000000000000000e+00
-7.380008012802418307e+02 -7.401463735674918780e+02 -7.368505069911706187e+02 -7.370486183428751019e+02
0.000000000000000000e+00 0.000000000000000000e+00 0.000000000000000000e+00 0.000000000000000000e+00
0.000000000000000000e+00 0.000000000000000000e+00 0.000000000000000000e+00 0.000000000000000000e+00
-7.123393909768230969e+02 -7.125911083374661530e+02 -7.132369061985735925e+02 -7.153488011672960738e+02
-7.063052737150942448e+02 -7.072563591667947094e+02 -7.038615660663097060e+02 -7.017398962482880052e+02
-6.988109858231171074e+02 -7.024188899631687946e+02 -6.989740062454148983e+02 -6.976397181263994298e+02
0.000000000000000000e+00 0.000000000000000000e+00 0.000000000000000000e+00 0.000000000000000000e+00
0.000000000000000000e+00 0.000000000000000000e+00 0.000000000000000000e+00 0.000000000000000000e+00
0.000000000000000000e+00 0.000000000000000000e+00 0.000000000000000000e+00 0.000000000000000000e+00
-6.757747541067169550e+02 -6.775132316736750226e+02 -6.710074484613729737e+02 -6.749320605134656716e+02
-6.705688684856722830e+02 -6.717050362207257876e+02 -6.761692096291784537e+02 -6.742797994379048987e+02
0.000000000000000000e+00 0.000000000000000000e+00 0.000000000000000000e+00 0.000000000000000000e+00
-7.273159943582636515e+02 -7.251231380668999691e+02 -7.254484791482452692e+02 -7.220485333963595167e+02
-7.207486871600093536e+02 -7.253054814520362470e+02 -7.263199426666458294e+02 -7.257960363599120228e+02
0.000000000000000000e+00 0.000000000000000000e+00 0.000000000000000000e+00 0.000000000000000000e+00
-2.805452061536537940e+02 -2.806682671194465684e+02 -2.800229267761849314e+02 -2.794968172889288098e+02
-2.791784672155941962e+02 -2.800308786800997041e+02 -2.795759000196784427e+02 -2.789198099741293504e+02
0.000000000000000000e+00 0.000000000000000000e+00 0.000000000000000000e+00 0.000000000000000000e+00
0.000000000000000000e+00 0.000000000000000000e+00 0.000000000000000000e+00 0.000000000000000000e+00
-6.799000000000860666e+01 -5.151878597999845510e+01 -4.862264899999895107e+01 -5.184514703073865860e+01
0.000000000000000000e+00 0.000000000000000000e+00 0.000000000000000000e+00 0.000000000000000000e+00
-2.322209592440745780e+02 -2.401260627106033496e+02 -2.386028734118282841e+02 -2.391468214555732743e+02
-2.438302365738587696e+02 -2.439594594267216507e+02 -2.442986212500453576e+02 -2.442961571172531308e+02
0.000000000000000000e+00 0.000000000000000000e+00 0.000000000000000000e+00 0.000000000000000000e+00
-3.826733844667089670e+02 -3.855367635115852636e+02 -3.850393873751173146e+02 -3.857615856875399913e+02
-3.882792936297445294e+02 -3.867171538234467789e+02 -3.894063159610000753e+02 -3.894886925515028224e+02
-7.732563432490475179e+02 -7.769953546197996275e+02 -7.763347007666324089e+02 -7.771984983635102253e+02
-7.759518262345726498e+02 -7.785080628524566464e+02 -7.778471102711869207e+02 -7.781392361478747262e+02
0.000000000000000000e+00 0.000000000000000000e+00 0.000000000000000000e+00 0.000000000000000000e+00
0.000000000000000000e+00 0.000000000000000000e+00 0.000000000000000000e+00 0.000000000000000000e+00
-7.404002711733256774e+02 -7.410045364315969891e+02 -7.390753523858036260e+02 -7.402396651581080960e+02
-7.461668190399595915e+02 -7.463649303916644158e+02 -7.393598650064975573e+02 -7.481094996297792932e+02
-7.490539173247782401e+02 -7.458673485864001123e+02 -7.468798453264116688e+02 -7.472236544752379359e+02
0.000000000000000000e+00 0.000000000000000000e+00 0.000000000000000000e+00 0.000000000000000000e+00
0.000000000000000000e+00 0.000000000000000000e+00 0.000000000000000000e+00 0.000000000000000000e+00
-6.998513816492838941e+02 -7.000621847227309900e+02 -7.635247185049631753e+02 -7.035917441005917681e+02
-7.043733739850863458e+02 -7.043124534785171136e+02 -7.023071072856978390e+02 -7.048026323148999381e+02
-6.986885920124573204e+02 -7.002693953496626591e+02 -7.013313564993890168e+02 -7.003326534402067409e+02
0.000000000000000000e+00 0.000000000000000000e+00 0.000000000000000000e+00 0.000000000000000000e+00
-6.787566437282982861e+02 -6.824911637658151449e+02 -6.782545762109045882e+02 -6.785113520620598138e+02
0.000000000000000000e+00 0.000000000000000000e+00 0.000000000000000000e+00 0.000000000000000000e+00
-7.116019734299095489e+02 -7.080491934340088847e+02 -7.075913335644436302e+02 -7.138965319511468124e+02
-7.216252458478243170e+02 -7.219005708001736821e+02 -7.182558237104414047e+02 -7.208844566657664927e+02
-7.202320395646377165e+02 -7.223504627974285768e+02 -7.225997436429859135e+02 -7.197443177013537934e+02
0.000000000000000000e+00 0.000000000000000000e+00 0.000000000000000000e+00 0.000000000000000000e+00
0.000000000000000000e+00 0.000000000000000000e+00 0.000000000000000000e+00 0.000000000000000000e+00
-2.815016916396558599e+02 -2.817386831720967848e+02 -2.801239201791304936e+02 -2.805141295899817351e+02
0.000000000000000000e+00 0.000000000000000000e+00 0.000000000000000000e+00 0.000000000000000000e+00
-9.352411699790765454e+01 -8.528600000000682257e+01 -8.825461702404680864e+01 -7.902761555499996859e+01
-1.039467765529803955e+02 -1.004473453193436399e+02 -1.188819670240537647e+02 -1.047880057715688622e+02
-1.442880330953687178e+02 -1.466311000127737714e+02 -1.618621912871724362e+02 -1.432049977335932454e+02
-1.860634920688551688e+02 -1.881657062566612808e+02 -1.919991466945950265e+02 -1.854840003431354774e+02
0.000000000000000000e+00 0.000000000000000000e+00 0.000000000000000000e+00 0.000000000000000000e+00
-3.636577755939650842e+02 -3.408441652288877322e+02 -3.624674650034651222e+02 -3.639776982389777800e+02
-3.859766981418327987e+02 -3.873310477250367398e+02 -3.613557137677071864e+02 -3.825583000460853214e+02
-3.822472106253578659e+02 -3.897300297895662311e+02 -3.852449340495739989e+02 -3.862663935689602113e+02
0.000000000000000000e+00 0.000000000000000000e+00 0.000000000000000000e+00 0.000000000000000000e+00
-7.804360082966845766e+02 -7.825924977168958776e+02 -7.804958251165176080e+02 -7.810868274876050918e+02
0.000000000000000000e+00 0.000000000000000000e+00 0.000000000000000000e+00 0.000000000000000000e+00
0.000000000000000000e+00 0.000000000000000000e+00 0.000000000000000000e+00 0.000000000000000000e+00
-7.452850782996605403e+02 -7.463588379213440476e+02 -7.453872567392545534e+02 -7.455951699796074763e+02
0.000000000000000000e+00 0.000000000000000000e+00 0.000000000000000000e+00 0.000000000000000000e+00
-7.461980030561953754e+02 -7.493137718751129341e+02 -7.471651093823159044e+02 -7.531523736547637782e+02
-7.407179213050702629e+02 -7.421304684305163164e+02 -7.463849242820350582e+02 -7.427547584351655132e+02
-7.313927503206091387e+02 -7.305071445666100090e+02 -7.356948305937170289e+02 -7.335303357936825250e+02
-7.214895665571242489e+02 -7.167413183725598174e+02 -7.187782100670442560e+02 -7.162355168319006680e+02
0.000000000000000000e+00 0.000000000000000000e+00 0.000000000000000000e+00 0.000000000000000000e+00
-6.819915379075468991e+02 -6.923674397242359646e+02 -6.809397507229355142e+02 -6.772297389126051712e+02
-6.789269809839134950e+02 -6.748759447957759221e+02 -6.780322428162633059e+02 -6.811986813676498969e+02
-6.846346263863956665e+02 -6.869552257568059304e+02 -6.805560300347307248e+02 -6.863343945149470073e+02
-6.983896570373440227e+02 -6.935630642795342737e+02 -6.994332002261438674e+02 -6.942428571083157749e+02
-7.062569222144666128e+02 -7.078675143055893386e+02 -7.076405897298832315e+02 -7.064588922679220104e+02
-7.131061048841535239e+02 -7.134001672131932992e+02 -7.157515417832505591e+02 -7.134912186341734923e+02
-7.211326989717013021e+02 -7.221399431101500568e+02 -7.178164730708006118e+02 -7.190443058591579302e+02
-7.163437161551996724e+02 -7.121614414998625762e+02 -7.248789963120918856e+02 -7.066424601547261091e+02
0.000000000000000000e+00 0.000000000000000000e+00 0.000000000000000000e+00 0.000000000000000000e+00
-2.821649380753473224e+02 -2.828619614704655305e+02 -2.813904272166668079e+02 -2.823659205550088700e+02
0.000000000000000000e+00 0.000000000000000000e+00 0.000000000000000000e+00 0.000000000000000000e+00
-1.046980199219877363e+02 -1.092262600000060502e+02 -1.077352715242711554e+02 -1.094452927535642459e+02
-1.216418918643183957e+02 -1.200562081789578883e+02 -1.182298083709229530e+02 -1.222154253323410558e+02
-1.433974951317507873e+02 -1.454853625846354248e+02 -1.445459703791977404e+02 -1.443678502503597656e+02
-1.681322582443931708e+02 -1.699314442187306327e+02 -1.680833371751295147e+02 -1.700482798425691158e+02
-1.754236534814683921e+02 -1.755429956765263171e+02 -1.754591685315594987e+02 -1.758403677419434246e+02
0.000000000000000000e+00 0.000000000000000000e+00 0.000000000000000000e+00 0.000000000000000000e+00
-3.871280883735922203e+02 -3.879883216130290293e+02 -3.839030662294912872e+02 -3.863359863171433517e+02
-3.837425159591110742e+02 -3.878917601061924074e+02 -3.847591390105096139e+02 -3.869360773282998593e+02
0.000000000000000000e+00 0.000000000000000000e+00 0.000000000000000000e+00 0.000000000000000000e+00
0.000000000000000000e+00 0.000000000000000000e+00 0.000000000000000000e+00 0.000000000000000000e+00
0.000000000000000000e+00 0.000000000000000000e+00 0.000000000000000000e+00 0.000000000000000000e+00
0.000000000000000000e+00 0.000000000000000000e+00 0.000000000000000000e+00 0.000000000000000000e+00
0.000000000000000000e+00 0.000000000000000000e+00 0.000000000000000000e+00 0.000000000000000000e+00
0.000000000000000000e+00 0.000000000000000000e+00 0.000000000000000000e+00 0.000000000000000000e+00
0.000000000000000000e+00 0.000000000000000000e+00 0.000000000000000000e+00 0.000000000000000000e+00
-7.382038498286258346e+02 -7.417149656105343638e+02 -7.367016999673932105e+02 -7.392872769038082197e+02
-7.315326008719763422e+02 -7.347489652250027348e+02 -7.356461921556298194e+02 -7.320176849746048902e+02
-7.289101806702474278e+02 -7.284664832752491748e+02 -7.334844646942297004e+02 -7.301316331716386685e+02
0.000000000000000000e+00 0.000000000000000000e+00 0.000000000000000000e+00 0.000000000000000000e+00
-6.908818834524928434e+02 -6.856963977016845320e+02 -6.875831894349574895e+02 -6.913621613390810126e+02
-6.884331188924577418e+02 -6.878182738482265677e+02 -6.877844002722099503e+02 -6.844177584139786177e+02
-6.864755694786532558e+02 -6.914697097805558315e+02 -6.888622709372617692e+02 -6.874766276733663517e+02
0.000000000000000000e+00 0.000000000000000000e+00 0.000000000000000000e+00 0.000000000000000000e+00
0.000000000000000000e+00 0.000000000000000000e+00 0.000000000000000000e+00 0.000000000000000000e+00
0.000000000000000000e+00 0.000000000000000000e+00 0.000000000000000000e+00 0.000000000000000000e+00
0.000000000000000000e+00 0.000000000000000000e+00 0.000000000000000000e+00 0.000000000000000000e+00
-7.184276433881394723e+02 -7.228437016995233080e+02 -7.187777159733193457e+02 -7.173827407301694166e+02
-7.178481904277363128e+02 -7.180658957548489525e+02 -7.189866233551776986e+02 -7.186067399450300854e+02
0.000000000000000000e+00 0.000000000000000000e+00 0.000000000000000000e+00 0.000000000000000000e+00
0.000000000000000000e+00 0.000000000000000000e+00 0.000000000000000000e+00 0.000000000000000000e+00
0.000000000000000000e+00 0.000000000000000000e+00 0.000000000000000000e+00 0.000000000000000000e+00
-1.262972345392322921e+02 -1.272359165879772291e+02 -1.258369446615367480e+02 -1.259265855002779801e+02
0.000000000000000000e+00 0.000000000000000000e+00 0.000000000000000000e+00 0.000000000000000000e+00
-1.739540040428207703e+02 -1.735593262414220135e+02 -1.730313382111236535e+02 -1.735190114228922482e+02
0.000000000000000000e+00 0.000000000000000000e+00 0.000000000000000000e+00 0.000000000000000000e+00
0.000000000000000000e+00 0.000000000000000000e+00 0.000000000000000000e+00 0.000000000000000000e+00
0.000000000000000000e+00 0.000000000000000000e+00 0.000000000000000000e+00 0.000000000000000000e+00
0.000000000000000000e+00 0.000000000000000000e+00 0.000000000000000000e+00 0.000000000000000000e+00
