-5.162814866174426243e+01 -5.162189991409189105e+01 -5.163094718876763523e+01 -5.035220517567194065e+01
-4.913508982559143590e+01 -5.124554326940807414e+01 -5.122636204497367629e+01 -5.124155265176167262e+01
-5.095112438450840386e+01 -5.095872599770211764e+01 -5.068401328055501409e+01 -5.097678516862525555e+01
-5.087370607189456706e+01 -5.062866625922791286e+01 -5.063268657071936474e+01 -5.083006715721391089e+01
-5.054878911282541054e+01 -5.066622615936474006e+01 -5.071362036874382540e+01 -5.084870557621761833e+01
-5.041423147194210941e+01 -5.026142301077528884e+01 -5.057346173077784357e+01 -5.060587277195435973e+01
-5.036417530847609214e+01 -5.033528186512545943e+01 -5.013576690260595115e+01 -4.993268927813539193e+01
0.000000000000000000e+00 0.000000000000000000e+00 0.000000000000000000e+00 0.000000000000000000e+00
-4.653065641487885529e+01 -4.648765417094416108e+01 -4.649863584182514131e+01 -4.665205455128236878e+01
-4.648288741523505507e+01 -4.623017131325430285e+01 -4.632622038532915809e+01 -4.648331867061727962e+01
0.000000000000000000e+00 0.000000000000000000e+00 0.000000000000000000e+00 0.000000000000000000e+00
-5.089401739599312435e+01 -5.092968572155513840e+01 -5.082611617254367076e+01 -4.658495768239173174e+01
-4.466099230891361316e+01 -5.048696498407213795e+01 -5.038205423322612120e+01 -5.015665239755379901e+01
-5.073922311686595776e+01 -5.043005046929583557e+01 -5.063592729921606406e+01 -5.076507859236184572e+01
-5.047821322248114484e+01 -5.049416546021247143e+01 -5.054198520389429916e+01 -5.065754372070327349e+01
-5.007651248378937225e+01 -5.044680499456047329e+01 -5.019838865824917207e+01 -5.008749490269591575e+01
-4.987682816124220153e+01 -4.965636243084409784e+01 -4.947466772132291624e+01 -4.987390617333248599e+01
-4.814302981366868295e+01 -4.855773773100720803e+01 -4.833284355932894272e+01 -4.855534891775867123e+01
-4.694429568580340373e+01 -4.663233804448535835e+01 -4.679965559260245556e+01 -4.647976750128854917e+01
-4.596813341213399440e+01 -4.593118226442828700e+01 -4.609153480203008257e+01 -4.585762908965833873e+01
0.000000000000000000e+00 0.000000000000000000e+00 0.000000000000000000e+00 0.000000000000000000e+00
0.000000000000000000e+00 0.000000000000000000e+00 0.000000000000000000e+00 0.000000000000000000e+00
-4.207160019850804389e+01 -4.852467962102372212e+01 -4.822710036440689407e+01 -4.847798654265303497e+01
0.000000000000000000e+00 0.000000000000000000e+00 0.000000000000000000e+00 0.000000000000000000e+00
0.000000000000000000e+00 0.000000000000000000e+00 0.000000000000000000e+00 0.000000000000000000e+00
0.000000000000000000e+00 0.000000000000000000e+00 0.000000000000000000e+00 0.000000000000000000e+00
0.000000000000000000e+00 0.000000000000000000e+00 0.000000000000000000e+00 0.000000000000000000e+00
0.000000000000000000e+00 0.000000000000000000e+00 0.000000000000000000e+00 0.000000000000000000e+00
-4.537441584038909070e+01 -4.554993721386394867e+01 -4.540251736299223495e+01 -4.577194833488933767e+01
-4.534016350560428776e+01 -4.483210290803858555e+01 -4.501509664718911807e+01 -4.531870396534048240e+01
0.000000000000000000e+00 0.000000000000000000e+00 0.000000000000000000e+00 0.000000000000000000e+00
-4.677828962083221143e+01 -4.677469149239912127e+01 -4.678140080375368370e+01 -4.673658253106067662e+01
-4.662380668264074046e+01 -4.650983807494848321e+01 -4.651738567626969711e+01 -3.854247005872547760e+01
-3.294190527735560181e+01 -4.539805163866631688e+01 -4.539710541372294017e+01 -4.539306263177969214e+01
0.000000000000000000e+00 0.000000000000000000e+00 0.000000000000000000e+00 0.000000000000000000e+00
-3.988386406924541916e+01 -4.016430556195776091e+01 -4.016203118156104779e+01 -4.016868108112686286e+01
-4.041489715745838396e+01 -4.040731247085999911e+01 -4.041472435898211302e+01 -4.040599215478058426e+01
0.000000000000000000e+00 0.000000000000000000e+00 0.000000000000000000e+00 0.000000000000000000e+00
-4.427756109972039411e+01 -4.450645350473842399e+01 -4.424992293387403208e+01 -4.428047636688778965e+01
-4.355108992075369656e+01 -4.335596010921916843e+01 -4.315097671623612285e+01 -4.306681658789518252e+01
-4.869445105076965774e+01 -4.864514880643932315e+01 -4.869022266389485054e+01 -4.865920095891923580e+01
0.000000000000000000e+00 0.000000000000000000e+00 0.000000000000000000e+00 0.000000000000000000e+00
-4.582851903861977405e+01 -4.560148593495939195e+01 -4.577317662583079283e+01 -4.574970543800532141e+01
-4.401654316442072457e+01 -4.402092575575657207e+01 -4.411741236609183403e+01 -2.611805735747215351e+01
-4.126282032291714330e+01 -4.114133716813923058e+01 -4.127584040578776126e+01 -1.769031364746978596e+01
-1.075865606987051315e+01 -3.969338144579937477e+01 -3.956215136532756560e+01 -3.915495905726955073e+01
0.000000000000000000e+00 0.000000000000000000e+00 0.000000000000000000e+00 0.000000000000000000e+00
0.000000000000000000e+00 0.000000000000000000e+00 0.000000000000000000e+00 0.000000000000000000e+00
0.000000000000000000e+00 0.000000000000000000e+00 0.000000000000000000e+00 0.000000000000000000e+00
-4.036236750609727153e+01 -4.019218857871166506e+01 -3.988005731509998242e+01 -4.000566610306734106e+01
-4.838909634020839690e+01 -4.843166047086173620e+01 -4.841563048321836504e+01 -4.843936299068396067e+01
-4.735300275487909971e+01 -4.734129157529702780e+01 -4.737442518644160572e+01 -4.739088224116949988e+01
-4.609786175114786033e+01 -4.618447540659923334e+01 -4.606578297434663938e+01 -4.608460715708549316e+01
-4.340834296996419539e+01 -4.328233618836515006e+01 -4.346198761886743256e+01 -4.343492156264456838e+01
-3.977512691067254735e+01 -3.984913873244269666e+01 -3.987646596297946644e+01 -3.985729997347847586e+01
-5.349156001907823033e+00 -3.762884215818978362e+01 -3.764829041226792583e+01 -3.759817761649921408e+01
0.000000000000000000e+00 0.000000000000000000e+00 0.000000000000000000e+00 0.000000000000000000e+00
-2.786185008667528251e+01 -2.756451211717737948e+01 -2.789664849684764292e+01 -2.739715542302389650e+01
-3.195090209288886740e+01 -3.178048185253281943e+01 -3.232659635501418194e+01 -3.220336249915903437e+01
-3.631717380939511486e+01 -3.664581276950770672e+01 -3.676484667290772990e+01 -3.627371297440691222e+01
-4.905404360555427701e+01 -4.903821787365640006e+01 -4.902695473795293424e+01 -4.897722320754273539e+01
0.000000000000000000e+00 0.000000000000000000e+00 0.000000000000000000e+00 0.000000000000000000e+00
-4.742938576964560582e+01 -4.750279898132766476e+01 -4.746066441274116698e+01 -4.736488050417820261e+01
0.000000000000000000e+00 0.000000000000000000e+00 0.000000000000000000e+00 0.000000000000000000e+00
-3.655582583189004708e+01 -3.667989122230311949e+01 -3.660055702132574140e+01 -3.623196350660676046e+01
-3.190586419787520711e+01 -3.227957151095787935e+01 -3.276145876974661064e+01 -3.065208933638036815e+00
-1.694753007260890953e+00 -2.192400460402130946e+01 -2.230475485936343460e+01 -2.230023386580558409e+01
-2.188237289499615557e+01 -2.189598344710211464e+01 -2.110530225451044828e+01 -2.180932742505170907e+01
0.000000000000000000e+00 0.000000000000000000e+00 0.000000000000000000e+00 0.000000000000000000e+00
-3.672803924098971606e+01 -3.676271009977132564e+01 -3.661903502230391894e+01 -3.656983053137938100e+01
-4.954964511564430296e+01 -4.950095174408648546e+01 -4.953789441205943689e+01 -4.946275020098446618e+01
-4.942424333256697366e+01 -4.943192211546816850e+01 -4.939525968912921172e+01 -4.946700417834272656e+01
-4.853699489005460777e+01 -4.854598386885814421e+01 -4.859753659647423518e+01 -4.857992344379312044e+01
0.000000000000000000e+00 0.000000000000000000e+00 0.000000000000000000e+00 0.000000000000000000e+00
-3.690229221120537773e+01 -3.698158260194398395e+01 -3.698370296990568562e+01 -3.694210278060707253e+01
0.000000000000000000e+00 0.000000000000000000e+00 0.000000000000000000e+00 0.000000000000000000e+00
-8.580490045010453759e-01 -1.343879623636248688e+01 -1.343129622387130695e+01 -1.337813070551914585e+01
-8.404224737181264615e+00 -1.417121185804750105e+01 -1.427263682831614666e+01 -1.409690824262718323e+01
0.000000000000000000e+00 0.000000000000000000e+00 0.000000000000000000e+00 0.000000000000000000e+00
-3.690518634786506169e+01 -3.697434875886060013e+01 -3.681016671935392992e+01 -3.695120936832489633e+01
-4.994380758855251656e+01 -4.992087731601724698e+01 -4.991687684311779094e+01 -5.000703219305717084e+01
-4.997302934993366819e+01 -5.005498918960035581e+01 -4.992321701583193772e+01 -5.001723925009021343e+01
0.000000000000000000e+00 0.000000000000000000e+00 0.000000000000000000e+00 0.000000000000000000e+00
0.000000000000000000e+00 0.000000000000000000e+00 0.000000000000000000e+00 0.000000000000000000e+00
-3.715213727894361995e+01 -3.715129383268561725e+01 -3.711575309739001227e+01 -3.713374546447532509e+01
0.000000000000000000e+00 0.000000000000000000e+00 0.000000000000000000e+00 0.000000000000000000e+00
0.000000000000000000e+00 0.000000000000000000e+00 0.000000000000000000e+00 0.000000000000000000e+00
-3.667857918470810663e+00 -6.516435920544775051e+00 -6.584853167765702509e+00 -6.258176324053864370e+00
-6.415775442670343942e+00 -6.415169713269283314e+00 -5.757432887170952363e+00 -6.756146145434383854e+00
0.000000000000000000e+00 0.000000000000000000e+00 0.000000000000000000e+00 0.000000000000000000e+00
-5.018600244161987689e+01 -5.020677198561061516e+01 -5.020167230275576742e+01 -5.022424220129030914e+01
-5.023094723177042908e+01 -5.032886646533315655e+01 -5.027621479295352458e+01 -5.030448209042947383e+01
-5.048710968217237394e+01 -5.052738367293603261e+01 -5.056224294283955345e+01 -5.056263112266038462e+01
0.000000000000000000e+00 0.000000000000000000e+00 0.000000000000000000e+00 0.000000000000000000e+00
0.000000000000000000e+00 0.000000000000000000e+00 0.000000000000000000e+00 0.000000000000000000e+00
-2.186896999999961455e+00 -2.188896899999961398e+00 -2.190896799999960898e+00 -2.193050562214739596e+00
-2.089333427990167635e+00 -7.770875271625585778e-01 -2.184906999999961741e+00 -2.223842905170460682e+00
-4.344975840975677350e+00 -4.437478859981320412e+00 -2.038628498810944656e+00 -4.185730167510727462e+00
0.000000000000000000e+00 0.000000000000000000e+00 0.000000000000000000e+00 0.000000000000000000e+00
-5.174370571786037181e+04 -5.174679483057273319e+04 -5.174487545362531819e+04 -5.174227285498695710e+04
