-4.822137487687973589e+01 -4.821853641671016533e+01 -4.821955084325928453e+01 -4.745201121126503807e+01
-4.649820700544084673e+01 -4.780726311049707533e+01 -4.780401794053886988e+01 -4.781017699055816905e+01
-4.739616709987954835e+01 -4.748848370937020036e+01 -4.750311666353951523e+01 -4.746251195896841324e+01
-4.743558494150365590e+01 -4.746426639796476366e+01 -4.744546673492079236e+01 -4.747184807707296272e+01
-4.745600804130582873e+01 -4.744397423223166754e+01 -4.740219329248678548e+01 -4.742376273780979545e+01
-4.730591862032849093e+01 -4.729822452760276263e+01 -4.728925599106525368e+01 -4.727540212695979704e+01
-4.711866420712156867e+01 -4.703373394044825062e+01 -4.705111803345802457e+01 -4.701910422644873222e+01
0.000000000000000000e+00 0.000000000000000000e+00 0.000000000000000000e+00 0.000000000000000000e+00
-4.432234114133711245e+01 -4.428428578336767174e+01 -4.421407050570223163e+01 -4.424567777388006107e+01
-4.404082123729725851e+01 -4.401044778113719502e+01 -4.411691815217450596e+01 -4.403958711453285702e+01
0.000000000000000000e+00 0.000000000000000000e+00 0.000000000000000000e+00 0.000000000000000000e+00
-4.745168494219223732e+01 -4.745884570994478224e+01 -4.743066192933004999e+01 -4.421935879029524585e+01
-4.265052855593739167e+01 -4.695065982154908824e+01 -4.687098008200593569e+01 -4.691322901351868069e+01
-4.731006885694595354e+01 -4.731804047736905261e+01 -4.733067308725436817e+01 -4.731050320751728577e+01
-4.734514257463632703e+01 -4.735534269092094917e+01 -4.737483840612057406e+01 -4.740546617597524914e+01
-4.716542744680238286e+01 -4.718824687722298705e+01 -4.718021301732712658e+01 -4.720480841966259078e+01
-4.651831336775257597e+01 -4.663735814783029809e+01 -4.657897246657712031e+01 -4.662909890221418863e+01
-4.537424630996824959e+01 -4.546129192630351668e+01 -4.548208147840096416e+01 -4.548419579338363405e+01
-4.425674932779622139e+01 -4.424764107265911406e+01 -4.411378295282329276e+01 -4.415980456712833302e+01
-4.362976783897224919e+01 -4.370466805464207027e+01 -4.376909235363937967e+01 -4.372991952998792442e+01
0.000000000000000000e+00 0.000000000000000000e+00 0.000000000000000000e+00 0.000000000000000000e+00
0.000000000000000000e+00 0.000000000000000000e+00 0.000000000000000000e+00 0.000000000000000000e+00
-4.063509013243056245e+01 -4.527453341912036677e+01 -4.520614306125845161e+01 -4.523102012316738296e+01
0.000000000000000000e+00 0.000000000000000000e+00 0.000000000000000000e+00 0.000000000000000000e+00
0.000000000000000000e+00 0.000000000000000000e+00 0.000000000000000000e+00 0.000000000000000000e+00
0.000000000000000000e+00 0.000000000000000000e+00 0.000000000000000000e+00 0.000000000000000000e+00
0.000000000000000000e+00 0.000000000000000000e+00 0.000000000000000000e+00 0.000000000000000000e+00
0.000000000000000000e+00 0.000000000000000000e+00 0.000000000000000000e+00 0.000000000000000000e+00
-4.322071969581639195e+01 -4.314054665743308448e+01 -4.305799124142748013e+01 -4.317793717091571892e+01
-4.272191689637298140e+01 -4.269022066256965786e+01 -4.284220566231570615e+01 -4.277716528850140065e+01
0.000000000000000000e+00 0.000000000000000000e+00 0.000000000000000000e+00 0.000000000000000000e+00
-4.336891476140565516e+01 -4.320212881505951685e+01 -4.345061903658095304e+01 -4.347218280517255096e+01
-3.817749411357688416e+01 -4.327086613187188391e+01 -4.320600211570872773e+01 -4.343444969505456754e+01
-3.853161014090774472e+01 -4.202992237027680034e+01 -4.203774878179095253e+01 -4.203361598279573030e+01
0.000000000000000000e+00 0.000000000000000000e+00 0.000000000000000000e+00 0.000000000000000000e+00
-3.745357038708139896e+01 -3.744596981751991649e+01 -3.745551071226051221e+01 -3.744582442750133566e+01
-3.770160469581326623e+01 -3.769039430819091763e+01 -3.770351346745608367e+01 -3.767932631728254478e+01
0.000000000000000000e+00 0.000000000000000000e+00 0.000000000000000000e+00 0.000000000000000000e+00
-4.222066764265815664e+01 -4.225328219239022332e+01 -4.219145127659227512e+01 -4.229032042328876173e+01
-4.126128659734300186e+01 -4.120367691828585777e+01 -4.112841638559939383e+01 -4.126904341558879707e+01
-4.500398442411359667e+01 -4.497034695473517729e+01 -4.500009023889597870e+01 -4.500261053761337848e+01
0.000000000000000000e+00 0.000000000000000000e+00 0.000000000000000000e+00 0.000000000000000000e+00
-4.202865325821335318e+01 -4.228229029226224611e+01 -4.194079450450758628e+01 -3.438583039935450358e+01
-2.850912357488508064e+01 -4.037013657829192681e+01 -4.037810542405436109e+01 -4.051138670650391305e+01
-3.845423974904857545e+01 -3.843893343394508832e+01 -3.808696104070327948e+01 -3.455401216079312832e+01
-2.651874244368365652e+01 -3.693550541963281830e+01 -3.692493646252112427e+01 -3.692496281717635753e+01
0.000000000000000000e+00 0.000000000000000000e+00 0.000000000000000000e+00 0.000000000000000000e+00
0.000000000000000000e+00 0.000000000000000000e+00 0.000000000000000000e+00 0.000000000000000000e+00
0.000000000000000000e+00 0.000000000000000000e+00 0.000000000000000000e+00 0.000000000000000000e+00
-3.817924532554558681e+01 -3.822844654887027360e+01 -3.809062773187178408e+01 -3.803775473465137225e+01
-4.469324404522955518e+01 -4.472026259000631399e+01 -4.465794032617702669e+01 -4.471258784492393090e+01
-4.368366019409843659e+01 -4.367947812621465431e+01 -4.360952506965116982e+01 -4.367627154240689435e+01
-4.233863055093343775e+01 -4.238449307719310610e+01 -4.235577988274440031e+01 -4.230537696190620522e+01
-3.974766698457406733e+01 -3.982849348960802160e+01 -3.979130484446422855e+01 -2.230651565879874809e+01
-3.670896603820536086e+01 -3.680678800720963295e+01 -3.687786071827117951e+01 -1.562757548191080659e+01
-9.101320970081335560e+00 -3.520628605044190351e+01 -3.515140440789677001e+01 -3.514349354145615933e+01
0.000000000000000000e+00 0.000000000000000000e+00 0.000000000000000000e+00 0.000000000000000000e+00
-2.509090525788359827e+01 -2.578085168732028265e+01 -2.578006696428172617e+01 -2.579539673574564773e+01
-3.070190050839519103e+01 -3.086564886313340494e+01 -3.083053042949879696e+01 -3.072302437571529410e+01
-3.476725521037958089e+01 -3.490942578501595506e+01 -3.488890466358949993e+01 -3.492327360903389888e+01
-4.537525120807104173e+01 -4.535555830628699425e+01 -4.534373526729689274e+01 -4.534033890647609155e+01
0.000000000000000000e+00 0.000000000000000000e+00 0.000000000000000000e+00 0.000000000000000000e+00
-4.363571809160028891e+01 -4.368575886453342605e+01 -4.363723056240609566e+01 -4.369152521915162168e+01
0.000000000000000000e+00 0.000000000000000000e+00 0.000000000000000000e+00 0.000000000000000000e+00
-3.411522062772939989e+01 -3.429094086621814341e+01 -3.424558130971020375e+01 -3.313984070906808199e+01
-3.093265645817200138e+01 -3.088545655510793253e+01 -3.081519334368407215e+01 -6.128512841903058117e+00
-2.177965300549210781e+01 -2.167685148317638522e+01 -2.174093502165251124e+01 -4.001546048000832911e+00
-2.736879687530676009e+00 -2.070733471785823099e+01 -2.029104030916463941e+01 -2.009996362886300147e+01
0.000000000000000000e+00 0.000000000000000000e+00 0.000000000000000000e+00 0.000000000000000000e+00
-3.532667463740883562e+01 -3.524461146354038021e+01 -3.517985048453580532e+01 -3.522406893414174789e+01
-4.582180125669284365e+01 -4.579709997642483188e+01 -4.579155319334674346e+01 -4.585296662292252989e+01
-4.560703247044785513e+01 -4.562095341340321397e+01 -4.563090495326704854e+01 -4.562181074529425473e+01
-4.467950414683628679e+01 -4.472061181383989492e+01 -4.467535937968290938e+01 -4.465800698150329140e+01
0.000000000000000000e+00 0.000000000000000000e+00 0.000000000000000000e+00 0.000000000000000000e+00
-3.455345826334001202e+01 -3.457847310943747487e+01 -3.457906354722955911e+01 -3.453271318460995332e+01
0.000000000000000000e+00 0.000000000000000000e+00 0.000000000000000000e+00 0.000000000000000000e+00
-1.248115436062681560e+01 -1.194060945507840543e+01 -1.226265076941962207e+01 -1.233341256898195937e+01
-1.709523886481109756e+00 -1.306560765172118721e+01 -1.351012632243178757e+01 -1.324403999379155827e+01
0.000000000000000000e+00 0.000000000000000000e+00 0.000000000000000000e+00 0.000000000000000000e+00
-3.556119593817371793e+01 -3.556096322045028302e+01 -3.551670910019917216e+01 -3.553961262301392310e+01
-4.627527243024299963e+01 -4.631008061951457933e+01 -4.626348875157094653e+01 -4.629281224161400843e+01
-4.624462244844272618e+01 -4.620701847900044612e+01 -4.626064855976375156e+01 -4.620171344199851404e+01
0.000000000000000000e+00 0.000000000000000000e+00 0.000000000000000000e+00 0.000000000000000000e+00
0.000000000000000000e+00 0.000000000000000000e+00 0.000000000000000000e+00 0.000000000000000000e+00
-3.468460536182386278e+01 -3.478858295671370371e+01 -3.473399003119371997e+01 -3.472861119099795246e+01
0.000000000000000000e+00 0.000000000000000000e+00 0.000000000000000000e+00 0.000000000000000000e+00
0.000000000000000000e+00 0.000000000000000000e+00 0.000000000000000000e+00 0.000000000000000000e+00
-6.399905421334089795e+00 -6.485428210199802201e+00 -8.277495593008188379e-01 -6.403408747900849463e+00
-6.590608197755847719e+00 -6.589894526530827079e+00 -4.371443354894229749e+00 -6.593834077824314299e+00
0.000000000000000000e+00 0.000000000000000000e+00 0.000000000000000000e+00 0.000000000000000000e+00
-4.652280742412926884e+01 -4.655755784078651516e+01 -4.650207907869094726e+01 -4.653204298285178453e+01
-4.659262634905898892e+01 -4.663044069379785128e+01 -4.658209564193403196e+01 -4.661407461909808347e+01
-4.684879048559785275e+01 -4.682486409371914249e+01 -4.688145633047273719e+01 -4.686749502115841892e+01
0.000000000000000000e+00 0.000000000000000000e+00 0.000000000000000000e+00 0.000000000000000000e+00
0.000000000000000000e+00 0.000000000000000000e+00 0.000000000000000000e+00 0.000000000000000000e+00
-2.340950853883159599e+00 -2.344712561567051878e+00 -2.346938958332170255e+00 -2.347729672801011969e+00
-2.313154903810193730e+00 -2.288527699381578628e+00 -2.300894126862766065e+00 -2.298740001989429960e+00
-4.606352383109650006e+00 -4.660244412838000727e+00 -4.216729327645759362e+00 -4.533009054546566219e+00
0.000000000000000000e+00 0.000000000000000000e+00 0.000000000000000000e+00 0.000000000000000000e+00
-5.248219473109488899e+04 -5.248258837744712946e+04 -5.247996195939083555e+04 -5.248080455060767417e+04
