-1.352708948731902638e+03 -1.351125668373945246e+03 -1.345445264048767513e+03 -1.346199523693921037e+03
0.000000000000000000e+00 0.000000000000000000e+00 0.000000000000000000e+00 0.000000000000000000e+00
-1.353833332796477634e+03 -1.351829439143520631e+03 -1.353369871871490886e+03 -1.348170464671072750e+03
-1.357045690290158745e+03 -1.350632335688580952e+03 -1.352311743766386144e+03 -1.343036582081964525e+03
-1.344362582107316484e+03 -1.312421242729116784e+03 -1.351519171799784999e+03 -1.350232599002532424e+03
-1.341049035256764682e+03 -1.349877977786446991e+03 -1.351193743013240919e+03 -1.350089547840816522e+03
0.000000000000000000e+00 0.000000000000000000e+00 0.000000000000000000e+00 0.000000000000000000e+00
0.000000000000000000e+00 0.000000000000000000e+00 0.000000000000000000e+00 0.000000000000000000e+00
-1.259631473935543681e+03 -1.260681635722135979e+03 -1.257193035080103300e+03 -1.261228505405669239e+03
-1.260764771599173400e+03 -1.258004576617326165e+03 -1.258039806432849673e+03 -1.256599598338247006e+03
0.000000000000000000e+00 0.000000000000000000e+00 0.000000000000000000e+00 0.000000000000000000e+00
0.000000000000000000e+00 0.000000000000000000e+00 0.000000000000000000e+00 0.000000000000000000e+00
0.000000000000000000e+00 0.000000000000000000e+00 0.000000000000000000e+00 0.000000000000000000e+00
0.000000000000000000e+00 0.000000000000000000e+00 0.000000000000000000e+00 0.000000000000000000e+00
-1.298748407465016271e+03 -1.334644960128575349e+03 -1.286016810970234701e+03 -1.297562748246853516e+03
0.000000000000000000e+00 0.000000000000000000e+00 0.000000000000000000e+00 0.000000000000000000e+00
0.000000000000000000e+00 0.000000000000000000e+00 0.000000000000000000e+00 0.000000000000000000e+00
-1.229995159580483460e+03 -1.230484441573962386e+03 -1.228602095979597834e+03 -1.234191279058643886e+03
-1.224439203999595975e+03 -1.227518212419560314e+03 -1.229038257626162704e+03 -1.234350461914149037e+03
-1.233661677051527477e+03 -1.232686209605856448e+03 -1.228649923360744651e+03 -1.228494037242418017e+03
-1.228249057645645280e+03 -1.227645780685795444e+03 -1.231319370206239455e+03 -1.228595312103353990e+03
-1.225214997800381070e+03 -1.227776601143805692e+03 -1.231654772611471344e+03 -1.226713061170852370e+03
-1.223059271376848301e+03 -1.224710941400074034e+03 -1.229970290917201055e+03 -1.224955727839866540e+03
0.000000000000000000e+00 0.000000000000000000e+00 0.000000000000000000e+00 0.000000000000000000e+00
0.000000000000000000e+00 0.000000000000000000e+00 0.000000000000000000e+00 0.000000000000000000e+00
0.000000000000000000e+00 0.000000000000000000e+00 0.000000000000000000e+00 0.000000000000000000e+00
0.000000000000000000e+00 0.000000000000000000e+00 0.000000000000000000e+00 0.000000000000000000e+00
0.000000000000000000e+00 0.000000000000000000e+00 0.000000000000000000e+00 0.000000000000000000e+00
-1.125030609787084813e+03 -1.125358980490291970e+03 -1.144506821630184959e+03 -1.153039526932849185e+03
-1.155473504566975407e+03 -1.153162575155162131e+03 -1.125140646566616851e+03 -1.153717046194827390e+03
-1.359198762254142821e+03 -1.348953405264893718e+03 -1.350200815606847982e+03 -1.351891438248582745e+03
-1.356036963343696243e+03 -1.357495390454339486e+03 -1.359338977636662094e+03 -1.350675273720086807e+03
-1.353601115757179741e+03 -1.349534297983455417e+03 -1.356529239448076396e+03 -1.355522796973846425e+03
-1.350868583859319642e+03 -1.355967595803132554e+03 -1.356477388157793257e+03 -1.351495174121947912e+03
-1.351153602391518916e+03 -1.351136998614882714e+03 -1.349026666276266496e+03 -1.339483646683342613e+03
-1.335559459681602675e+03 -1.338037504446979028e+03 -1.346310322720106115e+03 -1.329464546695545550e+03
-1.327222511171147289e+03 -1.320817054231217298e+03 -1.333548548724105785e+03 -1.318574686627394613e+03
-1.317057156676099112e+03 -1.316319685605688392e+03 -1.322254566216050307e+03 -1.290579981292994717e+03
-1.287235685513523094e+03 -1.260306627763736515e+03 -1.290765173177283941e+03 -1.242445388735662164e+03
-1.261810435614645030e+03 -1.256912700117703253e+03 -1.238708062047571502e+03 -1.263498108258379943e+03
-1.289211106096781123e+03 -1.292651551837589977e+03 -1.258181074600631291e+03 -1.258879038418337359e+03
0.000000000000000000e+00 0.000000000000000000e+00 0.000000000000000000e+00 0.000000000000000000e+00
-1.301881744029944230e+03 -1.299274678415386461e+03 -1.300719033796108306e+03 -1.296321625861175562e+03
-1.301882374717969014e+03 -1.299488203936417221e+03 -1.299803198669191261e+03 -1.294343393546159177e+03
-1.297409176328361809e+03 -1.292357045774026574e+03 -1.299185197186505548e+03 -1.292148330842854648e+03
-1.290712646547869781e+03 -1.290974714037582544e+03 -1.294950068214901876e+03 -1.288378212480759885e+03
-1.273512934242390202e+03 -1.272851848960724055e+03 -1.292025865406528965e+03 -1.283523605669648305e+03
0.000000000000000000e+00 0.000000000000000000e+00 0.000000000000000000e+00 0.000000000000000000e+00
0.000000000000000000e+00 0.000000000000000000e+00 0.000000000000000000e+00 0.000000000000000000e+00
-1.231177971510003772e+03 -1.228816975871228351e+03 -1.225900230377795879e+03 -1.240186164824589923e+03
-1.228184303815343355e+03 -1.229158823925733714e+03 -1.188887488632118675e+03 -1.238588767851907278e+03
-1.225304148642781684e+03 -1.224985456830530893e+03 -1.228637947701220583e+03 -1.233162444667701948e+03
-1.216355388725702142e+03 -1.220973429221347033e+03 -1.223641820286758275e+03 -1.225844459989408733e+03
-1.209905772555646536e+03 -1.206874237734607959e+03 -1.215373735363195010e+03 -1.215844690925811847e+03
-1.203243168431178219e+03 -1.201058375675369689e+03 -1.204139692370302555e+03 -1.183626987835289356e+03
0.000000000000000000e+00 0.000000000000000000e+00 0.000000000000000000e+00 0.000000000000000000e+00
-1.179085166509607006e+03 -1.149386399955012621e+03 -1.175152425045678456e+03 -1.173545874935411803e+03
0.000000000000000000e+00 0.000000000000000000e+00 0.000000000000000000e+00 0.000000000000000000e+00
-1.126311852779621631e+03 -1.148310408171895915e+03 -1.123866647377740037e+03 -1.128316841877172237e+03
-1.156442458866380093e+03 -1.124518384938134659e+03 -1.150862373120225129e+03 -1.154747516065296168e+03
-1.358285557631852271e+03 -1.351195497501416639e+03 -1.351234622008597398e+03 -1.350609166816440393e+03
0.000000000000000000e+00 0.000000000000000000e+00 0.000000000000000000e+00 0.000000000000000000e+00
-1.353877506233249278e+03 -1.355519457951321101e+03 -1.354089750267441786e+03 -1.353376868834370725e+03
-1.353482218879326638e+03 -1.351637046673772602e+03 -1.353878020625053523e+03 -1.350881255068695054e+03
0.000000000000000000e+00 0.000000000000000000e+00 0.000000000000000000e+00 0.000000000000000000e+00
0.000000000000000000e+00 0.000000000000000000e+00 0.000000000000000000e+00 0.000000000000000000e+00
0.000000000000000000e+00 0.000000000000000000e+00 0.000000000000000000e+00 0.000000000000000000e+00
0.000000000000000000e+00 0.000000000000000000e+00 0.000000000000000000e+00 0.000000000000000000e+00
-1.310434642045756846e+03 -1.284523938676880562e+03 -1.307523787229203663e+03 -1.301593192802035219e+03
-1.316506167213705339e+03 -1.257700325767250206e+03 -1.302861734232225444e+03 -1.303014983916619030e+03
-1.300833264238047832e+03 -1.287421408476195211e+03 -1.301102256866803600e+03 -1.293640637205719258e+03
-1.302110242888393259e+03 -1.290599823901580294e+03 -1.296811614461062618e+03 -1.291423198367406030e+03
-1.302964134350369250e+03 -1.297237811912173811e+03 -1.292567425803347305e+03 -1.301320913343463872e+03
-1.305361705448327484e+03 -1.301480122676173551e+03 -1.301365505669431514e+03 -1.304185284152690429e+03
0.000000000000000000e+00 0.000000000000000000e+00 0.000000000000000000e+00 0.000000000000000000e+00
0.000000000000000000e+00 0.000000000000000000e+00 0.000000000000000000e+00 0.000000000000000000e+00
-1.278826158452641494e+03 -1.272246215888924098e+03 -1.275996573066299788e+03 -1.276412162873402167e+03
0.000000000000000000e+00 0.000000000000000000e+00 0.000000000000000000e+00 0.000000000000000000e+00
0.000000000000000000e+00 0.000000000000000000e+00 0.000000000000000000e+00 0.000000000000000000e+00
-1.234823208403180615e+03 -1.273868541925746513e+03 -1.228142003064936944e+03 -1.240460595921847244e+03
-1.240871946919901347e+03 -1.190366769113060627e+03 -1.279259015360618378e+03 -1.228004840318169045e+03
0.000000000000000000e+00 0.000000000000000000e+00 0.000000000000000000e+00 0.000000000000000000e+00
0.000000000000000000e+00 0.000000000000000000e+00 0.000000000000000000e+00 0.000000000000000000e+00
0.000000000000000000e+00 0.000000000000000000e+00 0.000000000000000000e+00 0.000000000000000000e+00
-1.205477747650405490e+03 -1.186790391220526999e+03 -1.194672249584780047e+03 -1.192097230690991410e+03
-1.200382568661300866e+03 -1.189573510709874654e+03 -1.205332739044985829e+03 -1.177994155138565020e+03
-1.174432569035413962e+03 -1.167627464921667979e+03 -1.198176448761164011e+03 -1.171380812756948217e+03
0.000000000000000000e+00 0.000000000000000000e+00 0.000000000000000000e+00 0.000000000000000000e+00
-1.157821595016308720e+03 -1.128240292932260218e+03 -1.153775891967223743e+03 -1.157341059273488099e+03
-1.154247573574388298e+03 -1.149397521916560436e+03 -1.158167149318945803e+03 -1.155433203920792948e+03
-1.357372739282392558e+03 -1.350716986284047152e+03 -1.349512552887516676e+03 -1.350102336997508246e+03
-1.348250160284764661e+03 -1.348370219196914150e+03 -1.350396896620511598e+03 -1.360016114406424094e+03
-1.346927104983159552e+03 -1.353922510903438479e+03 -1.348230428170162440e+03 -1.356429226564328474e+03
-1.355616015746446010e+03 -1.353711627307340677e+03 -1.347771878597706063e+03 -1.346074808277900047e+03
0.000000000000000000e+00 0.000000000000000000e+00 0.000000000000000000e+00 0.000000000000000000e+00
-1.332968616390413672e+03 -1.332926072770833343e+03 -1.332484839630559463e+03 -1.326669885859462738e+03
-1.326874811792487208e+03 -1.326218928558897915e+03 -1.330031711903056703e+03 -1.329392468330152496e+03
-1.328313425293250930e+03 -1.325016787714643442e+03 -1.327234642767749619e+03 -1.316361213802776547e+03
-1.320697639458412368e+03 -1.304573485805958853e+03 -1.321549328893369875e+03 -1.315615560928450577e+03
-1.314197078443912005e+03 -1.313448790994258843e+03 -1.318817242297360281e+03 -1.310405801664909177e+03
-1.306127367584191916e+03 -1.296919969237308123e+03 -1.313572823584347361e+03 -1.298919472997788489e+03
-1.254840161852364190e+03 -1.301230586353920444e+03 -1.297868168687263733e+03 -1.302583122770495265e+03
-1.295252721296027630e+03 -1.299275871955196862e+03 -1.297627250233806535e+03 -1.301872578573255851e+03
-1.304904397932824168e+03 -1.303112079429440428e+03 -1.295036795468205582e+03 -1.296642884550014514e+03
-1.294275543194003149e+03 -1.289750229736582469e+03 -1.300030666013227801e+03 -1.259848513186443370e+03
-1.284832066469842175e+03 -1.285051123666553622e+03 -1.254410477075459539e+03 -1.287585570045329177e+03
-1.284563154221629702e+03 -1.274441608670383175e+03 -1.281118533679991060e+03 -1.282102203615088456e+03
0.000000000000000000e+00 0.000000000000000000e+00 0.000000000000000000e+00 0.000000000000000000e+00
-1.261898259359594931e+03 -1.222303447697648380e+03 -1.226656348443546221e+03 -1.227022815320219252e+03
-1.224875563305874493e+03 -1.240905012000666829e+03 -1.222883408950471903e+03 -1.223168253202388769e+03
0.000000000000000000e+00 0.000000000000000000e+00 0.000000000000000000e+00 0.000000000000000000e+00
0.000000000000000000e+00 0.000000000000000000e+00 0.000000000000000000e+00 0.000000000000000000e+00
-1.180093170026046209e+03 -1.179567990009683854e+03 -1.177894344937457618e+03 -1.172902442548231193e+03
0.000000000000000000e+00 0.000000000000000000e+00 0.000000000000000000e+00 0.000000000000000000e+00
-1.216812364183585260e+03 -1.181093554169365007e+03 -1.200118498264648224e+03 -1.196342255221114101e+03
-1.160382194296680382e+03 -1.197804312195329658e+03 -1.189059343982965629e+03 -1.193563962112748413e+03
-1.168647141943058386e+03 -1.194989554285087706e+03 -1.170987221290760317e+03 -1.155475185189433887e+03
-1.151986642413156687e+03 -1.153263651905650931e+03 -1.166018632039479144e+03 -1.161978380437601800e+03
-1.150576871380941839e+03 -1.154678044557532985e+03 -1.163596420586061413e+03 -1.155354356566341494e+03
-1.153658879039201565e+03 -1.151151566552874556e+03 -1.152212969128688428e+03 -1.148755076964196178e+03
-1.327032328487317727e+03 -1.349694470122456778e+03 -1.344873356016070829e+03 -1.355551508514146008e+03
-1.351682577261276947e+03 -1.360924414521137123e+03 -1.343935512183495348e+03 -1.344465928738802631e+03
-1.154367420030091125e+03 -1.343567417887071315e+03 -1.345663973153642019e+03 -1.347499300912962099e+03
-1.340425527863030538e+03 -1.346612114113602047e+03 -1.340236058032624442e+03 -1.353792490650103900e+03
-1.337184614773450903e+03 -1.336724501886945063e+03 -1.339784540943397587e+03 -1.350950771818813791e+03
-1.347928891546600425e+03 -1.329011458162189911e+03 -1.336581603436232854e+03 -1.331430591574447362e+03
-1.330978090537614662e+03 -1.329525763499373625e+03 -1.334822350339212562e+03 -1.325688434853470881e+03
-1.327503991923987769e+03 -1.322736346693460064e+03 -1.330468501498128262e+03 -1.325688237561111464e+03
-1.322255925889775881e+03 -1.321086775530319073e+03 -1.328349109157800740e+03 -1.321649683114531399e+03
0.000000000000000000e+00 0.000000000000000000e+00 0.000000000000000000e+00 0.000000000000000000e+00
-1.314157692081206278e+03 -1.314268962499621693e+03 -1.294238547713700427e+03 -1.304117104688986728e+03
0.000000000000000000e+00 0.000000000000000000e+00 0.000000000000000000e+00 0.000000000000000000e+00
0.000000000000000000e+00 0.000000000000000000e+00 0.000000000000000000e+00 0.000000000000000000e+00
-1.334972192742978450e+03 -1.298124432251325743e+03 -1.306323530617065217e+03 -1.302736732778744454e+03
0.000000000000000000e+00 0.000000000000000000e+00 0.000000000000000000e+00 0.000000000000000000e+00
0.000000000000000000e+00 0.000000000000000000e+00 0.000000000000000000e+00 0.000000000000000000e+00
-1.284067800974265992e+03 -1.275713573631585859e+03 -1.268946426839259630e+03 -1.301112487057335784e+03
-1.257528592081179795e+03 -1.257695951742519128e+03 -1.267906876526153383e+03 -1.281217693547984254e+03
-1.272032425422531333e+03 -1.263026190670336973e+03 -1.247307287827371056e+03 -1.264088644692402340e+03
-1.227429437648978364e+03 -1.225095913817735664e+03 -1.265748721750748928e+03 -1.263666513469166148e+03
0.000000000000000000e+00 0.000000000000000000e+00 0.000000000000000000e+00 0.000000000000000000e+00
-1.185632664515663919e+03 -1.183928137946589231e+03 -1.183266143804746889e+03 -1.217656060907133224e+03
-1.178714045655857262e+03 -1.175136784027035674e+03 -1.180508438320107871e+03 -1.196107286564962351e+03
-1.181774539856688762e+03 -1.176848669445094401e+03 -1.160783303828652379e+03 -1.197429519337179954e+03
-1.195924424042439114e+03 -1.194863698826604832e+03 -1.186929210390510661e+03 -1.210160959933862841e+03
-1.192910288994156190e+03 -1.170002189032761635e+03 -1.181280302703807138e+03 -1.170966190941848254e+03
-1.153781653331018106e+03 -1.157154312626777482e+03 -1.176349564350382025e+03 -1.160454797779501860e+03
-1.153669243972872437e+03 -1.158282494911432877e+03 -1.153426870469836331e+03 -1.148022683846241307e+03
-1.146645901883477563e+03 -1.154799601228649863e+03 -1.155402132078586646e+03 -1.144638877631870173e+03
-1.153188904371344279e+03 -1.147963919217884722e+03 -1.156679425263248959e+03 -1.156475518955561256e+03
0.000000000000000000e+00 0.000000000000000000e+00 0.000000000000000000e+00 0.000000000000000000e+00
0.000000000000000000e+00 0.000000000000000000e+00 0.000000000000000000e+00 0.000000000000000000e+00
-9.347049471993953773e+01 -1.329571285747611000e+03 -8.383297845699572690e+02 -1.194044175247535122e+03
0.000000000000000000e+00 0.000000000000000000e+00 0.000000000000000000e+00 0.000000000000000000e+00
0.000000000000000000e+00 0.000000000000000000e+00 0.000000000000000000e+00 0.000000000000000000e+00
-1.344531328347650287e+03 -1.330603647836910341e+03 -1.330727610333280836e+03 -1.325598005914394662e+03
0.000000000000000000e+00 0.000000000000000000e+00 0.000000000000000000e+00 0.000000000000000000e+00
0.000000000000000000e+00 0.000000000000000000e+00 0.000000000000000000e+00 0.000000000000000000e+00
0.000000000000000000e+00 0.000000000000000000e+00 0.000000000000000000e+00 0.000000000000000000e+00
0.000000000000000000e+00 0.000000000000000000e+00 0.000000000000000000e+00 0.000000000000000000e+00
0.000000000000000000e+00 0.000000000000000000e+00 0.000000000000000000e+00 0.000000000000000000e+00
-1.329985940366198292e+03 -1.325786784579622008e+03 -1.327376039704692857e+03 -1.325284452609001619e+03
-1.331744565581557936e+03 -1.324827063220572199e+03 -1.326016610539027170e+03 -1.329352425426794980e+03
-1.336036309537425723e+03 -1.323588231062081604e+03 -1.330884659290128411e+03 -1.300074049285843557e+03
-1.299674594597599253e+03 -1.298434421512935387e+03 -1.299482918758887763e+03 -1.328222097127298184e+03
-1.291499805959046853e+03 -1.290858159029493436e+03 -1.296413163999329299e+03 -1.322963174442699255e+03
-1.283649426840458091e+03 -1.314803929807081431e+03 -1.290510283939954206e+03 -1.288630630205306943e+03
0.000000000000000000e+00 0.000000000000000000e+00 0.000000000000000000e+00 0.000000000000000000e+00
-1.232387637696929005e+03 -1.238662637152576963e+03 -1.230913881622708232e+03 -1.261867085859937333e+03
-1.217909773901023300e+03 -1.223578852234469196e+03 -1.228101044695036308e+03 -1.245136038153899108e+03
-1.194894122046329358e+03 -1.197348727919550583e+03 -1.205417097366639609e+03 -1.233511015381477591e+03
-1.185657760885643484e+03 -1.227162727172710902e+03 -1.195014546314220297e+03 -1.192362240896037520e+03
0.000000000000000000e+00 0.000000000000000000e+00 0.000000000000000000e+00 0.000000000000000000e+00
-1.176538123793387513e+03 -1.152608319862355529e+03 -1.147913356204491492e+03 -1.146182631431534901e+03
0.000000000000000000e+00 0.000000000000000000e+00 0.000000000000000000e+00 0.000000000000000000e+00
-1.190288457835864392e+03 -1.168684715008719650e+03 -1.164848490665569898e+03 -1.139713405337535278e+03
0.000000000000000000e+00 0.000000000000000000e+00 0.000000000000000000e+00 0.000000000000000000e+00
-1.139640810773054454e+03 -1.149505683846053671e+03 -1.138425123964006389e+03 -1.141980501347115023e+03
-1.185788563746074033e+03 -1.151369088004249988e+03 -1.140635336920523969e+03 -1.152990634698255917e+03
-1.154473761730158685e+03 -1.157079799719329912e+03 -1.152370817317250612e+03 -1.155850068295287429e+03
0.000000000000000000e+00 0.000000000000000000e+00 0.000000000000000000e+00 0.000000000000000000e+00
0.000000000000000000e+00 0.000000000000000000e+00 0.000000000000000000e+00 0.000000000000000000e+00
-9.388872500434585788e+01 -9.672972961552337665e+02 -9.595500014403961586e+02 -1.101013320247985348e+03
0.000000000000000000e+00 0.000000000000000000e+00 0.000000000000000000e+00 0.000000000000000000e+00
0.000000000000000000e+00 0.000000000000000000e+00 0.000000000000000000e+00 0.000000000000000000e+00
-1.324492919444443942e+03 -1.327583162790040660e+03 -1.330082100827737122e+03 -1.343328050653031369e+03
-1.322133036683224418e+03 -1.312413173500170842e+03 -1.324750621108285941e+03 -1.339171113116773995e+03
-1.323146115463879141e+03 -1.316528989658502951e+03 -1.319387045532045249e+03 -1.337112101098340645e+03
-1.317109224386499136e+03 -1.314130957881462336e+03 -1.317540559433765338e+03 -1.333367584777396360e+03
-1.298568907382076304e+03 -1.297567967934679928e+03 -1.313771236732064608e+03 -1.328021267222145070e+03
-1.313651055550414412e+03 -1.313959442404574474e+03 -1.303552414273397062e+03 -1.328519122191110682e+03
-1.298324073379376841e+03 -1.326168743808688760e+03 -1.304630448304576930e+03 -1.329829200980534779e+03
-1.325502711555357109e+03 -1.329955943036110284e+03 -1.302164834773953089e+03 -1.332008912436861920e+03
-1.301286535112553793e+03 -1.332427843110847562e+03 -1.303497302644126421e+03 -1.334771427858552670e+03
-1.300036440862241079e+03 -1.332084146437383424e+03 -1.302489189249279207e+03 -1.301170755347162640e+03
0.000000000000000000e+00 0.000000000000000000e+00 0.000000000000000000e+00 0.000000000000000000e+00
0.000000000000000000e+00 0.000000000000000000e+00 0.000000000000000000e+00 0.000000000000000000e+00
-1.118118130312748463e+03 -1.111191978681996034e+03 -1.111622649775276614e+03 -1.112053320868556057e+03
0.000000000000000000e+00 0.000000000000000000e+00 0.000000000000000000e+00 0.000000000000000000e+00
0.000000000000000000e+00 0.000000000000000000e+00 0.000000000000000000e+00 0.000000000000000000e+00
-1.171799838176390949e+03 -1.190399980123303749e+03 -1.187135945993943551e+03 -1.188114017237980079e+03
-1.174643398530807644e+03 -1.190922311513812019e+03 -1.185432159491438824e+03 -1.183341087156066578e+03
0.000000000000000000e+00 0.000000000000000000e+00 0.000000000000000000e+00 0.000000000000000000e+00
-1.168805839125281182e+03 -1.145930572493140971e+03 -1.142367307222743420e+03 -1.140049055002627711e+03
0.000000000000000000e+00 0.000000000000000000e+00 0.000000000000000000e+00 0.000000000000000000e+00
-1.186962530038690147e+03 -1.165482557742257541e+03 -1.162507677679169774e+03 -1.162938348772449672e+03
0.000000000000000000e+00 0.000000000000000000e+00 0.000000000000000000e+00 0.000000000000000000e+00
-1.107283377804265001e+03 -1.139512445938796191e+03 -1.108372987566020811e+03 -1.109654245817684341e+03
0.000000000000000000e+00 0.000000000000000000e+00 0.000000000000000000e+00 0.000000000000000000e+00
0.000000000000000000e+00 0.000000000000000000e+00 0.000000000000000000e+00 0.000000000000000000e+00
0.000000000000000000e+00 0.000000000000000000e+00 0.000000000000000000e+00 0.000000000000000000e+00
-1.322305910851154522e+03 -1.316258092348276932e+03 -1.328276237782577482e+03 -9.990855492845829531e+02
-9.417656854838475056e+01 -8.857529548822067227e+02 -1.292309098270475261e+03 -1.317724126428423006e+03
-1.322203288743540043e+03 -1.321714609721775560e+03 -1.322138733170511841e+03 -1.321649184066122189e+03
0.000000000000000000e+00 0.000000000000000000e+00 0.000000000000000000e+00 0.000000000000000000e+00
-1.324462115484864626e+03 -1.327235268132864803e+03 -1.326072003908954230e+03 -1.325788108674126988e+03
0.000000000000000000e+00 0.000000000000000000e+00 0.000000000000000000e+00 0.000000000000000000e+00
-1.276091591916692778e+03 -1.325499686465455397e+03 -1.323315991838513128e+03 -1.323849708289612408e+03
0.000000000000000000e+00 0.000000000000000000e+00 0.000000000000000000e+00 0.000000000000000000e+00
-1.289170662706788107e+03 -1.309867925262159133e+03 -1.300761133640951357e+03 -1.301144047604853995e+03
0.000000000000000000e+00 0.000000000000000000e+00 0.000000000000000000e+00 0.000000000000000000e+00
0.000000000000000000e+00 0.000000000000000000e+00 0.000000000000000000e+00 0.000000000000000000e+00
-1.330881054030088762e+03 -1.331525418613186048e+03 -1.318717349506326173e+03 -1.330256035733571935e+03
-1.286520086334535563e+03 -1.303459459387363040e+03 -1.331094590141394974e+03 -1.287119060008292308e+03
0.000000000000000000e+00 0.000000000000000000e+00 0.000000000000000000e+00 0.000000000000000000e+00
-1.154531966480763003e+03 -1.156053064393554678e+03 -1.156621077120882319e+03 -1.157222223337061905e+03
-1.150757514297835996e+03 -1.149800124414212860e+03 -1.154298617425866723e+03 -1.154344758357565979e+03
-1.150045334040117496e+03 -1.111032676889677987e+03 -1.149427829979792023e+03 -1.154771256666328554e+03
-1.145410669677488386e+03 -1.179754125999791995e+03 -1.143258536160866925e+03 -1.178173709763828583e+03
-1.140924366580185051e+03 -1.139425946570294627e+03 -1.179776581489884393e+03 -1.142510747389934977e+03
-1.144276239641415032e+03 -1.166524772279379249e+03 -1.142954523720590714e+03 -1.171106238780179638e+03
-1.154427116276071501e+03 -1.180964513063617233e+03 -1.160281532865022655e+03 -1.161634332097736660e+03
0.000000000000000000e+00 0.000000000000000000e+00 0.000000000000000000e+00 0.000000000000000000e+00
-1.177073932945393835e+03 -1.138162154065762024e+03 -1.131086961738113132e+03 -1.159426160904927883e+03
-1.134060714878918134e+03 -1.179214790020083001e+03 -1.180115572037695529e+03 -1.154964085165542429e+03
-1.151563859874732088e+03 -1.162139497616437893e+03 -1.184399173390951546e+03 -1.159823198913061333e+03
0.000000000000000000e+00 0.000000000000000000e+00 0.000000000000000000e+00 0.000000000000000000e+00
-1.071140127430494886e+03 -1.104890459210702147e+03 -1.069866891680733033e+03 -1.065324331622508907e+03
-1.066278325447798352e+03 -1.063893936349373462e+03 -1.069347795790806231e+03 -1.068057237223675656e+03
0.000000000000000000e+00 0.000000000000000000e+00 0.000000000000000000e+00 0.000000000000000000e+00
0.000000000000000000e+00 0.000000000000000000e+00 0.000000000000000000e+00 0.000000000000000000e+00
0.000000000000000000e+00 0.000000000000000000e+00 0.000000000000000000e+00 0.000000000000000000e+00
-9.437004842814650374e+01 -9.007496074128331429e+02 -1.046364279221326115e+03 -1.104536664859315124e+03
0.000000000000000000e+00 0.000000000000000000e+00 0.000000000000000000e+00 0.000000000000000000e+00
0.000000000000000000e+00 0.000000000000000000e+00 0.000000000000000000e+00 0.000000000000000000e+00
0.000000000000000000e+00 0.000000000000000000e+00 0.000000000000000000e+00 0.000000000000000000e+00
0.000000000000000000e+00 0.000000000000000000e+00 0.000000000000000000e+00 0.000000000000000000e+00
0.000000000000000000e+00 0.000000000000000000e+00 0.000000000000000000e+00 0.000000000000000000e+00
-1.274789749288165922e+03 -1.284882723497265260e+03 -1.268418910622455087e+03 -1.294125588432875929e+03
-1.276823623202494218e+03 -1.297746500025972182e+03 -1.285055861579040538e+03 -1.292673652481969839e+03
0.000000000000000000e+00 0.000000000000000000e+00 0.000000000000000000e+00 0.000000000000000000e+00
0.000000000000000000e+00 0.000000000000000000e+00 0.000000000000000000e+00 0.000000000000000000e+00
0.000000000000000000e+00 0.000000000000000000e+00 0.000000000000000000e+00 0.000000000000000000e+00
0.000000000000000000e+00 0.000000000000000000e+00 0.000000000000000000e+00 0.000000000000000000e+00
0.000000000000000000e+00 0.000000000000000000e+00 0.000000000000000000e+00 0.000000000000000000e+00
0.000000000000000000e+00 0.000000000000000000e+00 0.000000000000000000e+00 0.000000000000000000e+00
0.000000000000000000e+00 0.000000000000000000e+00 0.000000000000000000e+00 0.000000000000000000e+00
0.000000000000000000e+00 0.000000000000000000e+00 0.000000000000000000e+00 0.000000000000000000e+00
-1.100005707381221328e+03 -1.141324450721624771e+03 -1.136272146950579554e+03 -1.136637262966630715e+03
0.000000000000000000e+00 0.000000000000000000e+00 0.000000000000000000e+00 0.000000000000000000e+00
0.000000000000000000e+00 0.000000000000000000e+00 0.000000000000000000e+00 0.000000000000000000e+00
-1.141058726099017804e+03 -1.155193387841956110e+03 -1.149101132836623719e+03 -1.146682823976639611e+03
0.000000000000000000e+00 0.000000000000000000e+00 0.000000000000000000e+00 0.000000000000000000e+00
-1.165786812215824511e+03 -1.130352949695926782e+03 -1.123735532321898745e+03 -1.119340387349700904e+03
-1.097017252405870295e+03 -1.129724140712671442e+03 -1.116664459811887127e+03 -1.112296301625478463e+03
0.000000000000000000e+00 0.000000000000000000e+00 0.000000000000000000e+00 0.000000000000000000e+00
0.000000000000000000e+00 0.000000000000000000e+00 0.000000000000000000e+00 0.000000000000000000e+00
-1.018070359532719067e+03 -1.060489562028701357e+03 -1.009033414351476154e+03 -1.009325217036563004e+03
0.000000000000000000e+00 0.000000000000000000e+00 0.000000000000000000e+00 0.000000000000000000e+00
0.000000000000000000e+00 0.000000000000000000e+00 0.000000000000000000e+00 0.000000000000000000e+00
0.000000000000000000e+00 0.000000000000000000e+00 0.000000000000000000e+00 0.000000000000000000e+00
0.000000000000000000e+00 0.000000000000000000e+00 0.000000000000000000e+00 0.000000000000000000e+00
-9.447917074937433313e+01 -1.262856931872597215e+03 -1.019767159019838800e+03 -1.233852572917579209e+03
-7.956625387904338140e+02 -1.302628313856526347e+03 -1.302563669141537730e+03 -1.302165157687050851e+03
0.000000000000000000e+00 0.000000000000000000e+00 0.000000000000000000e+00 0.000000000000000000e+00
-1.263062521235046688e+03 -1.288588004070299121e+03 -1.289545214408228276e+03 -1.289370253713145758e+03
0.000000000000000000e+00 0.000000000000000000e+00 0.000000000000000000e+00 0.000000000000000000e+00
0.000000000000000000e+00 0.000000000000000000e+00 0.000000000000000000e+00 0.000000000000000000e+00
0.000000000000000000e+00 0.000000000000000000e+00 0.000000000000000000e+00 0.000000000000000000e+00
-1.258846691328509451e+03 -1.284165764724244127e+03 -1.272236395656390869e+03 -1.278369570030379464e+03
0.000000000000000000e+00 0.000000000000000000e+00 0.000000000000000000e+00 0.000000000000000000e+00
-1.184776250291059796e+03 -1.179516063926781044e+03 -1.178752788616656062e+03 -1.145914744654164906e+03
0.000000000000000000e+00 0.000000000000000000e+00 0.000000000000000000e+00 0.000000000000000000e+00
0.000000000000000000e+00 0.000000000000000000e+00 0.000000000000000000e+00 0.000000000000000000e+00
0.000000000000000000e+00 0.000000000000000000e+00 0.000000000000000000e+00 0.000000000000000000e+00
0.000000000000000000e+00 0.000000000000000000e+00 0.000000000000000000e+00 0.000000000000000000e+00
0.000000000000000000e+00 0.000000000000000000e+00 0.000000000000000000e+00 0.000000000000000000e+00
-1.120964218585869276e+03 -1.121356516478511594e+03 -1.121748814371153230e+03 -1.124560255195877971e+03
-1.115507407471895249e+03 -1.091422820358381614e+03 -1.120865696674163701e+03 -1.121836453303017379e+03
-1.117466337180779192e+03 -1.078191159807162194e+03 -1.113169356277101997e+03 -1.119816184179089760e+03
-1.113148362669194739e+03 -1.113504280535710222e+03 -1.112751509777471028e+03 -1.137319761574927497e+03
-1.133587987529428574e+03 -1.140698208285273722e+03 -1.128404237826608778e+03 -1.136630313201951367e+03
0.000000000000000000e+00 0.000000000000000000e+00 0.000000000000000000e+00 0.000000000000000000e+00
-1.110561372484888807e+03 -1.120360617135158463e+03 -1.116300937561548380e+03 -1.153118659664893585e+03
-1.084272061244919541e+03 -1.087872268245889018e+03 -1.104829400502880162e+03 -1.131150976815319382e+03
-1.069568909892516331e+03 -1.075731441524485263e+03 -1.083394826471663919e+03 -1.113872614037094536e+03
-1.079272803132882927e+03 -1.053216536667338687e+03 -1.064565699390812142e+03 -1.033034547901054339e+03
-1.028273211428873765e+03 -9.970942424652816953e+02 -1.034414107185757302e+03 -9.976979958649631044e+02
-9.908101815455788710e+02 -9.802029569256864079e+02 -9.859587671916813179e+02 -9.903326987358851738e+02
0.000000000000000000e+00 0.000000000000000000e+00 0.000000000000000000e+00 0.000000000000000000e+00
0.000000000000000000e+00 0.000000000000000000e+00 0.000000000000000000e+00 0.000000000000000000e+00
-1.286106805961047712e+03 -1.293742610435145480e+03 -1.296798650463889317e+03 -1.300339347869711219e+03
-1.044082803036311589e+03 -1.138242381051675466e+03 -1.292960464427612123e+03 -9.451022193994441523e+01
-1.048561064883979725e+03 -1.247770120694575098e+03 -1.298631175678474165e+03 -9.446678282469338228e+01
-1.291427963743461987e+03 -1.082146431212768903e+03 -1.157927322181549926e+03 -9.435062794352596427e+01
-1.287158913692697752e+03 -1.286052087278472754e+03 -1.167899098250838506e+03 -9.416330102098426380e+01
-1.034319451277470989e+03 -1.281758636389587082e+03 -1.057463287864277845e+03 -9.390772997648132048e+01
-1.265581122477718282e+03 -1.264356016961704427e+03 -1.108333603631924689e+03 -9.358903324226872655e+01
-9.321403116102011666e+01 -1.019275917592266978e+03 -1.144344692192665889e+03 -1.261280019797361774e+03
-1.246439447675307065e+03 -1.265358263333249852e+03 -1.256200288624123459e+03 -1.230766295906092864e+03
-1.230120629893415298e+03 -1.210705628828720137e+03 -1.236311729309069506e+03 -1.199134019093166899e+03
-1.176035020924910896e+03 -1.175325887215829880e+03 -1.201999845259826770e+03 -1.165025699684527581e+03
-1.156611377629021263e+03 -1.148009937179001781e+03 -1.164884340976921521e+03 -1.158471958161599559e+03
-1.150498017579944872e+03 -1.150283046306224605e+03 -1.155432060858129717e+03 -1.149522888590284992e+03
-1.139306068426996035e+03 -1.140733105573603098e+03 -1.157692214166854910e+03 -1.143137691067139031e+03
-1.136810804269178561e+03 -1.105125891762302217e+03 -1.135043797321566444e+03 -1.136435329304522611e+03
-1.127192306732974885e+03 -1.132020981580852549e+03 -1.137310199797922451e+03 -1.134709184589130018e+03
0.000000000000000000e+00 0.000000000000000000e+00 0.000000000000000000e+00 0.000000000000000000e+00
-1.110929608794742308e+03 -1.115523394101293889e+03 -1.109060867173921906e+03 -1.109621922043691711e+03
0.000000000000000000e+00 0.000000000000000000e+00 0.000000000000000000e+00 0.000000000000000000e+00
-1.105943959647247311e+03 -1.116282195947891978e+03 -1.109954160490290406e+03 -1.103271111158786198e+03
-1.098221557503185068e+03 -1.128688461891739962e+03 -1.106682853209105588e+03 -1.119701848548658290e+03
-1.097780674292592721e+03 -1.099175666690425714e+03 -1.123209314628476022e+03 -1.102743642188352851e+03
0.000000000000000000e+00 0.000000000000000000e+00 0.000000000000000000e+00 0.000000000000000000e+00
-1.047697861267011376e+03 -1.082561509869575730e+03 -1.076641758815901312e+03 -1.072706291886143617e+03
0.000000000000000000e+00 0.000000000000000000e+00 0.000000000000000000e+00 0.000000000000000000e+00
-1.074929509971575499e+03 -1.028594853954966311e+03 -1.050584417439850540e+03 -1.049161929433205160e+03
-1.038587884129299027e+03 -1.025121628827970653e+03 -1.042490464754611367e+03 -9.946017215619514218e+02
-9.868970831669132622e+02 -9.749997224444132371e+02 -9.798392608647421866e+02 -9.853470992305669824e+02
-9.850431145550344354e+02 -9.875066281487953574e+02 -9.900173055829504847e+02 -9.880721614838657842e+02
0.000000000000000000e+00 0.000000000000000000e+00 0.000000000000000000e+00 0.000000000000000000e+00
-1.268050400704703634e+03 -1.297973547925152843e+03 -1.291550977575649995e+03 -1.293064315127219743e+03
0.000000000000000000e+00 0.000000000000000000e+00 0.000000000000000000e+00 0.000000000000000000e+00
0.000000000000000000e+00 0.000000000000000000e+00 0.000000000000000000e+00 0.000000000000000000e+00
-1.295111878928199758e+03 -1.181408553042724861e+03 -1.293698795737812816e+03 -1.295175310835234541e+03
0.000000000000000000e+00 0.000000000000000000e+00 0.000000000000000000e+00 0.000000000000000000e+00
0.000000000000000000e+00 0.000000000000000000e+00 0.000000000000000000e+00 0.000000000000000000e+00
-1.249049448195230980e+03 -1.260054371179676536e+03 -1.223825462121159944e+03 -1.238652721295262154e+03
-9.278983402609806319e+01 -1.113773007317966176e+03 -1.248102563966911021e+03 -1.247231768268683027e+03
-1.241753331276351901e+03 -1.252204267520096437e+03 -1.242386512983598550e+03 -1.248294580510405922e+03
0.000000000000000000e+00 0.000000000000000000e+00 0.000000000000000000e+00 0.000000000000000000e+00
-1.156240696838826352e+03 -1.165890603437874461e+03 -1.160357568195387557e+03 -1.168179943968207454e+03
-1.156135332962654047e+03 -1.157570388107505551e+03 -1.156239757354189351e+03 -1.160272798713640896e+03
-1.154287485936073608e+03 -1.150037539786806974e+03 -1.151309102341582729e+03 -1.150414332817785407e+03
-1.140382124544758199e+03 -1.152502888785102641e+03 -1.136639142102705819e+03 -1.128626136428104019e+03
-1.093806446662727922e+03 -1.124826495940786572e+03 -1.128478245204553787e+03 -1.118090937687883070e+03
-1.115746230960373850e+03 -1.122735606863190924e+03 -1.103660339551915513e+03 -1.115313675344009425e+03
-1.099079671568878666e+03 -1.102430484537543180e+03 -1.097803213149930798e+03 -1.109050628483728815e+03
-1.100586164639176559e+03 -1.108471698102452820e+03 -1.100021323205423641e+03 -1.102277351526900020e+03
-1.095698787125928220e+03 -1.101103500391469197e+03 -1.104254779717369956e+03 -1.070403727864143548e+03
-1.073955430809625796e+03 -1.104735012925232013e+03 -1.072760540466533712e+03 -1.072571014598185911e+03
-1.093668227620484458e+03 -1.098801858375067013e+03 -1.067289007130721529e+03 -1.067116677253521630e+03
-1.094631755036666846e+03 -1.097374310577671849e+03 -1.064673070454317212e+03 -1.062897791210644300e+03
-1.048758456307093411e+03 -1.040652441414186569e+03 -1.056462296282259331e+03 -1.043188809756168894e+03
-9.952267554371454708e+02 -1.037208449734484702e+03 -1.040619947014772379e+03 -1.000967958394547395e+03
-1.033591193584229131e+03 -9.865884511040012512e+02 -9.906844984116207797e+02 -9.893053659195322780e+02
-1.030916211360741727e+03 -1.029782959891251494e+03 -1.042728353463264284e+03 -1.026629294294121337e+03
0.000000000000000000e+00 0.000000000000000000e+00 0.000000000000000000e+00 0.000000000000000000e+00
-9.621331767245327455e+02 -9.645043427858983023e+02 -9.535641540303811325e+02 -9.540235044119635859e+02
0.000000000000000000e+00 0.000000000000000000e+00 0.000000000000000000e+00 0.000000000000000000e+00
-1.251744573544189279e+03 -1.251538548500401475e+03 -1.251313857987776828e+03 -1.251886846479500946e+03
-1.247619691753676307e+03 -1.292431036209259219e+03 -1.247348934251819173e+03 -1.247953494623878896e+03
-1.249128655683508896e+03 -1.249101103623354902e+03 -1.250080809096210260e+03 -1.249529546248490988e+03
0.000000000000000000e+00 0.000000000000000000e+00 0.000000000000000000e+00 0.000000000000000000e+00
-1.297103044502612192e+03 -1.297185257903732918e+03 -1.297021185863021401e+03 -1.297394477129666484e+03
0.000000000000000000e+00 0.000000000000000000e+00 0.000000000000000000e+00 0.000000000000000000e+00
0.000000000000000000e+00 0.000000000000000000e+00 0.000000000000000000e+00 0.000000000000000000e+00
-1.242986865701783245e+03 -1.256135766754603992e+03 -1.251759069419415255e+03 -1.025792991855129230e+03
-9.232227586486305881e+01 -9.465940791234602329e+02 -1.220849195118392799e+03 -1.219459492683782855e+03
-1.169749563234350262e+03 -1.244455181188810457e+03 -8.837485272154774520e+02 -1.148121370770651993e+03
0.000000000000000000e+00 0.000000000000000000e+00 0.000000000000000000e+00 0.000000000000000000e+00
-1.160506836479938784e+03 -1.161547949690935184e+03 -1.151108299271062151e+03 -1.160257973043005904e+03
0.000000000000000000e+00 0.000000000000000000e+00 0.000000000000000000e+00 0.000000000000000000e+00
-1.153286900183841681e+03 -1.158325735424149570e+03 -1.158271322295387336e+03 -1.155545705270403687e+03
0.000000000000000000e+00 0.000000000000000000e+00 0.000000000000000000e+00 0.000000000000000000e+00
-1.092995774203273641e+03 -1.092751373632019522e+03 -1.093268478431738004e+03 -1.093400722072815142e+03
0.000000000000000000e+00 0.000000000000000000e+00 0.000000000000000000e+00 0.000000000000000000e+00
-1.084097044071343589e+03 -1.096699701394416252e+03 -1.054233946840773797e+03 -1.096409878899728938e+03
-1.100551896261278898e+03 -1.097203106442389753e+03 -1.095105898391910159e+03 -1.101067825155050969e+03
-1.083123090281251734e+03 -1.094219346026275389e+03 -1.090648225769318742e+03 -1.088139238442805890e+03
0.000000000000000000e+00 0.000000000000000000e+00 0.000000000000000000e+00 0.000000000000000000e+00
-1.081544920225677060e+03 -1.094303773555277985e+03 -1.087036609804464206e+03 -1.086195089091986347e+03
0.000000000000000000e+00 0.000000000000000000e+00 0.000000000000000000e+00 0.000000000000000000e+00
-1.003257478710459282e+03 -1.043866539103134983e+03 -1.003943938218130029e+03 -1.041660837151468741e+03
0.000000000000000000e+00 0.000000000000000000e+00 0.000000000000000000e+00 0.000000000000000000e+00
-1.022088688508526843e+03 -9.738410898687257031e+02 -9.722176981428368663e+02 -1.022140287917103706e+03
0.000000000000000000e+00 0.000000000000000000e+00 0.000000000000000000e+00 0.000000000000000000e+00
0.000000000000000000e+00 0.000000000000000000e+00 0.000000000000000000e+00 0.000000000000000000e+00
-9.417723480572082053e+02 -9.386477550616467624e+02 -9.424708286977647731e+02 -9.375564284489321381e+02
0.000000000000000000e+00 0.000000000000000000e+00 0.000000000000000000e+00 0.000000000000000000e+00
0.000000000000000000e+00 0.000000000000000000e+00 0.000000000000000000e+00 0.000000000000000000e+00
-1.242093134633590125e+03 -1.246764425970620550e+03 -1.242293904435739478e+03 -1.242809184892027361e+03
0.000000000000000000e+00 0.000000000000000000e+00 0.000000000000000000e+00 0.000000000000000000e+00
0.000000000000000000e+00 0.000000000000000000e+00 0.000000000000000000e+00 0.000000000000000000e+00
0.000000000000000000e+00 0.000000000000000000e+00 0.000000000000000000e+00 0.000000000000000000e+00
0.000000000000000000e+00 0.000000000000000000e+00 0.000000000000000000e+00 0.000000000000000000e+00
-1.240935603766991790e+03 -1.241657954914720904e+03 -1.241763621334338268e+03 -1.241459719243043537e+03
-1.247529436944848840e+03 -1.250588102698255852e+03 -1.236811321582326400e+03 -9.204538183248849919e+02
-8.370776418810377209e+02 -8.898599742815239324e+02 -1.199581816804556183e+03 -9.181419019084786726e+01
-9.126311752045928927e+01 -1.180034223192084028e+03 -1.003902631044636678e+03 -1.160270248330257573e+03
0.000000000000000000e+00 0.000000000000000000e+00 0.000000000000000000e+00 0.000000000000000000e+00
0.000000000000000000e+00 0.000000000000000000e+00 0.000000000000000000e+00 0.000000000000000000e+00
0.000000000000000000e+00 0.000000000000000000e+00 0.000000000000000000e+00 0.000000000000000000e+00
0.000000000000000000e+00 0.000000000000000000e+00 0.000000000000000000e+00 0.000000000000000000e+00
0.000000000000000000e+00 0.000000000000000000e+00 0.000000000000000000e+00 0.000000000000000000e+00
-1.088311318801591597e+03 -1.088865538108613919e+03 -1.088720188929946517e+03 -1.088643823707149068e+03
0.000000000000000000e+00 0.000000000000000000e+00 0.000000000000000000e+00 0.000000000000000000e+00
-1.074759833621649022e+03 -1.086397770720508788e+03 -1.074228214002230288e+03 -1.074679321034748000e+03
0.000000000000000000e+00 0.000000000000000000e+00 0.000000000000000000e+00 0.000000000000000000e+00
-1.051226916054136382e+03 -1.081699902880586478e+03 -1.078171577560902961e+03 -1.055087478409330288e+03
-1.051943499663140528e+03 -1.052268273816303235e+03 -1.056108331098436793e+03 -1.054476807195633683e+03
-1.045003525957895135e+03 -1.079838304092178078e+03 -1.053319491540094532e+03 -1.045375347356257180e+03
-9.976016115412533054e+02 -9.982415820253183938e+02 -1.044054981534379976e+03 -9.991595502787529313e+02
-9.961643742120832030e+02 -9.927885770530265290e+02 -9.919165479475768734e+02 -9.960046670087183429e+02
-9.771010927204068821e+02 -9.769289190901051825e+02 -9.791090645401751544e+02 -9.810189445771480905e+02
-9.597708895912735443e+02 -9.581870024479705990e+02 -9.631938857338622029e+02 -1.005640967848162290e+03
-9.736448148323131591e+02 -9.739098939519094529e+02 -9.309641921677798564e+02 -9.746162499620970721e+02
0.000000000000000000e+00 0.000000000000000000e+00 0.000000000000000000e+00 0.000000000000000000e+00
-9.123506277940143718e+02 -9.119719503690474767e+02 -9.026773308801879239e+02 -9.015586361409706342e+02
-8.974353046715759774e+02 -9.106756603919122881e+02 -9.103142581128738584e+02 -8.966747432047542361e+02
0.000000000000000000e+00 0.000000000000000000e+00 0.000000000000000000e+00 0.000000000000000000e+00
-1.236212723775134918e+03 -1.241432516740538404e+03 -1.232454670193398670e+03 -1.232100861456273151e+03
-1.220696581951530789e+03 -1.227654516455365410e+03 -1.230283973018743836e+03 -1.216674605506185799e+03
-1.203715514875614417e+03 -1.204118592783625445e+03 -1.216334050010720830e+03 -1.195609828836112456e+03
-1.189346734274302662e+03 -1.189009689433456742e+03 -1.190346831359549924e+03 -1.189773412409455432e+03
0.000000000000000000e+00 0.000000000000000000e+00 0.000000000000000000e+00 0.000000000000000000e+00
0.000000000000000000e+00 0.000000000000000000e+00 0.000000000000000000e+00 0.000000000000000000e+00
0.000000000000000000e+00 0.000000000000000000e+00 0.000000000000000000e+00 0.000000000000000000e+00
0.000000000000000000e+00 0.000000000000000000e+00 0.000000000000000000e+00 0.000000000000000000e+00
-9.065974924783611755e+01 -1.067849454748902417e+03 -1.086354900428305655e+03 -1.024021159069408895e+03
0.000000000000000000e+00 0.000000000000000000e+00 0.000000000000000000e+00 0.000000000000000000e+00
-1.099443186610863449e+03 -1.100278416982392400e+03 -1.100128022526527957e+03 -1.100151043289448580e+03
-1.106108072906473353e+03 -1.097783297736285476e+03 -1.098611391771565422e+03 -1.097781046912172542e+03
-1.093930753096290800e+03 -1.093923954340321188e+03 -1.094192524611505405e+03 -1.094343670863303032e+03
-1.090125850291652114e+03 -1.088750353045343672e+03 -1.089122252247291726e+03 -1.088993283617598308e+03
-1.083935459074720711e+03 -1.084143444200214844e+03 -1.084360327842319748e+03 -1.084531781026311364e+03
-1.077339387090004493e+03 -1.078390206380486234e+03 -1.078023411737391370e+03 -1.078142813262453046e+03
-1.073785559615214879e+03 -1.073450728528096761e+03 -1.074249684855764599e+03 -1.073788668317974498e+03
0.000000000000000000e+00 0.000000000000000000e+00 0.000000000000000000e+00 0.000000000000000000e+00
-1.032944630446944075e+03 -1.052312732742255548e+03 -1.033209883617405467e+03 -1.032533995953035856e+03
0.000000000000000000e+00 0.000000000000000000e+00 0.000000000000000000e+00 0.000000000000000000e+00
-1.039614595747176736e+03 -1.044094636631705953e+03 -1.041609804293778097e+03 -1.042003176903687290e+03
0.000000000000000000e+00 0.000000000000000000e+00 0.000000000000000000e+00 0.000000000000000000e+00
-9.964505390273507146e+02 -1.000165055340928348e+03 -9.984986901327833948e+02 -9.991275204643575307e+02
0.000000000000000000e+00 0.000000000000000000e+00 0.000000000000000000e+00 0.000000000000000000e+00
0.000000000000000000e+00 0.000000000000000000e+00 0.000000000000000000e+00 0.000000000000000000e+00
-8.966652952691079008e+02 -8.954412516127736126e+02 -8.939122893411284849e+02 -9.417069362430052024e+02
-9.181847126890671689e+02 -8.710402523670934443e+02 -8.780304496316315408e+02 -8.747518627015010679e+02
-8.825946118529532214e+02 -8.817055058766964066e+02 -8.724404374676601037e+02 -8.859508832875778808e+02
0.000000000000000000e+00 0.000000000000000000e+00 0.000000000000000000e+00 0.000000000000000000e+00
0.000000000000000000e+00 0.000000000000000000e+00 0.000000000000000000e+00 0.000000000000000000e+00
0.000000000000000000e+00 0.000000000000000000e+00 0.000000000000000000e+00 0.000000000000000000e+00
-1.227373565548550914e+03 -1.229555229014293218e+03 -1.226417236373493097e+03 -1.227048965782051027e+03
0.000000000000000000e+00 0.000000000000000000e+00 0.000000000000000000e+00 0.000000000000000000e+00
-1.184938031408823690e+03 -1.184462445968338443e+03 -1.184894586760004813e+03 -1.184632682986688678e+03
0.000000000000000000e+00 0.000000000000000000e+00 0.000000000000000000e+00 0.000000000000000000e+00
-1.165400405501085743e+03 -1.166436732167627724e+03 -1.165843824845266681e+03 -1.166521419823800898e+03
-1.112119445343248117e+03 -1.164189972731897797e+03 -1.164738125695288090e+03 -1.163385184476065433e+03
-8.923364866855133926e+01 -1.057559161206175077e+03 -1.161391133473422997e+03 -1.164167934740011788e+03
-1.029603633279681844e+03 -1.041996385775358021e+03 -8.998920718395115159e+01 -1.168761017533071481e+03
-1.171739225370278291e+03 -1.171899663056500231e+03 -1.055339530763321591e+03 -1.171686175667673297e+03
0.000000000000000000e+00 0.000000000000000000e+00 0.000000000000000000e+00 0.000000000000000000e+00
0.000000000000000000e+00 0.000000000000000000e+00 0.000000000000000000e+00 0.000000000000000000e+00
-1.100653286933752270e+03 -1.096717151563222387e+03 -1.096608383453811030e+03 -1.096604906994683006e+03
-1.091016113410477374e+03 -1.091292135134054888e+03 -1.090766616544103954e+03 -1.090439216660001648e+03
-1.083020992034383426e+03 -1.082913916814940876e+03 -1.084009536960390051e+03 -1.081335788144587923e+03
-1.071151251922525034e+03 -1.071717604183607136e+03 -1.071613070941385558e+03 -1.072841170900422640e+03
-1.066022694611414408e+03 -1.066605850815893064e+03 -1.066493589658208748e+03 -1.066988153535354741e+03
0.000000000000000000e+00 0.000000000000000000e+00 0.000000000000000000e+00 0.000000000000000000e+00
-1.028894175810315573e+03 -1.028971918373209746e+03 -1.029218061073276203e+03 -1.028574981143555988e+03
-1.026727485641552903e+03 -1.026592577279036050e+03 -1.027977955043797920e+03 -1.031777618760954965e+03
-1.035266700477142649e+03 -1.036582099851204021e+03 -1.034858071448622468e+03 -1.034585488565850937e+03
0.000000000000000000e+00 0.000000000000000000e+00 0.000000000000000000e+00 0.000000000000000000e+00
0.000000000000000000e+00 0.000000000000000000e+00 0.000000000000000000e+00 0.000000000000000000e+00
0.000000000000000000e+00 0.000000000000000000e+00 0.000000000000000000e+00 0.000000000000000000e+00
0.000000000000000000e+00 0.000000000000000000e+00 0.000000000000000000e+00 0.000000000000000000e+00
-8.658947204651242373e+02 -8.733017680713894606e+02 -8.667820788855651699e+02 -8.683064073089293515e+02
-8.792883753307231700e+02 -8.457990238355300789e+02 -8.394220427011867969e+02 -8.357568201798858354e+02
-8.475407617149566022e+02 -8.512394088899370672e+02 -8.380638047112793174e+02 -8.384285209089321143e+02
0.000000000000000000e+00 0.000000000000000000e+00 0.000000000000000000e+00 0.000000000000000000e+00
-1.239919858581129120e+03 -1.239985570121625415e+03 -1.241141942530944334e+03 -1.242236968163652136e+03
-1.235810019148117590e+03 -1.238992421451955124e+03 -1.235899858929191168e+03 -1.238989943960580149e+03
-1.233702452738173179e+03 -1.235819645744375748e+03 -1.233106881404454725e+03 -1.234633186422698600e+03
0.000000000000000000e+00 0.000000000000000000e+00 0.000000000000000000e+00 0.000000000000000000e+00
-1.178834330645059026e+03 -1.179038808936494661e+03 -1.179462502611275340e+03 -1.179157860967159422e+03
-1.173058880157312842e+03 -1.173874672849715353e+03 -1.173171333228863205e+03 -1.173190064637477917e+03
-1.165669397121184829e+03 -1.166345040692195425e+03 -1.166359643997883495e+03 -1.165572873839803606e+03
-1.161528571518479112e+03 -1.161390772278851045e+03 -1.162587492082533117e+03 -7.739932498284849771e+02
-8.837203086525629203e+01 -1.049999649382569714e+03 -1.139155811728709978e+03 -9.544041645967147360e+02
0.000000000000000000e+00 0.000000000000000000e+00 0.000000000000000000e+00 0.000000000000000000e+00
0.000000000000000000e+00 0.000000000000000000e+00 0.000000000000000000e+00 0.000000000000000000e+00
-1.120069196095145799e+03 -1.120098212163549306e+03 -1.119572947345152670e+03 -1.119677249591080908e+03
-1.113904263360205277e+03 -1.114573697897576722e+03 -1.113826810593916207e+03 -1.112416090045763440e+03
-1.105368243062969668e+03 -1.104043379354660374e+03 -1.106066851354448772e+03 -1.105024882200433240e+03
-1.096477277256916068e+03 -1.097962942519876606e+03 -1.100789978020982971e+03 -1.097580554170101095e+03
0.000000000000000000e+00 0.000000000000000000e+00 0.000000000000000000e+00 0.000000000000000000e+00
-1.062506007053531903e+03 -1.063036438698914026e+03 -1.062910869696866484e+03 -1.061286891820945357e+03
-1.052971032564568532e+03 -1.054501118511067489e+03 -1.055848342197236207e+03 -1.048833674925884907e+03
-1.043159988933610521e+03 -1.042452769119581262e+03 -1.041972002020745094e+03 -1.027014778483021018e+03
-1.029305118266015370e+03 -1.024119893051490862e+03 -1.025986092437442039e+03 -9.670046312380989093e+02
-7.752709596200381839e+02 -1.022187680160920195e+03 -1.019251977431253408e+03 -1.018122375185109945e+03
0.000000000000000000e+00 0.000000000000000000e+00 0.000000000000000000e+00 0.000000000000000000e+00
0.000000000000000000e+00 0.000000000000000000e+00 0.000000000000000000e+00 0.000000000000000000e+00
-6.229587009291542472e+02 -6.202314076824311542e+02 -6.205270980098001701e+02 -6.250746238016620282e+02
-6.196329667883039747e+02 -6.164581233567805612e+02 -6.188857991874962181e+02 -6.192577141788362951e+02
0.000000000000000000e+00 0.000000000000000000e+00 0.000000000000000000e+00 0.000000000000000000e+00
0.000000000000000000e+00 0.000000000000000000e+00 0.000000000000000000e+00 0.000000000000000000e+00
-8.230009085904717949e+02 -7.889142545592147826e+02 -7.870447259975671841e+02 -7.851217173244421019e+02
-8.248958617235555266e+02 -8.213478046147592977e+02 -8.217030483181622458e+02 -8.244427005134923547e+02
0.000000000000000000e+00 0.000000000000000000e+00 0.000000000000000000e+00 0.000000000000000000e+00
-1.243867673997048996e+03 -1.244264312665958869e+03 -1.243338138943042622e+03 -1.242664910656975735e+03
0.000000000000000000e+00 0.000000000000000000e+00 0.000000000000000000e+00 0.000000000000000000e+00
-1.236793338770585478e+03 -1.238734711864439760e+03 -1.238076383545105045e+03 -1.238992924876413781e+03
-1.238739475982976728e+03 -1.240742969904953725e+03 -1.240818175702317831e+03 -1.240476244584489223e+03
0.000000000000000000e+00 0.000000000000000000e+00 0.000000000000000000e+00 0.000000000000000000e+00
0.000000000000000000e+00 0.000000000000000000e+00 0.000000000000000000e+00 0.000000000000000000e+00
-1.162437920374944724e+03 -1.161877316763032013e+03 -1.161998191095421589e+03 -1.161463134540266765e+03
0.000000000000000000e+00 0.000000000000000000e+00 0.000000000000000000e+00 0.000000000000000000e+00
-1.090835654632891419e+03 -8.361888155359980601e+02 -8.569228207029796067e+02 -8.737827341040120643e+01
-9.402733523920007883e+02 -1.035274560062635146e+03 -9.413301823118395077e+02 -8.622640569783190756e+01
-8.489626040437440224e+01 -9.677191170343472777e+02 -1.029447586214817647e+03 -1.120889419150642880e+03
-1.125036249673949897e+03 -1.118251871278383305e+03 -1.126059407636091009e+03 -1.125307868998473168e+03
0.000000000000000000e+00 0.000000000000000000e+00 0.000000000000000000e+00 0.000000000000000000e+00
0.000000000000000000e+00 0.000000000000000000e+00 0.000000000000000000e+00 0.000000000000000000e+00
0.000000000000000000e+00 0.000000000000000000e+00 0.000000000000000000e+00 0.000000000000000000e+00
0.000000000000000000e+00 0.000000000000000000e+00 0.000000000000000000e+00 0.000000000000000000e+00
0.000000000000000000e+00 0.000000000000000000e+00 0.000000000000000000e+00 0.000000000000000000e+00
-8.617374052831877407e+02 -1.048512107670711885e+03 -1.021062954019324138e+03 -1.045327825534648582e+03
0.000000000000000000e+00 0.000000000000000000e+00 0.000000000000000000e+00 0.000000000000000000e+00
-9.097889092643449658e+02 -1.004872892227263264e+03 -1.004925826173421342e+03 -1.011362421951730198e+03
-3.316323929349530886e+02 -1.003477611104776884e+03 -9.961099439274094038e+02 -9.983169407034470169e+02
-9.811515929942540879e+02 -9.806917947011280603e+02 -9.976629070442864986e+02 -9.945133102809235197e+02
-9.581915077303721091e+02 -1.000702349859282549e+03 -1.000619895608796242e+03 -9.944118608297874289e+02
0.000000000000000000e+00 0.000000000000000000e+00 0.000000000000000000e+00 0.000000000000000000e+00
-6.145357943645019532e+02 -6.146070762304078698e+02 -6.124375074562426562e+02 -6.127137600124718801e+02
0.000000000000000000e+00 0.000000000000000000e+00 0.000000000000000000e+00 0.000000000000000000e+00
-7.187042861402489962e+02 -6.750348329115818160e+02 -6.753110854678110400e+02 -6.803931383429732023e+02
-7.158692212231443364e+02 -7.189640542647586017e+02 -7.631596129307870342e+02 -7.198955141794467636e+02
0.000000000000000000e+00 0.000000000000000000e+00 0.000000000000000000e+00 0.000000000000000000e+00
-6.843881546585305387e+02 -6.836065452566836029e+02 -6.839313194098459689e+02 -6.842560935630078802e+02
0.000000000000000000e+00 0.000000000000000000e+00 0.000000000000000000e+00 0.000000000000000000e+00
-1.239809047109096127e+03 -1.239779136336968122e+03 -1.240914385940254760e+03 -1.241140177477242560e+03
-1.237179120977003549e+03 -1.239278816014264066e+03 -1.238570883500913169e+03 -1.237954175971413406e+03
0.000000000000000000e+00 0.000000000000000000e+00 0.000000000000000000e+00 0.000000000000000000e+00
-1.159476435817610081e+03 -1.159775378997572489e+03 -1.160220728334469641e+03 -1.160270744161335870e+03
-1.160604401943650146e+03 -1.159080831794274445e+03 -1.158893469823289024e+03 -1.156801293355399594e+03
-1.157059115915305711e+03 -1.158521392239706302e+03 -1.156798524735643696e+03 -1.157765416288688812e+03
-1.153064270961132252e+03 -1.152806129259024374e+03 -1.153377285455046831e+03 -1.149839688006491997e+03
-1.149167083497048679e+03 -7.856735018959340096e+02 -1.149441979054353624e+03 -1.149782594482296190e+03
0.000000000000000000e+00 0.000000000000000000e+00 0.000000000000000000e+00 0.000000000000000000e+00
-1.023112676062377432e+03 -1.023466423648608156e+03 -6.987763575158772937e+02 -8.336159563622716462e+01
-1.119057014424093268e+03 -1.115527695119591044e+03 -8.204326734975694535e+02 -8.159790044771075657e+01
-9.135830037857401749e+02 -1.005598909365055761e+03 -9.152739437284210453e+02 -7.958636300951052078e+01
-9.503731572665961949e+02 -1.098822306206432586e+03 -8.238056505970171202e+02 -7.731844310219541683e+01
-1.076482686341814770e+03 -8.247477932778150489e+02 -7.657909635773988839e+02 -7.479899933966294157e+01
-9.733451725128192038e+02 -9.948078556694950976e+02 -8.862206783822877014e+02 -7.204642206649599245e+01
-8.707427030281960469e+02 -1.057958683977544524e+03 -8.624035202829606988e+02 -6.908999047106097180e+01
-1.040849286011121421e+03 -1.029955730184169624e+03 -9.425518348816610796e+02 -6.596555149997158196e+01
-8.364409414391158180e+02 -1.015319422137295419e+03 -9.263705082659375876e+02 -6.271029690044323246e+01
-9.528848004819517428e+02 -9.952742970102416393e+02 -8.179903204605915334e+02 -5.935623277951567900e+01
-5.592444681292575126e+01 -8.383433348739534949e+02 -7.367449971856755155e+02 -9.738195960623756946e+02
-9.805454483913108561e+02 -9.801671177668483779e+02 -8.896400385220831595e+02 -9.808146621265955218e+02
0.000000000000000000e+00 0.000000000000000000e+00 0.000000000000000000e+00 0.000000000000000000e+00
-6.136782058747737665e+02 -6.111987135281187875e+02 -6.114749660843478978e+02 -6.144192454308969218e+02
-6.090207531826993090e+02 -6.105271572659983121e+02 -6.101348240847618172e+02 -6.108264110421383748e+02
-6.022306514499896366e+02 -6.043452880287736662e+02 -6.047421329560529557e+02 -6.017543410706889517e+02
-6.759072455924601854e+02 -6.342038408903100617e+02 -6.331786299134228102e+02 -6.303012313388203438e+02
-6.762839805764901939e+02 -6.736037889697548735e+02 -6.745306837558900952e+02 -6.723367311396616515e+02
-6.784089002703757387e+02 -6.786948765740486351e+02 -6.791470603249374562e+02 -6.772963464157780891e+02
-6.829125631409600601e+02 -6.831557688936466093e+02 -6.827300971744971321e+02 -6.814887404008991325e+02
-1.243051058653587916e+03 -1.242592348535580868e+03 -1.241167663941916089e+03 -1.243097290691564467e+03
-1.241844463549599823e+03 -1.242272944684018512e+03 -1.241516754314401624e+03 -1.242271564479643075e+03
0.000000000000000000e+00 0.000000000000000000e+00 0.000000000000000000e+00 0.000000000000000000e+00
0.000000000000000000e+00 0.000000000000000000e+00 0.000000000000000000e+00 0.000000000000000000e+00
0.000000000000000000e+00 0.000000000000000000e+00 0.000000000000000000e+00 0.000000000000000000e+00
-1.162773510837678941e+03 -1.156548955024022462e+03 -1.162624941042115779e+03 -1.155328871989639538e+03
0.000000000000000000e+00 0.000000000000000000e+00 0.000000000000000000e+00 0.000000000000000000e+00
0.000000000000000000e+00 0.000000000000000000e+00 0.000000000000000000e+00 0.000000000000000000e+00
-1.144454609289908603e+03 -1.145215508865842821e+03 -1.144024222887735505e+03 -1.145085206005575628e+03
0.000000000000000000e+00 0.000000000000000000e+00 0.000000000000000000e+00 0.000000000000000000e+00
0.000000000000000000e+00 0.000000000000000000e+00 0.000000000000000000e+00 0.000000000000000000e+00
-1.126751270785114912e+03 -1.023516139827258826e+03 -1.126425499199901878e+03 -1.126706846509421212e+03
0.000000000000000000e+00 0.000000000000000000e+00 0.000000000000000000e+00 0.000000000000000000e+00
0.000000000000000000e+00 0.000000000000000000e+00 0.000000000000000000e+00 0.000000000000000000e+00
-1.090262029167663968e+03 -8.994565839889905874e+02 -1.090892641823256554e+03 -1.090202473630859231e+03
0.000000000000000000e+00 0.000000000000000000e+00 0.000000000000000000e+00 0.000000000000000000e+00
0.000000000000000000e+00 0.000000000000000000e+00 0.000000000000000000e+00 0.000000000000000000e+00
-1.046523880815045459e+03 -1.046223889197429344e+03 -1.045599379923773768e+03 -1.045448757521489142e+03
0.000000000000000000e+00 0.000000000000000000e+00 0.000000000000000000e+00 0.000000000000000000e+00
-9.706120272372224917e+02 -7.061922120946892392e+02 -9.709099647350913074e+02 -9.720276839320692943e+02
-5.242914706688021909e+01 -7.862512728985809645e+02 -9.541695821961302499e+02 -7.847523830626298604e+02
0.000000000000000000e+00 0.000000000000000000e+00 0.000000000000000000e+00 0.000000000000000000e+00
-6.416367268337872929e+02 -6.368347212408050382e+02 -6.370622088625905235e+02 -6.372266207496978723e+02
0.000000000000000000e+00 0.000000000000000000e+00 0.000000000000000000e+00 0.000000000000000000e+00
0.000000000000000000e+00 0.000000000000000000e+00 0.000000000000000000e+00 0.000000000000000000e+00
-4.666535416323117715e+02 -5.761069564182378144e+02 -5.732373595963442767e+02 -5.741685244688507055e+02
-6.233747685103305685e+02 -5.793038186749429315e+02 -5.776402516724219822e+02 -5.789849947683979963e+02
0.000000000000000000e+00 0.000000000000000000e+00 0.000000000000000000e+00 0.000000000000000000e+00
0.000000000000000000e+00 0.000000000000000000e+00 0.000000000000000000e+00 0.000000000000000000e+00
0.000000000000000000e+00 0.000000000000000000e+00 0.000000000000000000e+00 0.000000000000000000e+00
0.000000000000000000e+00 0.000000000000000000e+00 0.000000000000000000e+00 0.000000000000000000e+00
-1.244129366722824898e+03 -1.244035427788127663e+03 -1.243875962079320971e+03 -1.243701809529513866e+03
0.000000000000000000e+00 0.000000000000000000e+00 0.000000000000000000e+00 0.000000000000000000e+00
-1.174545099876090035e+03 -1.170923172990060721e+03 -1.178131600714177921e+03 -1.178192589932691590e+03
-1.165355482931028746e+03 -1.166217392505636553e+03 -1.168751642100483195e+03 -1.172843684471208690e+03
-1.156451199976437920e+03 -1.157106842185273308e+03 -1.162227711343280589e+03 -1.163103346752643574e+03
-1.150922489302201939e+03 -1.150078544681108724e+03 -1.150814265244247053e+03 -1.149682538686358157e+03
-1.130707469001656591e+03 -1.134292335027244235e+03 -1.134068036637135037e+03 -1.133911376863071155e+03
-1.138523538338382650e+03 -1.137364270068199858e+03 -1.138039682474900701e+03 -1.137293632281374130e+03
-1.136251412000677419e+03 -1.135934044767898058e+03 -1.135641005607999887e+03 -1.136112725916663749e+03
-1.133638707623994378e+03 -1.134613213553017431e+03 -1.133669927105373517e+03 -1.134733336590682029e+03
-1.131993066062769685e+03 -1.132283306033197505e+03 -1.131694498309324217e+03 -1.132115259275398103e+03
-1.135199163375360285e+03 -1.135407890496144546e+03 -1.135167337945588770e+03 -1.135367153003905969e+03
0.000000000000000000e+00 0.000000000000000000e+00 0.000000000000000000e+00 0.000000000000000000e+00
-1.093177543949453366e+03 -1.093660782286037829e+03 -1.093457776772568423e+03 -1.093806834613856836e+03
0.000000000000000000e+00 0.000000000000000000e+00 0.000000000000000000e+00 0.000000000000000000e+00
-9.788923520930320592e+02 -9.775141438579628357e+02 -9.788854151521891254e+02 -9.762312646821037561e+02
0.000000000000000000e+00 0.000000000000000000e+00 0.000000000000000000e+00 0.000000000000000000e+00
-9.590239566163293148e+02 -9.574110735007583344e+02 -9.563974685619705269e+02 -9.528903888298758602e+02
0.000000000000000000e+00 0.000000000000000000e+00 0.000000000000000000e+00 0.000000000000000000e+00
-4.888406216409711647e+01 -5.677912995332545734e+02 -9.206029748382217122e+02 -8.157076817518748157e+02
0.000000000000000000e+00 0.000000000000000000e+00 0.000000000000000000e+00 0.000000000000000000e+00
-5.370730897966219572e+02 -6.369572111340601168e+02 -4.693338671802289923e+02 -3.416842996774770569e+01
-6.016750393934441945e+02 -4.066559811465600092e+02 -4.968708994944543065e+02 -3.031735635756573544e+01
-3.645942988706846108e+02 -4.668293122505059500e+02 -5.164755504541632263e+02 -2.636835695895251774e+01
-2.230384614511459773e+01 -5.390359144282995203e+02 -4.106540772212997581e+02 -5.375510256192401357e+02
-4.967623338516249305e+02 -5.298102573376102100e+02 -5.248230223013528075e+02 -5.735924652103544759e+02
-5.580949272478469538e+02 -5.584434359668842944e+02 -5.252836176728300188e+02 -5.590913462115122456e+02
0.000000000000000000e+00 0.000000000000000000e+00 0.000000000000000000e+00 0.000000000000000000e+00
-5.177987158257431020e+02 -5.168344733707141359e+02 -5.171199678079559590e+02 -5.174253624449976314e+02
-1.197646622454861927e+03 -1.197643053685368159e+03 -1.196817098195618883e+03 -1.195602427509953486e+03
0.000000000000000000e+00 0.000000000000000000e+00 0.000000000000000000e+00 0.000000000000000000e+00
-1.181387647834218114e+03 -1.184216231638763475e+03 -1.180275581662227751e+03 -1.187589116217797937e+03
-1.182609773724304887e+03 -1.184217761686039694e+03 -1.177072525638893921e+03 -1.181845635315794652e+03
0.000000000000000000e+00 0.000000000000000000e+00 0.000000000000000000e+00 0.000000000000000000e+00
-1.156762360107272798e+03 -1.157019989340762777e+03 -1.157813349832396398e+03 -1.158273492977325077e+03
0.000000000000000000e+00 0.000000000000000000e+00 0.000000000000000000e+00 0.000000000000000000e+00
-1.110420694768088651e+03 -1.117655158459321683e+03 -1.112565606159892013e+03 -1.113976740056736162e+03
0.000000000000000000e+00 0.000000000000000000e+00 0.000000000000000000e+00 0.000000000000000000e+00
-1.135949402250225603e+03 -1.137135913206853957e+03 -1.135995878539081104e+03 -1.136862333848552908e+03
-1.136575280656448513e+03 -1.135789921864222606e+03 -1.136767271081246918e+03 -1.136017902488878690e+03
0.000000000000000000e+00 0.000000000000000000e+00 0.000000000000000000e+00 0.000000000000000000e+00
0.000000000000000000e+00 0.000000000000000000e+00 0.000000000000000000e+00 0.000000000000000000e+00
0.000000000000000000e+00 0.000000000000000000e+00 0.000000000000000000e+00 0.000000000000000000e+00
0.000000000000000000e+00 0.000000000000000000e+00 0.000000000000000000e+00 0.000000000000000000e+00
0.000000000000000000e+00 0.000000000000000000e+00 0.000000000000000000e+00 0.000000000000000000e+00
-9.770582475694266122e+02 -9.727143489713847657e+02 -9.782777306667998118e+02 -9.781124755293647013e+02
-9.676566819027628981e+02 -9.675402092621643533e+02 -9.693033307764868596e+02 -9.670462165364576776e+02
-9.516618564061105872e+02 -9.518328676929743324e+02 -9.507495176596598867e+02 -9.253871812330137345e+02
-9.017228743249162335e+02 -9.020088506285889025e+02 -9.084612935523249462e+02 -6.026308109276395726e+02
-8.610198445201409641e+02 -7.141993861799722936e+02 -8.447604839952396105e+02 -4.529059133008478710e+01
-5.433197272760888836e+02 -5.838116436816965233e+02 -6.429182546463013068e+02 -4.164456792708541855e+01
-5.957008761822748966e+02 -3.793965501465115153e+01 -5.037852438927423577e+02 -6.500069520894949164e+02
-5.877260378974383457e+02 -6.017974095494965923e+02 -6.275754962497253473e+02 -6.114158615796303593e+02
0.000000000000000000e+00 0.000000000000000000e+00 0.000000000000000000e+00 0.000000000000000000e+00
-1.812512116503877380e+01 -3.617026845750992265e+02 -3.990330300234735432e+02 -4.581654681164857834e+02
-2.691602652583425765e+02 -4.936460309874955215e+02 -4.946218826705680272e+02 -4.943302455903424288e+02
-5.121755542772768877e+02 -5.160115028035983187e+02 -5.402046906477592074e+02 -5.133727267935432792e+02
-5.152276826802368532e+02 -5.154106678928221754e+02 -5.160726093079517796e+02 -5.133105410985911021e+02
-5.164304420985657771e+02 -5.156314457327823675e+02 -5.160801109898931145e+02 -5.159935218120601803e+02
-1.196565835935651876e+03 -1.195378502544106595e+03 -1.192495624764192598e+03 -1.199616059975868211e+03
-1.188249471351376997e+03 -1.188635797233144785e+03 -1.193566774882529216e+03 -1.194783770572602862e+03
-1.189158322413260976e+03 -1.191455691007788118e+03 -1.186456170409817332e+03 -1.191624885749900386e+03
0.000000000000000000e+00 0.000000000000000000e+00 0.000000000000000000e+00 0.000000000000000000e+00
0.000000000000000000e+00 0.000000000000000000e+00 0.000000000000000000e+00 0.000000000000000000e+00
0.000000000000000000e+00 0.000000000000000000e+00 0.000000000000000000e+00 0.000000000000000000e+00
0.000000000000000000e+00 0.000000000000000000e+00 0.000000000000000000e+00 0.000000000000000000e+00
-1.096081031137614900e+03 -1.095948403456072356e+03 -1.095395298058979279e+03 -1.097155618163774761e+03
0.000000000000000000e+00 0.000000000000000000e+00 0.000000000000000000e+00 0.000000000000000000e+00
-1.138175210866537327e+03 -1.138370147983491961e+03 -1.138527008512990278e+03 -1.138619678634889397e+03
0.000000000000000000e+00 0.000000000000000000e+00 0.000000000000000000e+00 0.000000000000000000e+00
0.000000000000000000e+00 0.000000000000000000e+00 0.000000000000000000e+00 0.000000000000000000e+00
-1.028900236862247766e+03 -1.027629430388014953e+03 -1.025537422737865199e+03 -1.021923086207827282e+03
0.000000000000000000e+00 0.000000000000000000e+00 0.000000000000000000e+00 0.000000000000000000e+00
-1.000079877342216605e+03 -9.986126040760796059e+02 -9.990307252667720377e+02 -1.001289015649541625e+03
-9.968024576048752579e+02 -1.001928409597762879e+03 -9.942285030067168918e+02 -1.001530213028160233e+03
-9.843060112617100685e+02 -9.864322293645333275e+02 -9.877715314432053901e+02 -9.883029408040733870e+02
-9.909071279027293713e+02 -9.753075502161580062e+02 -9.813339175923864559e+02 -9.792006067225696597e+02
-9.755216233753676534e+02 -9.716895951428692797e+02 -9.754112314704381106e+02 -9.741351300990110076e+02
0.000000000000000000e+00 0.000000000000000000e+00 0.000000000000000000e+00 0.000000000000000000e+00
-8.687370880941522273e+02 -7.800883119677123432e+02 -8.683724235994590117e+02 -8.686291994506144647e+02
0.000000000000000000e+00 0.000000000000000000e+00 0.000000000000000000e+00 0.000000000000000000e+00
-5.995872187106688216e+02 -3.667002588390919868e+02 -5.876064859787029491e+02 -6.061799537676556611e+02
-5.714984154177086566e+02 -5.572056783579072317e+02 -5.546682743572591789e+02 -5.217365495447630792e+02
-4.886611039594337740e+02 -4.872675068218177330e+02 -4.895503976512273425e+02 -3.265978894989528385e+02
-4.167646019663704919e+02 -3.414121600097972191e+02 -4.390585545477364349e+02 -1.380880740361819470e+01
-9.352066981138170476e+00 -3.800045094348295720e+02 -3.596944037775500647e+02 -3.147201352335611659e+02
0.000000000000000000e+00 0.000000000000000000e+00 0.000000000000000000e+00 0.000000000000000000e+00
0.000000000000000000e+00 0.000000000000000000e+00 0.000000000000000000e+00 0.000000000000000000e+00
-5.179389126989381111e+02 -5.183436580242914715e+02 -5.181745424845454409e+02 -5.184799371215873407e+02
-1.194184914436560575e+03 -1.201432038011205805e+03 -1.200027926311235888e+03 -1.199184184303654092e+03
0.000000000000000000e+00 0.000000000000000000e+00 0.000000000000000000e+00 0.000000000000000000e+00
-1.191942226351330874e+03 -1.190243623807853510e+03 -1.189850852736003390e+03 -1.190609543027204381e+03
-1.191569277187517173e+03 -1.192058440676461487e+03 -1.192446088727276219e+03 -1.190828355546801959e+03
0.000000000000000000e+00 0.000000000000000000e+00 0.000000000000000000e+00 0.000000000000000000e+00
0.000000000000000000e+00 0.000000000000000000e+00 0.000000000000000000e+00 0.000000000000000000e+00
-1.084363656164968233e+03 -1.084456311710049476e+03 -1.084008069286387808e+03 -1.090214410056947827e+03
-1.086623887904253706e+03 -1.088181808463812558e+03 -1.089173432788453056e+03 -1.085796245578892467e+03
0.000000000000000000e+00 0.000000000000000000e+00 0.000000000000000000e+00 0.000000000000000000e+00
0.000000000000000000e+00 0.000000000000000000e+00 0.000000000000000000e+00 0.000000000000000000e+00
-1.035089130373430862e+03 -1.035370776338658743e+03 -1.035507551167064321e+03 -1.041739625233820107e+03
-1.035755841160444788e+03 -1.034009140735377969e+03 -1.027902340826600494e+03 -1.034890858326725947e+03
-1.023297430248104433e+03 -1.021104905372746430e+03 -1.022135939820837962e+03 -1.032344290015007118e+03
-1.014410424205735126e+03 -1.016127013474126443e+03 -1.020313524639522939e+03 -1.016788229604804769e+03
-1.009795630276905399e+03 -1.005645834439435475e+03 -1.007414617371000986e+03 -1.012657120295786854e+03
-1.003472194757949410e+03 -1.004848732701097560e+03 -1.005131538500475699e+03 -1.003165146835643668e+03
-9.918261341464663019e+02 -9.888183365863667404e+02 -9.929445044235926616e+02 -9.960787908885790785e+02
-9.927796827158626911e+02 -9.918039574242822027e+02 -9.904930664197096348e+02 -9.939658447752666461e+02
-9.907260676112706506e+02 -9.878393104030891436e+02 -9.910267083778016968e+02 -9.877359474181167798e+02
0.000000000000000000e+00 0.000000000000000000e+00 0.000000000000000000e+00 0.000000000000000000e+00
-8.730735857607976413e+02 -8.726430419306632302e+02 -8.729303189153166613e+02 -8.723446434227689679e+02
0.000000000000000000e+00 0.000000000000000000e+00 0.000000000000000000e+00 0.000000000000000000e+00
-5.824892460628248045e+02 -5.545238959016214721e+02 -5.740153296326775489e+02 -5.797014472900131068e+02
-5.250845913531568385e+02 -5.343819095754151931e+02 -5.223493259812363476e+02 -5.499860242280428793e+02
-4.659810204504805711e+02 -4.617235055315057934e+02 -4.709933858953936010e+02 -4.768973458375956511e+02
-3.880030314881483378e+02 -3.836735487540892109e+02 -3.997310585819211042e+02 -2.759598908349317412e+02
-4.751376855751399120e+00 -1.835714861293150761e+02 -2.444308310416275845e+02 -1.736448481592115343e+02
0.000000000000000000e+00 0.000000000000000000e+00 0.000000000000000000e+00 0.000000000000000000e+00
-6.269256353399971005e+01 -5.970065953511831935e+01 -5.974059957510831964e+01 -5.978053961509831993e+01
0.000000000000000000e+00 0.000000000000000000e+00 0.000000000000000000e+00 0.000000000000000000e+00
-1.198801402769975994e+03 -1.199627281177246459e+03 -1.193036268704684971e+03 -1.193433529749845547e+03
-1.195739862463345617e+03 -1.193772941433122242e+03 -1.199186797289449032e+03 -1.195071217234372853e+03
-1.193027537005410295e+03 -1.191827936878096125e+03 -1.196179138566362781e+03 -1.193515224521394202e+03
0.000000000000000000e+00 0.000000000000000000e+00 0.000000000000000000e+00 0.000000000000000000e+00
0.000000000000000000e+00 0.000000000000000000e+00 0.000000000000000000e+00 0.000000000000000000e+00
-1.088214704372665210e+03 -1.087423680677925859e+03 -1.087689177724557112e+03 -1.086698047681541311e+03
-1.083497125698196669e+03 -1.083923358810331138e+03 -1.085412804383746789e+03 -1.083604714097589977e+03
-1.078707705158466524e+03 -1.080999706084557147e+03 -1.079354506881242287e+03 -1.082350790316754683e+03
-1.063456849836860101e+03 -1.062008881411971288e+03 -1.065449578466821322e+03 -1.064841343832408711e+03
-1.048356265633195562e+03 -1.051455805589255760e+03 -1.054518801328416657e+03 -1.053942435752579513e+03
-1.040581151406288200e+03 -1.047198906761977923e+03 -1.044211004024078875e+03 -1.047593047691700349e+03
0.000000000000000000e+00 0.000000000000000000e+00 0.000000000000000000e+00 0.000000000000000000e+00
-1.025486291203638302e+03 -1.030835440415400626e+03 -1.022130923758198037e+03 -1.020373627291740831e+03
-1.018806614254548094e+03 -1.016762707337224811e+03 -1.021638162482519874e+03 -1.017294381916502402e+03
-1.013941070068708086e+03 -1.012901405977136619e+03 -1.016894434146756566e+03 -1.014658700254730661e+03
-1.011242131980224940e+03 -1.012652806477520130e+03 -1.013155918565861839e+03 -1.009145018819115762e+03
0.000000000000000000e+00 0.000000000000000000e+00 0.000000000000000000e+00 0.000000000000000000e+00
0.000000000000000000e+00 0.000000000000000000e+00 0.000000000000000000e+00 0.000000000000000000e+00
-9.961053160448238941e+02 -1.001467518599802588e+03 -9.984332206479962224e+02 -9.975820343057921491e+02
0.000000000000000000e+00 0.000000000000000000e+00 0.000000000000000000e+00 0.000000000000000000e+00
0.000000000000000000e+00 0.000000000000000000e+00 0.000000000000000000e+00 0.000000000000000000e+00
-5.873387903040371611e+02 -5.538322866491083687e+02 -5.868819571994970374e+02 -5.920699464973013164e+02
-5.823056615990010414e+02 -5.884640043284732656e+02 -5.835697662471384319e+02 -5.878186150573807254e+02
0.000000000000000000e+00 0.000000000000000000e+00 0.000000000000000000e+00 0.000000000000000000e+00
-4.434600261810529673e+02 -4.351662264016921995e+02 -4.447888598521287236e+02 -4.450462462970039610e+02
0.000000000000000000e+00 0.000000000000000000e+00 0.000000000000000000e+00 0.000000000000000000e+00
0.000000000000000000e+00 0.000000000000000000e+00 0.000000000000000000e+00 0.000000000000000000e+00
-5.649131954439043568e+01 -6.834672000000483649e+01 -6.309100000000430697e+01 -5.881819711927954586e+01
-6.242009253999971463e+01 -5.922234914311952281e+01 -6.566311610000012422e+01 -5.800865211527839449e+01
-5.923153891527834958e+01 -5.927147895526834986e+01 -6.171618231999853776e+01 -5.933135905523834452e+01
0.000000000000000000e+00 0.000000000000000000e+00 0.000000000000000000e+00 0.000000000000000000e+00
-1.200913863722674250e+03 -1.202686063459187153e+03 -1.202685894668857827e+03 -1.203264743118950491e+03
0.000000000000000000e+00 0.000000000000000000e+00 0.000000000000000000e+00 0.000000000000000000e+00
0.000000000000000000e+00 0.000000000000000000e+00 0.000000000000000000e+00 0.000000000000000000e+00
0.000000000000000000e+00 0.000000000000000000e+00 0.000000000000000000e+00 0.000000000000000000e+00
-1.091385487698150882e+03 -1.085881422535195270e+03 -1.090379866946179845e+03 -1.091071070872186510e+03
0.000000000000000000e+00 0.000000000000000000e+00 0.000000000000000000e+00 0.000000000000000000e+00
0.000000000000000000e+00 0.000000000000000000e+00 0.000000000000000000e+00 0.000000000000000000e+00
-1.063314517970140514e+03 -1.063506219236637207e+03 -1.058197353184405983e+03 -1.060211131316476667e+03
-1.044680991756633148e+03 -1.051560565431678697e+03 -1.050072314232969575e+03 -1.052270531866849979e+03
-1.045899563860888065e+03 -1.041859894884509458e+03 -1.043428004913566383e+03 -1.044605858019855987e+03
-1.034579260227338182e+03 -1.038518934073161518e+03 -1.035131271664581163e+03 -1.038107484618454919e+03
-1.024392058548804471e+03 -1.025803356170179768e+03 -1.025423878919921663e+03 -1.029329293012521021e+03
-1.025848452094293634e+03 -1.026355235613287732e+03 -1.021156049049857415e+03 -1.027153426137912220e+03
-1.025193457157147350e+03 -1.019466216829353698e+03 -1.022930456881005284e+03 -1.020448974935155547e+03
-1.014396046540698876e+03 -1.016733086838311465e+03 -1.015575913815417721e+03 -1.012891009369715334e+03
-1.011367875838285954e+03 -1.013715405473837677e+03 -1.013880521681640175e+03 -1.015209310882980276e+03
-1.009406296611744779e+03 -1.008259282331741360e+03 -1.007443420289070673e+03 -1.009432513707852763e+03
-1.002524648143706600e+03 -1.005282359425889467e+03 -9.998564410298115490e+02 -1.002114449024227611e+03
0.000000000000000000e+00 0.000000000000000000e+00 0.000000000000000000e+00 0.000000000000000000e+00
-5.815344233923253796e+02 -5.960161136835120033e+02 -5.963020899871846723e+02 -5.963638810975943443e+02
-5.566892217507885334e+02 -5.956193604049067289e+02 -5.929893843047091195e+02 -5.937414858753249973e+02
0.000000000000000000e+00 0.000000000000000000e+00 0.000000000000000000e+00 0.000000000000000000e+00
0.000000000000000000e+00 0.000000000000000000e+00 0.000000000000000000e+00 0.000000000000000000e+00
-4.167201055667356400e+02 -4.187235860555143745e+02 -4.115905143323157063e+02 -4.118472901834711024e+02
0.000000000000000000e+00 0.000000000000000000e+00 0.000000000000000000e+00 0.000000000000000000e+00
-4.948148742131889577e+01 -5.679859899999853923e+01 -5.516596134000010920e+01 -6.275915554600052815e+01
-1.105954335148271781e+02 -1.039230200000039588e+02 -1.021684917912584893e+02 -1.091978900174851077e+02
0.000000000000000000e+00 0.000000000000000000e+00 0.000000000000000000e+00 0.000000000000000000e+00
0.000000000000000000e+00 0.000000000000000000e+00 0.000000000000000000e+00 0.000000000000000000e+00
0.000000000000000000e+00 0.000000000000000000e+00 0.000000000000000000e+00 0.000000000000000000e+00
-1.201118813803201419e+03 -1.207769046881579243e+03 -1.207270297913054719e+03 -1.204646859797124307e+03
0.000000000000000000e+00 0.000000000000000000e+00 0.000000000000000000e+00 0.000000000000000000e+00
0.000000000000000000e+00 0.000000000000000000e+00 0.000000000000000000e+00 0.000000000000000000e+00
-1.088533006453618555e+03 -1.089078647701627006e+03 -1.090155601251850385e+03 -1.089966306942347956e+03
-1.089087045533183073e+03 -1.088210880297504445e+03 -1.087613236458489155e+03 -1.087582335025605744e+03
0.000000000000000000e+00 0.000000000000000000e+00 0.000000000000000000e+00 0.000000000000000000e+00
-1.068384139886148887e+03 -1.069866422262659626e+03 -1.068872093135287514e+03 -1.071108374992519657e+03
-1.072873628771798849e+03 -1.072892893177932365e+03 -1.066642107915658016e+03 -1.071868850785319410e+03
0.000000000000000000e+00 0.000000000000000000e+00 0.000000000000000000e+00 0.000000000000000000e+00
-1.049990829600823645e+03 -1.052876535762764661e+03 -1.049639956037614866e+03 -1.051462970541226923e+03
0.000000000000000000e+00 0.000000000000000000e+00 0.000000000000000000e+00 0.000000000000000000e+00
-1.028700692379345128e+03 -1.028937481621389907e+03 -1.026144047152674602e+03 -1.023153862673090998e+03
0.000000000000000000e+00 0.000000000000000000e+00 0.000000000000000000e+00 0.000000000000000000e+00
-1.026706683944018550e+03 -1.026991682648948199e+03 -1.024045090519209680e+03 -1.027385066701919413e+03
-1.018055887246207476e+03 -1.018410814333771441e+03 -1.019391363284774570e+03 -1.020317805135562139e+03
-1.020538757166132427e+03 -1.021755800941402867e+03 -1.017379089631097941e+03 -1.020749912871048764e+03
0.000000000000000000e+00 0.000000000000000000e+00 0.000000000000000000e+00 0.000000000000000000e+00
0.000000000000000000e+00 0.000000000000000000e+00 0.000000000000000000e+00 0.000000000000000000e+00
0.000000000000000000e+00 0.000000000000000000e+00 0.000000000000000000e+00 0.000000000000000000e+00
0.000000000000000000e+00 0.000000000000000000e+00 0.000000000000000000e+00 0.000000000000000000e+00
0.000000000000000000e+00 0.000000000000000000e+00 0.000000000000000000e+00 0.000000000000000000e+00
0.000000000000000000e+00 0.000000000000000000e+00 0.000000000000000000e+00 0.000000000000000000e+00
0.000000000000000000e+00 0.000000000000000000e+00 0.000000000000000000e+00 0.000000000000000000e+00
-3.962416435536608219e+02 -3.930128715949130651e+02 -3.968437751105512348e+02 -3.970810352447151104e+02
0.000000000000000000e+00 0.000000000000000000e+00 0.000000000000000000e+00 0.000000000000000000e+00
0.000000000000000000e+00 0.000000000000000000e+00 0.000000000000000000e+00 0.000000000000000000e+00
-1.764977770179378069e+02 -1.786390256952775530e+02 -1.813277718305004100e+02 -1.806386758045692318e+02
-1.861152162050407810e+02 -1.861949367643413495e+02 -1.880181290940773238e+02 -1.794979763343588104e+02
0.000000000000000000e+00 0.000000000000000000e+00 0.000000000000000000e+00 0.000000000000000000e+00
-1.210263098145807817e+03 -1.209063913489716242e+03 -1.208981447617192998e+03 -1.211535122546153389e+03
-1.206981058009719391e+03 -1.207378871230293953e+03 -1.204411497027331052e+03 -1.203843921682686869e+03
-1.205199816270295287e+03 -1.201921856838827125e+03 -1.208151331422635849e+03 -1.208593403470988051e+03
0.000000000000000000e+00 0.000000000000000000e+00 0.000000000000000000e+00 0.000000000000000000e+00
0.000000000000000000e+00 0.000000000000000000e+00 0.000000000000000000e+00 0.000000000000000000e+00
-1.086332905812655781e+03 -1.085089327373698552e+03 -1.085248186117042906e+03 -1.086404464901916299e+03
-1.083727331294006262e+03 -1.082144391453711933e+03 -1.083691484695758618e+03 -1.082124126887896409e+03
0.000000000000000000e+00 0.000000000000000000e+00 0.000000000000000000e+00 0.000000000000000000e+00
0.000000000000000000e+00 0.000000000000000000e+00 0.000000000000000000e+00 0.000000000000000000e+00
0.000000000000000000e+00 0.000000000000000000e+00 0.000000000000000000e+00 0.000000000000000000e+00
0.000000000000000000e+00 0.000000000000000000e+00 0.000000000000000000e+00 0.000000000000000000e+00
-1.044979568216654116e+03 -1.041141821964822839e+03 -1.047007026589631096e+03 -1.046143962962541309e+03
-1.037398738869802401e+03 -1.033599678350710747e+03 -1.036790988295661691e+03 -1.037718519464483506e+03
-1.037882685053146133e+03 -1.036224332339173543e+03 -1.036991777981433643e+03 -1.039754374586080985e+03
-1.034659634472662674e+03 -1.037224710715722267e+03 -1.037138306266199834e+03 -1.032491513447955640e+03
0.000000000000000000e+00 0.000000000000000000e+00 0.000000000000000000e+00 0.000000000000000000e+00
-1.029590086240859591e+03 -1.028506855235114926e+03 -1.028218356176881116e+03 -1.023607224842298365e+03
-1.030786291339294621e+03 -1.029758612086190624e+03 -1.025784529307706180e+03 -1.030224623647455701e+03
0.000000000000000000e+00 0.000000000000000000e+00 0.000000000000000000e+00 0.000000000000000000e+00
-3.848908978473922957e+02 -3.831422606985609605e+02 -3.829460632837854632e+02 -3.840000388950264778e+02
0.000000000000000000e+00 0.000000000000000000e+00 0.000000000000000000e+00 0.000000000000000000e+00
0.000000000000000000e+00 0.000000000000000000e+00 0.000000000000000000e+00 0.000000000000000000e+00
-3.682591847657781727e+02 -3.662977748996926834e+02 -3.652420760535395061e+02 -3.735093116167332141e+02
-3.565679869938209663e+02 -3.573264606238309398e+02 -3.633111862378400474e+02 -3.689653502643681122e+02
-3.634112548125362991e+02 -3.682785820715379259e+02 -3.621989328091589186e+02 -3.665315794612349691e+02
-3.199255039812537120e+02 -3.200744585176337296e+02 -3.324580112562802583e+02 -3.251747260139288187e+02
-2.830266934829441539e+02 -2.891207777429461316e+02 -2.807389349503484368e+02 -2.853829487610084925e+02
-2.361756686251151791e+02 -2.341070501327276645e+02 -2.337004057103151240e+02 -2.366021231289152524e+02
0.000000000000000000e+00 0.000000000000000000e+00 0.000000000000000000e+00 0.000000000000000000e+00
-2.993965902693687440e+02 -2.868581304057288435e+02 -2.966659733054659114e+02 -2.891367899080559027e+02
-1.211214440380808810e+03 -1.213388298377852379e+03 -1.212905727657436728e+03 -1.209164126150449647e+03
-1.210460660324325772e+03 -1.207601036591072443e+03 -1.211033432892947303e+03 -1.206062148804386425e+03
0.000000000000000000e+00 0.000000000000000000e+00 0.000000000000000000e+00 0.000000000000000000e+00
0.000000000000000000e+00 0.000000000000000000e+00 0.000000000000000000e+00 0.000000000000000000e+00
0.000000000000000000e+00 0.000000000000000000e+00 0.000000000000000000e+00 0.000000000000000000e+00
-1.079407214958786426e+03 -1.084933256431433165e+03 -1.079916207158138150e+03 -1.080056578547286790e+03
-1.081645724717049006e+03 -1.080136166199773015e+03 -1.076846365622120629e+03 -1.080755132720579013e+03
0.000000000000000000e+00 0.000000000000000000e+00 0.000000000000000000e+00 0.000000000000000000e+00
-1.062247624473204723e+03 -1.061524173876359782e+03 -1.060876514407841796e+03 -1.064615709307274301e+03
-1.060205585543379357e+03 -1.056546010211525982e+03 -1.062089310774756314e+03 -1.062036179841868943e+03
-1.056236766724012341e+03 -1.056970956544717637e+03 -1.054165922502115791e+03 -1.056238332824280405e+03
-1.049474100654430458e+03 -1.049486028010315522e+03 -1.048989754301375342e+03 -1.045080198055403116e+03
-1.040588267591629574e+03 -1.037638390029873790e+03 -1.042087113595244773e+03 -1.037402466529234971e+03
-1.035246246433755687e+03 -1.040159250740410698e+03 -1.036142688674992542e+03 -1.038280538379737209e+03
-1.038196600462564675e+03 -1.039187287632372772e+03 -1.036058592496873416e+03 -1.034306551363727749e+03
0.000000000000000000e+00 0.000000000000000000e+00 0.000000000000000000e+00 0.000000000000000000e+00
-1.035159026014500341e+03 -1.032698151602080088e+03 -1.030184428733481582e+03 -1.030581288533518546e+03
-1.030905085027556197e+03 -1.030150306737581332e+03 -1.034044156671413020e+03 -1.031403356413329902e+03
0.000000000000000000e+00 0.000000000000000000e+00 0.000000000000000000e+00 0.000000000000000000e+00
-3.776952563454498772e+02 -3.811561383465872268e+02 -3.767888830173785664e+02 -3.837041351519816885e+02
-3.799966643577634500e+02 -3.789428694744485142e+02 -3.788580007060890580e+02 -3.771658998572314090e+02
-3.765349088705536360e+02 -3.693012528427467487e+02 -3.756501461737975660e+02 -3.784093170871336724e+02
-3.696654008273957288e+02 -3.768573730906904302e+02 -3.730992331862824472e+02 -3.649761549517742196e+02
0.000000000000000000e+00 0.000000000000000000e+00 0.000000000000000000e+00 0.000000000000000000e+00
-3.657838840590033556e+02 -3.677290720536706772e+02 -3.639742286950774997e+02 -3.641330342769210802e+02
0.000000000000000000e+00 0.000000000000000000e+00 0.000000000000000000e+00 0.000000000000000000e+00
-2.834499471273942959e+02 -2.900545164244749685e+02 -2.896406865321210944e+02 -2.897994921139646181e+02
0.000000000000000000e+00 0.000000000000000000e+00 0.000000000000000000e+00 0.000000000000000000e+00
-2.996323399737924547e+02 -2.990430995567426180e+02 -2.992510127970955978e+02 -2.952498293124648399e+02
-2.988046117440551370e+02 -2.912212443981769070e+02 -2.997148857986047119e+02 -2.987916696809680275e+02
-1.210731834049758845e+03 -1.214099143192211386e+03 -1.210224426213565948e+03 -1.212081499350229024e+03
-1.211361423528507885e+03 -1.210439798796560353e+03 -1.214317773394986261e+03 -1.212294794862519666e+03
-1.213639896850623927e+03 -1.213266912245186177e+03 -1.214898750589833071e+03 -1.212474597334500913e+03
0.000000000000000000e+00 0.000000000000000000e+00 0.000000000000000000e+00 0.000000000000000000e+00
0.000000000000000000e+00 0.000000000000000000e+00 0.000000000000000000e+00 0.000000000000000000e+00
0.000000000000000000e+00 0.000000000000000000e+00 0.000000000000000000e+00 0.000000000000000000e+00
-1.071960736134662056e+03 -1.076649269782167494e+03 -1.076993370776426445e+03 -1.077397854022716274e+03
-1.068353713398209948e+03 -1.066701478094842059e+03 -1.072238987193245066e+03 -1.071769921311132975e+03
-1.067223432353926910e+03 -1.063029526271449868e+03 -1.064364785635105591e+03 -1.066918837049790000e+03
-1.062777124614527338e+03 -1.063239831815846856e+03 -1.063017261666134118e+03 -1.060779424651824456e+03
-1.059732733019928673e+03 -1.057076968070565499e+03 -1.060883918655258185e+03 -1.059545103985051128e+03
0.000000000000000000e+00 0.000000000000000000e+00 0.000000000000000000e+00 0.000000000000000000e+00
-1.035329053340791461e+03 -1.038095294163315657e+03 -1.037305005675937991e+03 -1.040242313088451738e+03
-1.038331231462071855e+03 -1.039888813934013342e+03 -1.036761184399438207e+03 -1.039002482081637027e+03
-1.039307053508221543e+03 -1.041061301381311750e+03 -1.038831828929362018e+03 -1.038179813648232539e+03
-1.039906892788387950e+03 -1.037450908213329058e+03 -1.040731245191661628e+03 -1.037517021752450546e+03
-1.035439750064912232e+03 -1.035455077048112344e+03 -1.038674700724665627e+03 -1.035863752024332371e+03
0.000000000000000000e+00 0.000000000000000000e+00 0.000000000000000000e+00 0.000000000000000000e+00
0.000000000000000000e+00 0.000000000000000000e+00 0.000000000000000000e+00 0.000000000000000000e+00
0.000000000000000000e+00 0.000000000000000000e+00 0.000000000000000000e+00 0.000000000000000000e+00
-3.776201747256650378e+02 -3.783615598849048638e+02 -3.794642846203591375e+02 -3.802237800499606237e+02
-3.755345876780864387e+02 -3.783316035636570973e+02 -3.766431427182328093e+02 -3.744486236287953034e+02
-3.625594092157489854e+02 -3.755380400213146004e+02 -3.704357757901468062e+02 -3.751714269472346928e+02
-3.765419141818039179e+02 -3.749474727617332519e+02 -3.767120266292079123e+02 -3.634726322758598371e+02
0.000000000000000000e+00 0.000000000000000000e+00 0.000000000000000000e+00 0.000000000000000000e+00
-2.856302900028461522e+02 -2.857890955846897896e+02 -2.859479011665333701e+02 -2.886883977655883768e+02
-2.919416909427959581e+02 -2.935452219847476272e+02 -2.855488202047346817e+02 -2.891757197816975804e+02
-2.927258327965498665e+02 -2.928747873329298272e+02 -2.941061299957221422e+02 -2.897677141335427677e+02
-2.911008787035459591e+02 -2.953452156882170243e+02 -2.961964553149491053e+02 -2.874252656603459855e+02
-2.906621123493322330e+02 -2.973587794278840306e+02 -2.913700921437415445e+02 -2.909688709999634852e+02
