-5.196205234437669424e+04 -5.196365894291847508e+04 -5.196014696419789107e+04 -5.196427615660611627e+04
0.000000000000000000e+00 0.000000000000000000e+00 0.000000000000000000e+00 0.000000000000000000e+00
-6.391226746310272233e+01 -6.390437091798951741e+01 -6.391315855200934948e+01 -6.390813888527029718e+01
0.000000000000000000e+00 0.000000000000000000e+00 0.000000000000000000e+00 0.000000000000000000e+00
0.000000000000000000e+00 0.000000000000000000e+00 0.000000000000000000e+00 0.000000000000000000e+00
-4.261220207656490544e+01 -4.251377496973976378e+01 -4.255548766485031109e+01 -4.242857399887348890e+01
-4.138491556355075573e+01 -4.156700512320183805e+01 -4.176137830257744810e+01 -4.146056815728609024e+01
-4.034182833738970686e+01 -4.040373553987533484e+01 -4.048582597960150764e+01 -4.041925273705719235e+01
-4.002815161920747755e+01 -4.003866359038063649e+01 -4.007193218130409917e+01 -4.002947894903714854e+01
0.000000000000000000e+00 0.000000000000000000e+00 0.000000000000000000e+00 0.000000000000000000e+00
0.000000000000000000e+00 0.000000000000000000e+00 0.000000000000000000e+00 0.000000000000000000e+00
-6.406991644597397340e+01 -6.406649629318287964e+01 -6.407182891652864498e+01 -6.292680659028098944e+01
-6.052729105927733855e+01 -6.365443875557134135e+01 -6.366407338401199212e+01 -6.365501146210991124e+01
0.000000000000000000e+00 0.000000000000000000e+00 0.000000000000000000e+00 0.000000000000000000e+00
0.000000000000000000e+00 0.000000000000000000e+00 0.000000000000000000e+00 0.000000000000000000e+00
-4.336631781810177699e+01 -4.316231839109075707e+01 -4.327623541238278193e+01 -4.329118616293494171e+01
0.000000000000000000e+00 0.000000000000000000e+00 0.000000000000000000e+00 0.000000000000000000e+00
-3.912718518170770210e+01 -3.942730622500337745e+01 -3.917477666561796923e+01 -3.919599427850289430e+01
-3.930798455385603063e+01 -3.951938418943255016e+01 -3.928590425870883962e+01 -3.927482146421102271e+01
-3.951966118893956548e+01 -3.951017255537880146e+01 -3.951862431840900314e+01 -3.946473634202170899e+01
-6.464524399976326663e+01 -6.459369491395366936e+01 -6.463342466784865792e+01 -6.461288278342188107e+01
0.000000000000000000e+00 0.000000000000000000e+00 0.000000000000000000e+00 0.000000000000000000e+00
-5.252056334612942123e+01 -6.270168956285240114e+01 -6.270183621702354770e+01 -6.270950838993964993e+01
0.000000000000000000e+00 0.000000000000000000e+00 0.000000000000000000e+00 0.000000000000000000e+00
-4.542027297804130370e+01 -4.539952327184500547e+01 -4.538287545807813217e+01 -4.532521472457121092e+01
-4.391266167768285555e+01 -4.373698412888542464e+01 -4.387194827616512782e+01 -4.364843726111978839e+01
-4.094522389324691858e+01 -4.096143277494159918e+01 -4.107018094580925549e+01 -4.074498743101486298e+01
-3.734171181873581702e+01 -3.784593678766052705e+01 -3.761835500240087526e+01 -3.777743889601472205e+01
-3.859027896161468618e+01 -3.863075516282820843e+01 -3.867052713732084612e+01 -3.866052759233184588e+01
0.000000000000000000e+00 0.000000000000000000e+00 0.000000000000000000e+00 0.000000000000000000e+00
-6.447358561471313010e+01 -6.437618604470256400e+01 -6.440235361389116520e+01 -6.445631517938215893e+01
-6.345030757944017097e+01 -6.354471901933792566e+01 -6.344646353386647064e+01 -6.352780055957774863e+01
-6.125975180841201251e+01 -6.124866854538671390e+01 -6.122317826910968819e+01 -4.508745916257709752e+01
-5.464914308774934426e+01 -5.452172355453502917e+01 -5.465911203495113568e+01 -3.654425657382674331e+01
-2.950870931096557470e+01 -4.676082957066127932e+01 -4.683237450181729145e+01 -4.673337381858682704e+01
-4.543452902643081615e+01 -4.538576283785020848e+01 -4.548821680562005554e+01 -4.543679461249018203e+01
0.000000000000000000e+00 0.000000000000000000e+00 0.000000000000000000e+00 0.000000000000000000e+00
-3.123187101332400317e+01 -3.161552465561324254e+01 -3.143441188266327657e+01 -3.142915353277075141e+01
0.000000000000000000e+00 0.000000000000000000e+00 0.000000000000000000e+00 0.000000000000000000e+00
0.000000000000000000e+00 0.000000000000000000e+00 0.000000000000000000e+00 0.000000000000000000e+00
-6.501729427383330062e+01 -6.503021733406853855e+01 -6.510980977654659796e+01 -6.511659659059061767e+01
-6.437420268424928338e+01 -6.443317949325330574e+01 -6.443762750546075324e+01 -6.434115273219595110e+01
-6.289021526091853076e+01 -6.266666694032725360e+01 -6.291429441220492436e+01 -6.289080585755637287e+01
0.000000000000000000e+00 0.000000000000000000e+00 0.000000000000000000e+00 0.000000000000000000e+00
-2.152092059304620264e+01 -4.029233382330992441e+01 -4.033797602337960342e+01 -4.036757250914367745e+01
0.000000000000000000e+00 0.000000000000000000e+00 0.000000000000000000e+00 0.000000000000000000e+00
0.000000000000000000e+00 0.000000000000000000e+00 0.000000000000000000e+00 0.000000000000000000e+00
-2.504398975677542438e+01 -2.507767256174357584e+01 -2.505643058831816106e+01 -2.479853624312138294e+01
-1.745536847662111768e+01 -1.775268922658744941e+01 -1.789574942745039010e+01 -1.778737583738656269e+01
0.000000000000000000e+00 0.000000000000000000e+00 0.000000000000000000e+00 0.000000000000000000e+00
-6.607613643299474404e+01 -6.608961324292376105e+01 -6.605340629157507237e+01 -6.605276822564462691e+01
-6.585694863805497334e+01 -6.587740660044906349e+01 -6.587539233943039108e+01 -6.585796890897344724e+01
0.000000000000000000e+00 0.000000000000000000e+00 0.000000000000000000e+00 0.000000000000000000e+00
-3.254219872655560408e+01 -3.255860272482028250e+01 -3.255357829349387799e+01 -3.258222844153985420e+01
-1.499121807733815359e+01 -3.350533547385847299e+01 -3.363788154135400532e+01 -3.345735634848726647e+01
-1.848354856130738000e+01 -3.001356242186227519e+01 -3.003642915927615320e+01 -2.988792680040991101e+01
0.000000000000000000e+00 0.000000000000000000e+00 0.000000000000000000e+00 0.000000000000000000e+00
0.000000000000000000e+00 0.000000000000000000e+00 0.000000000000000000e+00 0.000000000000000000e+00
-9.237712904023211991e+00 -9.649847634932850582e+00 -9.547964794752616058e+00 -9.602955675749869968e+00
-9.714072186993288227e+00 -9.669358381740124742e+00 -9.735403307716337551e+00 -9.698263342122704245e+00
-6.710518426373238299e+01 -6.713237237989521589e+01 -6.713609581571523677e+01 -6.714025598906050618e+01
-6.709894915333978815e+01 -6.710061575295688385e+01 -6.701161827643423408e+01 -6.710851781351625789e+01
0.000000000000000000e+00 0.000000000000000000e+00 0.000000000000000000e+00 0.000000000000000000e+00
-3.129346994779066193e+01 -3.129396062735416706e+01 -3.132668189925562174e+01 -3.131990315591895069e+01
-3.045372388363188065e+01 -3.055576808740356398e+01 -3.045412179347076531e+01 -8.686171270304624770e+00
-2.676616988220090576e+01 -2.674383274053158743e+01 -2.680557320982501679e+01 -3.845255002240119957e+00
-1.838554788956540165e+01 -1.792968424950150919e+01 -1.827223407650751241e+01 -1.742404777431965979e+00
-9.217284758440326797e+00 -9.273040674413882911e+00 -9.314732037042258384e+00 -7.775932954155924115e-01
0.000000000000000000e+00 0.000000000000000000e+00 0.000000000000000000e+00 0.000000000000000000e+00
0.000000000000000000e+00 0.000000000000000000e+00 0.000000000000000000e+00 0.000000000000000000e+00
-6.793357854926988182e+01 -6.802862586826464053e+01 -6.796160647704255098e+01 -6.797655425533575624e+01
-6.793809007536982847e+01 -6.802884184196055628e+01 -6.795496777707118952e+01 -6.797753137357068454e+01
0.000000000000000000e+00 0.000000000000000000e+00 0.000000000000000000e+00 0.000000000000000000e+00
-3.082463287586637080e+01 -3.084980795899396355e+01 -3.081311576777398997e+01 -3.079643344025297225e+01
-3.008423963353525110e+01 -3.007930620321318926e+01 -3.008678858900639241e+01 -3.006058988424299372e+01
-2.857895659474573691e+01 -2.807819396175754179e+01 -2.857299476321941256e+01 -2.858838422912575084e+01
0.000000000000000000e+00 0.000000000000000000e+00 0.000000000000000000e+00 0.000000000000000000e+00
-6.567729260919812795e+00 -6.578009227792410485e+00 -6.540635537758525686e+00 -3.186406495711247455e+00
-4.090566909968063491e+00 -4.908140190480046461e-01 -4.127238687303541376e+00 -4.101727771945455459e+00
-4.702023959739707770e+00 -4.695391165846075410e+00 -4.823947036803887478e+00 -4.688799938055081995e+00
-6.863504109903732342e+01 -6.868235381052768673e+01 -6.868136834018861236e+01 -6.858622168287867282e+01
-6.868987566815491164e+01 -6.868233316644240460e+01 -6.877606246430933368e+01 -6.865556359796680397e+01
-6.912409428887875151e+01 -6.910340772412995136e+01 -6.904626571104358845e+01 -6.903713058261850222e+01
0.000000000000000000e+00 0.000000000000000000e+00 0.000000000000000000e+00 0.000000000000000000e+00
-3.029038133579600967e+01 -3.029973214445498186e+01 -3.029864473173445560e+01 -3.028537628828590655e+01
0.000000000000000000e+00 0.000000000000000000e+00 0.000000000000000000e+00 0.000000000000000000e+00
0.000000000000000000e+00 0.000000000000000000e+00 0.000000000000000000e+00 0.000000000000000000e+00
-5.898253721627028767e+00 -5.909498169016856650e+00 -5.897368232139752031e+00 -5.960959372811653445e+00
-5.194891970990783925e+00 -1.811880089837468288e+00 -5.220776187955355141e+00 -5.336163629806097930e+00
-5.203409751053518661e+00 -5.264290442666879066e+00 -3.856998263680777583e+00 -5.203473471304103093e+00
-6.888642713256336947e+01 -6.900451016505773794e+01 -6.900607663316672813e+01 -6.894188147508505438e+01
-6.906749828533611435e+01 -6.908942020570945886e+01 -6.904847801825989961e+01 -6.901160014965714140e+01
-6.925527843110623394e+01 -6.927005449061464049e+01 -6.932253615870899921e+01 -6.931292164229783737e+01
-6.956448434879493448e+01 -6.954210632780210233e+01 -6.958540211057780311e+01 -6.958234243356780269e+01
0.000000000000000000e+00 0.000000000000000000e+00 0.000000000000000000e+00 0.000000000000000000e+00
0.000000000000000000e+00 0.000000000000000000e+00 0.000000000000000000e+00 0.000000000000000000e+00
-5.992379702156113375e+00 -6.001020959462498361e+00 -5.989838849896141681e+00 -6.003346533295743193e+00
-5.862137418470420691e+00 -5.866839899751908227e+00 -5.851504757548446456e+00 -5.833290582501027721e+00
-5.529406231555880069e+00 -5.473414683391640168e+00 -5.536668261705851357e+00 -5.531729396995716641e+00
-5.437666837090842087e+00 -4.927943880640370367e+00 -5.439748491919024431e+00 -5.435887329889680153e+00
