1.398697574318230830e+00 -4.503521469349661133e-02 -4.511979319882191558e-02 -3.018836060753552625e-02
-7.278862934829139104e-03 -4.775595098030126912e-02 1.169646604127375866e+00 1.545413936177064129e-01
1.187216126851826647e+00 -4.202553955348028308e-02 2.966978710878951375e-01 -1.353722713411066765e-02
2.585746087084475620e-01 -4.515878253291058519e-02 1.097549764992836074e+00 2.125422157686052416e-01
3.803951717874873295e-02 -2.828118811976692432e-02 1.135481533564360879e+00 -2.806365810251367637e-02
1.233992609850374400e+00 -3.201626987337023722e-02 -4.355547814229380338e-02 2.847747966590588597e-02
4.281734558205755881e-01 1.186171376282284529e+00 1.930694657723308894e-01 9.904327847637779680e-02
1.084540941668348690e+00 2.998704877895572683e-03 1.161818491107377671e+00 3.178165955774843732e-01
1.151471054520680909e-01 1.565725420343770380e-01 2.239128894774362333e-01 1.083597303855950544e+00
1.008591411413701198e-02 1.287753836425638010e+00 3.119869917138058391e-01 -4.458201224813254648e-02
3.796232073156533549e-01 -1.477919280845311177e-02 -4.350296336490849097e-02 1.212844675791282745e+00
1.025334538718419175e+00 2.260480672320130391e-01 8.335998546938494513e-02 7.084497426044894519e-01
1.490952433434100943e-01 1.817163187355030629e-01 5.097685837285236277e-01 2.876756135512102408e-01
5.407615284811131268e-02 1.002649129652383397e+00 9.511311815235702349e-01 1.502881632758793287e-02
-4.343393871844957593e-02 3.888013520411153778e-01 1.026339934714088020e+00 -4.566200366191809634e-02
9.557021205061585478e-01 5.170623192184874151e-02 -4.601577368980853955e-02 2.761092310686584783e-01
1.472213487022056011e-01 5.448524261308466954e-02 1.097597581273577427e+00 1.275369562204133889e-01
1.566066099764950037e-01 1.030419644490360387e+00 2.909670296137732981e-01 1.099128543279110026e+00
1.081488657542469145e+00 4.261504189741776583e-01 -4.414454748845184073e-02 2.360626329224692621e-01
2.910202932753275240e-02 1.005324474263508794e+00 4.629898399497418132e-02 -4.767119333507920803e-02
-4.287168558065365676e-02 -9.332501793254451700e-03 -4.135867433562558787e-02 8.834415386448738472e-01
-4.483063953030996113e-02 2.998076131372350295e-01 -3.754212003545193133e-02 1.007913307515667878e+00
-3.816511307681585280e-02 1.146751632006836052e+00 -2.319719863913639185e-02 2.976557484635887763e-01
-4.367416066100603123e-02 1.794299745287751199e-02 1.713786758933627252e-01 1.249117480294832827e+00
-4.408892917813556772e-02 1.061473264132244188e+00 -1.468256794372909020e-02 -4.110918564652776830e-02
