-2.585246012248297240e-02 -5.081087349600024083e+01 -5.077597917770177816e+01 1.867448741884800034e+00
1.088709447592467183e-01 -5.107183519501921154e+01 -6.013393902078596059e-02 1.737410635038561191e+00
1.871170457346452043e+00 -4.900372977080252923e+01 1.265212732510806980e-02 1.282622239350658555e+00
1.172191275993337556e-01 -5.314062129695155789e+01 2.319726716284623014e-01 1.762468845290660280e+00
1.846066349467927692e+00 -5.096977512672471278e+01 -1.628779035615400203e-02 -5.197182773281696200e+01
6.214311396872110316e-02 1.875207611846767763e+00 -5.071979755065054718e+01 5.118662728082947616e-02
1.089059307226577372e-01 1.306061427544725539e+00 1.944901319725153011e+00 1.075442385628240016e+00
8.847771455986873645e-01 4.519058188173694091e-02 1.490237454258149796e-01 1.783521266840983666e+00
1.208285662388624671e+00 1.771111948253336843e+00 2.650697231706775070e-02 1.233752986123572537e+00
1.770737160381216757e+00 2.293250639205841185e-02 1.744215111284093678e-01 -5.276553867517507257e+01
8.684610868969447339e-02 1.153600422742182330e+00 -5.116614381161959102e+01 1.735346873231642606e+00
1.533782308482461720e-01 1.511420884691282662e+00 3.035757281583653655e-02 7.875741137112873824e-01
1.752520510566468293e+00 4.731991567205959814e-01 8.749519020259826085e-01 7.331392538540780490e-02
4.028366675427323684e-02 4.549545072294420289e-01 2.114982780482980385e+00 2.061607360950984125e-01
2.024156105461094590e+00 -5.931562044847094733e-02 9.180923708707898756e-01 -5.220019516757810152e+01
2.072569395045868734e-01 1.651268682090685891e+00 -4.929117782926893199e+01 3.809540669906771870e-02
-4.187506606650460289e-02 1.018439537849237686e+00 1.790700184526994088e+00 2.999173204683849292e-01
1.909740035438156402e+00 3.512980785458028610e-01 1.057979685582123297e+00 1.059321913367772400e-01
1.358391625410705237e-03 1.944853933951339098e+00 1.570554897119272875e+00 1.365346436899300964e-01
1.825530446137418661e+00 -3.548096560996959192e-02 1.202918984842539674e+00 -5.238749010562840169e+01
-4.807977344533838349e-02 1.227533937574627698e+00 -5.217637365765116897e+01 1.797465754084439205e+00
1.477460256982311981e-01 1.745332661109976202e+00 -1.130297413765095696e-02 1.566846801816216828e-01
1.912032113033102609e+00 -3.884701529436783429e-03 1.192931979045823487e+00 3.307845183671619949e-01
-6.077844270023549655e-02 1.677598110657663621e+00 1.395709398100073884e+00 8.007118232774471100e-02
2.056712775107063518e+00 -6.873393763848960336e-02 1.225432649578648725e+00 -5.201431211990190207e+01
-5.065629544021084740e+01 1.498229474230824421e+00 -5.147560499017481561e+01 -6.252014546307596565e-02
-5.159758415646562213e+01 1.247887520894199076e+00 1.962255340687152350e+00 4.722221236092527009e-03
-5.143671195684967046e+01 -1.534242756934750714e-02 1.926367383938847322e+00 4.097187355651377150e-01
-5.139113917186004699e+01 1.827405961481880281e+00 1.151649594075121463e+00 -6.005956778111921912e-02
-5.225331941405990221e+01 -3.107651884925431707e-02 1.796816023000220586e+00 -5.189218980740406550e+01
