-6.320714540954781857e-02 -7.716675191778400722e-02 -7.797155553265122663e-02 1.387185735873275094e+00
1.123773499646002705e+00 -7.252046281549137663e-02 3.538409844678394589e-02 3.438756939891961517e-01
6.340628155461522364e-02 -7.211000872167971920e-02 8.096085030047775466e-02 1.243332227210199203e+00
1.554299833018174981e+00 -6.850716334421866338e-02 1.944585241657597122e-02 1.515612337181378111e+00
1.151609275440738767e+00 -6.212414677540446795e-02 1.659804074357542902e-01 7.265123828311067511e-01
4.339502250530402616e-01 -6.874007994597751414e-02 5.070995764267990369e-01 1.047956502646789412e+00
1.233756358509490836e+00 -8.695828604806712936e-02 -5.534860958854669749e-02 -8.721751953128399626e-02
-1.608052348272104998e-02 1.018154649888544316e+00 -7.185534393995772484e-02 5.444516913865403707e-01
1.431651129408738898e-01 8.786551283587878958e-02 1.059073777002459416e-01 1.538917718967213411e+00
2.963388780485637364e-01 1.177907391860713249e+00 1.660877860587530244e-02 1.157663843166016449e+00
6.226156643271800739e-01 2.140956097470904929e-01 2.542952306076243230e-01 9.761029586269992508e-01
4.654998580688353704e-01 7.779484845704282003e-01 7.113926907544698697e-01 1.357237373651444701e+00
5.195728106122575740e-01 1.440585618518089639e+00 5.361479368143317464e-02 5.924863106799926893e-01
1.289315323142890657e+00 5.349719135170468570e-02 4.623534740499468665e-01 -8.055975556164340912e-02
1.100118672896859273e-01 1.304036877908513858e+00 -7.017590230792014605e-02 1.607449373625670086e-01
1.205051729389116977e+00 4.867090965642234535e-01 8.149725762485121594e-01 1.385042684339621577e-01
1.921038426944365538e-02 5.838148867070431791e-01 1.155940976260403152e+00 1.028621514082005861e+00
2.349253112134778443e-01 2.356049259824471165e-01 4.299761041819202267e-01 7.053142428310302248e-02
1.215918478533281277e+00 4.636255999955136708e-01 1.082261070149127757e+00 9.315727818163151153e-02
1.040005155369721213e-01 3.267319326127852142e-01 1.133111535945945381e+00 1.615837937825605197e-01
1.458549762521285764e+00 -8.156195826998227649e-02 6.920672426294031121e-01 -8.346272525917097784e-02
2.086092854959523402e-01 1.117491262339582514e+00 -6.306929517353566939e-02 7.469135036426702290e-02
1.035472977979106785e-01 1.769493937836404407e-01 1.290406434175339401e+00 1.762014478354310132e-01
-1.142910048458305877e-02 1.271412089275956170e+00 7.638359205526576989e-01 2.150610574138718811e-01
1.261518904367955773e+00 8.832569678368583643e-01 4.283119682420546415e-01 8.861826574904035914e-02
6.127052480877958063e-01 1.453792387322442869e-01 1.345111275139871498e+00 8.138519301525835858e-02
6.367541250827352117e-01 1.364570677477597416e+00 7.785212129238996415e-01 -1.997601652216940415e-02
5.193581506519653335e-01 -6.881392066635938498e-02 1.124929497216154539e+00 -8.058448015395669461e-02
-4.155957939270701201e-02 6.641368174406110381e-01 -7.073946922537611981e-02 1.316182813349160874e+00
-5.171403644166319008e-03 7.883175440687368862e-01 1.804307802067457028e-02 1.337987936019011892e+00
3.250504796131981761e-02 1.368984122248166235e+00 1.066781166701924327e-01 3.007790656341305935e-01
4.963269886155403099e-01 -3.333580491840093876e-03 5.639913992551220945e-01 1.157122194648761315e+00
4.002185877825035210e-01 8.835046667964134570e-02 -8.690039071037212667e-03 1.354778184672451591e+00
7.221963493261936984e-01 2.621342642870795325e-01 -1.569853699001899638e-02 1.669826815056999703e+00
1.207796658876971962e+00 3.905144132363776444e-01 -7.617609214185797062e-02 -7.810235864130093963e-02
-8.132196466743366048e-02 1.368933643693195146e+00 -8.149828790724029937e-02 -8.113208831831719703e-02
-8.065670870560513739e-02 6.364690015097812514e-01 1.455314598597650333e+00 -2.701001132925905796e-02
-7.479626929588194251e-02 6.014890392255477503e-01 1.015460700732769395e+00 -7.454879138577323594e-02
-7.426254043730717846e-02 2.242543380771004902e-01 1.156979896202314784e+00 -3.702129969293213585e-03
-7.141005417336018790e-02 5.386952728305669652e-02 1.271630198871538608e+00 -5.581874371224334469e-02
-7.321961931114064071e-02 -4.566188445402444285e-02 1.165461986028851316e+00 7.546875517093419583e-02
-6.788208373103385429e-02 -4.933563305621970624e-02 1.158244199405068509e+00 -6.851466685554086222e-02
