-2.655582902987416816e+01 -2.722108913409980957e+01 -2.722099952214635366e+01 -2.721334571922790246e+01
0.000000000000000000e+00 0.000000000000000000e+00 0.000000000000000000e+00 0.000000000000000000e+00
-2.232429084913792039e+01 -2.233193425826529221e+01 -2.231793410658954002e+01 -2.233357901687882574e+01
-2.213306300710317487e+01 -2.217713569268718032e+01 -2.214401635732246376e+01 -2.217609932706445619e+01
-2.131141954533092076e+01 -2.132178069102709017e+01 -2.135452638682571802e+01 -2.134738472195733294e+01
-2.041689959396040166e+01 -2.041775455011243423e+01 -2.040671480190841081e+01 -2.035968579100802955e+01
-1.976319629051925020e+01 -1.976579273197400255e+01 -1.976118826928788508e+01 -1.973402726200144031e+01
0.000000000000000000e+00 0.000000000000000000e+00 0.000000000000000000e+00 0.000000000000000000e+00
-1.610439876771994605e+01 -1.608776754890914518e+01 -1.605501842628937936e+01 -1.606214786405013584e+01
-1.587332408579214693e+01 -1.585603273408194092e+01 -1.592226803527653267e+01 -1.590697886185710708e+01
-2.691445484477742411e+01 -2.691825058158634221e+01 -2.691015747384588863e+01 -2.571709278923461639e+01
-2.378890961584997754e+01 -2.662729382758599428e+01 -2.662842511821584779e+01 -2.662788769649563392e+01
0.000000000000000000e+00 0.000000000000000000e+00 0.000000000000000000e+00 0.000000000000000000e+00
-2.265939547424931177e+01 -2.268907893279351384e+01 -2.265533966393786969e+01 -2.265296629196322442e+01
0.000000000000000000e+00 0.000000000000000000e+00 0.000000000000000000e+00 0.000000000000000000e+00
-1.974110679871755281e+01 -1.980235926923000278e+01 -1.980011704589944088e+01 -1.981053319846042271e+01
-1.908150120997678556e+01 -1.902790412392295494e+01 -1.907115744904265142e+01 -1.907215371028755868e+01
-1.758285615431918814e+01 -1.752636685250462634e+01 -1.755008976182856273e+01 -1.757211307808510981e+01
-1.608568977129626276e+01 -1.608266279901850027e+01 -1.603436124542474062e+01 -1.601695956720630321e+01
-1.551548950235463309e+01 -1.557769240919787990e+01 -1.550481918789099822e+01 -1.551325091462482497e+01
-2.663314281441322606e+01 -2.663159040621408735e+01 -2.663088785381010126e+01 -2.657453034007726700e+01
-2.610992919544042934e+01 -2.613398291835560983e+01 -2.612691066258427952e+01 -2.195426996734256520e+01
-2.455785906339113822e+01 -2.452465303236272121e+01 -2.479742778155862482e+01 -1.956010842499484070e+01
-2.304331032647371558e+01 -2.306351978261223934e+01 -2.305124116143396051e+01 -1.726228994173975906e+01
-2.154780037352699296e+01 -2.152298887846106723e+01 -2.155256486796542248e+01 -1.502829749891620992e+01
-1.242976346148734557e+01 -1.980495437912455614e+01 -1.980903851196935506e+01 -1.974378674770042608e+01
0.000000000000000000e+00 0.000000000000000000e+00 0.000000000000000000e+00 0.000000000000000000e+00
0.000000000000000000e+00 0.000000000000000000e+00 0.000000000000000000e+00 0.000000000000000000e+00
-1.481508626856936317e+01 -1.482863492544334960e+01 -1.482450536608168967e+01 -1.487525421445195306e+01
-1.457414540193049923e+01 -1.452393930815870071e+01 -1.453758595500188910e+01 -1.452712647138446478e+01
0.000000000000000000e+00 0.000000000000000000e+00 0.000000000000000000e+00 0.000000000000000000e+00
0.000000000000000000e+00 0.000000000000000000e+00 0.000000000000000000e+00 0.000000000000000000e+00
0.000000000000000000e+00 0.000000000000000000e+00 0.000000000000000000e+00 0.000000000000000000e+00
-2.338213135326536474e+01 -2.149664043325594420e+01 -2.338276242009361994e+01 -2.338435039215808331e+01
0.000000000000000000e+00 0.000000000000000000e+00 0.000000000000000000e+00 0.000000000000000000e+00
-9.661028938222655071e+00 -1.793998058625422232e+01 -1.803642410898567405e+01 -1.802280966677822249e+01
-1.677174858035910887e+01 -1.677739062197832354e+01 -1.681369842607762166e+01 -1.675598540845349049e+01
-1.536859287111229300e+01 -1.535435093926111705e+01 -1.539281621595354110e+01 -1.533425280640825328e+01
-1.369350400289112812e+01 -1.374810418180903682e+01 -1.374332014502030752e+01 -1.374503261127567733e+01
-1.319986136218193806e+01 -1.315891580349491896e+01 -1.317496918884605073e+01 -1.315192069422669086e+01
0.000000000000000000e+00 0.000000000000000000e+00 0.000000000000000000e+00 0.000000000000000000e+00
-2.985567454740931481e+01 -2.978742309786323972e+01 -2.985262187833731318e+01 -2.982427065375534525e+01
0.000000000000000000e+00 0.000000000000000000e+00 0.000000000000000000e+00 0.000000000000000000e+00
-2.359878652780757236e+01 -2.352611679739867157e+01 -2.352112851806248983e+01 -2.379038371368622862e+01
-2.070983900347577844e+01 -2.073062454580474778e+01 -2.075984305114765505e+01 -1.482290701523765719e+01
-6.877975756810549512e+00 -1.719233696246253373e+01 -1.719962140752814150e+01 -1.704851193050005165e+01
0.000000000000000000e+00 0.000000000000000000e+00 0.000000000000000000e+00 0.000000000000000000e+00
0.000000000000000000e+00 0.000000000000000000e+00 0.000000000000000000e+00 0.000000000000000000e+00
-1.116069925909283533e+01 -1.131708387377033986e+01 -1.123459134697314532e+01 -1.123897337527361984e+01
-1.107554691214496145e+01 -1.106259304475016592e+01 -1.103660982280941028e+01 -1.103392707570581166e+01
-3.049252326009737857e+01 -3.039646913224799718e+01 -3.042981666305275823e+01 -3.049527260625599467e+01
-2.976056677676270468e+01 -2.964398745459192952e+01 -2.984581912478730814e+01 -2.988933057466626053e+01
-2.896864688238193608e+01 -2.864953833544829465e+01 -2.882870318000996690e+01 -2.908759751226637036e+01
-2.621544636285176111e+01 -2.655881392218076087e+01 -2.650140664354804443e+01 -2.623692158567127564e+01
0.000000000000000000e+00 0.000000000000000000e+00 0.000000000000000000e+00 0.000000000000000000e+00
-4.980691874014722131e+00 -1.233490230855219849e+01 -1.252755775951989925e+01 -1.252279591900804689e+01
-9.788645541435972319e+00 -9.783673185471535305e+00 -9.786304866870622732e+00 -9.787208072371837986e+00
-8.322744044884473169e+00 -8.380866224786345242e+00 -8.396116058717558062e+00 -8.384476353297669604e+00
-7.871994124380855773e+00 -8.292013707217041230e+00 -8.397492706814903229e+00 -8.250559793423255073e+00
-8.541737075614165065e+00 -8.534764053782989635e+00 -8.502890434517818008e+00 -8.568186974847211701e+00
-3.094219086740430313e+01 -3.094676861817841740e+01 -3.072534363078770880e+01 -3.073338783200251711e+01
0.000000000000000000e+00 0.000000000000000000e+00 0.000000000000000000e+00 0.000000000000000000e+00
-3.015462892315694532e+01 -3.025037539145699128e+01 -3.002877482342145399e+01 -2.997595197652628940e+01
0.000000000000000000e+00 0.000000000000000000e+00 0.000000000000000000e+00 0.000000000000000000e+00
0.000000000000000000e+00 0.000000000000000000e+00 0.000000000000000000e+00 0.000000000000000000e+00
-1.010182904022308037e+01 -1.013128213884657569e+01 -1.003025734880759146e+01 -3.752372506784336981e+00
-8.833280055349689519e+00 -8.992706807019693827e+00 -8.973571370796497249e+00 -2.702612199583114716e+00
-6.588266000992900828e+00 -6.501228919378901239e+00 -6.453154125750942605e+00 -1.845874244586413804e+00
-9.654750689611600878e-01 -5.259384372769359217e+00 -5.071115040136207952e+00 -5.104393395085298657e+00
-5.656484909578125553e+00 -5.674785962528943628e+00 -5.665456375654235543e+00 -5.706390380324418921e+00
-3.119769652539872951e+01 -3.116461617825726549e+01 -3.114765469674027543e+01 -3.125934165465769965e+01
-3.140180030170568770e+01 -3.153235873661737898e+01 -3.129827184310009258e+01 -3.156543724201450374e+01
-3.070412445069878515e+01 -3.123008396792783969e+01 -3.101844626581547359e+01 -3.080669231343453873e+01
0.000000000000000000e+00 0.000000000000000000e+00 0.000000000000000000e+00 0.000000000000000000e+00
-8.546250743344941725e+00 -8.595318510672404599e+00 -8.575561756103315503e+00 -8.601427584889496103e+00
-8.875832197372748311e+00 -8.804820418353111577e+00 -8.850546814041829080e+00 -8.871389139538491619e+00
0.000000000000000000e+00 0.000000000000000000e+00 0.000000000000000000e+00 0.000000000000000000e+00
-3.694493521558491533e+00 -3.759801983710557405e+00 -3.720112425325144745e+00 -1.733006286235294180e+00
0.000000000000000000e+00 0.000000000000000000e+00 0.000000000000000000e+00 0.000000000000000000e+00
-3.125574383225114161e+00 -3.210137603362814840e+00 -3.106833994890077832e+00 -3.230883452501183584e+00
0.000000000000000000e+00 0.000000000000000000e+00 0.000000000000000000e+00 0.000000000000000000e+00
-3.176438834429073665e+01 -3.185103322947047388e+01 -3.183619028299700560e+01 -3.164573609340235549e+01
-3.145265449517586021e+01 -3.107369397988817994e+01 -3.150073100007031712e+01 -3.107239827881033278e+01
0.000000000000000000e+00 0.000000000000000000e+00 0.000000000000000000e+00 0.000000000000000000e+00
-8.242112497604042076e+00 -8.190678020114470215e+00 -8.238507812144735709e+00 -8.241882735135936500e+00
-7.739481888390748132e+00 -7.745154664256086896e+00 -7.739099946787471040e+00 -7.743835388532226638e+00
-6.312227060965136971e+00 -6.331456772607614525e+00 -6.295353617843958638e+00 -6.339994523634420176e+00
-4.103605951195132384e+00 -4.104984663425161884e+00 -4.147811228356646396e+00 -4.139614510591647978e+00
-2.303206906452931690e+00 -5.899763328425984277e-01 -2.313672843121517442e+00 -2.318649884840484621e+00
0.000000000000000000e+00 0.000000000000000000e+00 0.000000000000000000e+00 0.000000000000000000e+00
-3.227012843957182042e+01 -3.237851951401701456e+01 -3.232729326055370933e+01 -3.238289971573304626e+01
-3.211764351953872421e+01 -3.219113326274247555e+01 -3.215431300643162871e+01 -3.205627606031380594e+01
0.000000000000000000e+00 0.000000000000000000e+00 0.000000000000000000e+00 0.000000000000000000e+00
0.000000000000000000e+00 0.000000000000000000e+00 0.000000000000000000e+00 0.000000000000000000e+00
0.000000000000000000e+00 0.000000000000000000e+00 0.000000000000000000e+00 0.000000000000000000e+00
-7.339391127058856767e+00 -7.376464997471748219e+00 -7.328132398687985827e+00 -7.330290959948451146e+00
-6.843843144469267337e+00 -6.847779461971938098e+00 -6.896899619164164719e+00 -6.851386631149075868e+00
0.000000000000000000e+00 0.000000000000000000e+00 0.000000000000000000e+00 0.000000000000000000e+00
-2.687809974509342670e+00 -1.943644517564459662e+00 -2.686998432592929031e+00 -2.684448501694554956e+00
-2.904264398644025302e+00 -2.904251767174504728e+00 -2.639642160748977950e+00 -2.902589869886622154e+00
