0.000000000000000000e+00 0.000000000000000000e+00 0.000000000000000000e+00 0.000000000000000000e+00
0.000000000000000000e+00 0.000000000000000000e+00 0.000000000000000000e+00 0.000000000000000000e+00
0.000000000000000000e+00 0.000000000000000000e+00 0.000000000000000000e+00 0.000000000000000000e+00
0.000000000000000000e+00 0.000000000000000000e+00 0.000000000000000000e+00 0.000000000000000000e+00
0.000000000000000000e+00 0.000000000000000000e+00 0.000000000000000000e+00 0.000000000000000000e+00
-2.083444197840264280e+02 -2.085240947900020956e+02 -2.085888584572881541e+02 -2.086140918602652334e+02
-2.078588185501658927e+02 -2.089682074539263397e+02 -2.079206131078703379e+02 -2.078938386442124795e+02
0.000000000000000000e+00 0.000000000000000000e+00 0.000000000000000000e+00 0.000000000000000000e+00
0.000000000000000000e+00 0.000000000000000000e+00 0.000000000000000000e+00 0.000000000000000000e+00
0.000000000000000000e+00 0.000000000000000000e+00 0.000000000000000000e+00 0.000000000000000000e+00
0.000000000000000000e+00 0.000000000000000000e+00 0.000000000000000000e+00 0.000000000000000000e+00
0.000000000000000000e+00 0.000000000000000000e+00 0.000000000000000000e+00 0.000000000000000000e+00
0.000000000000000000e+00 0.000000000000000000e+00 0.000000000000000000e+00 0.000000000000000000e+00
0.000000000000000000e+00 0.000000000000000000e+00 0.000000000000000000e+00 0.000000000000000000e+00
-1.215427281200117022e+02 -1.634406864110385129e+02 -1.632722649775751051e+02 -1.630981947459473247e+02
0.000000000000000000e+00 0.000000000000000000e+00 0.000000000000000000e+00 0.000000000000000000e+00
-1.444326195426174593e+02 -2.053161624244519885e+02 -2.047770339899479097e+02 -2.049135765239175555e+02
0.000000000000000000e+00 0.000000000000000000e+00 0.000000000000000000e+00 0.000000000000000000e+00
-1.694420120822108515e+02 -2.276529132554467196e+02 -2.275805476711115602e+02 -2.275306811336472492e+02
0.000000000000000000e+00 0.000000000000000000e+00 0.000000000000000000e+00 0.000000000000000000e+00
-6.210616614667330992e+01 -6.166101530670469799e+01 -6.171091540665469921e+01 -4.272724628634502864e+01
-6.102459865316480148e+01 -1.708570261470890639e+00 -5.879125242477718416e+01 -4.344341595644930010e+01
-8.063102024902697451e+01 -8.909212336931281584e+01 -3.312619410565239342e+00 -1.030740324622524327e+02
-1.361984297900670811e+02 -1.123497051355331990e+02 -4.808473120864815264e+00 -1.067671730737911133e+02
-1.571624668741602591e+02 -1.549713654325709911e+02 -6.191390672356965830e+00 -8.401485879545997193e+01
-1.097972047884848905e+02 -1.473336945980330199e+02 -7.459846513884555996e+00 -1.490407076203221948e+02
-1.978869809865062166e+02 -1.931007645383404281e+02 -8.608114013563568534e+00 -1.642358272893694391e+02
-1.647908373010967864e+02 -1.744857248980098632e+02 -9.635522774944373481e+00 -1.942072445516293158e+02
-1.520439301676103980e+02 -2.192139552565980694e+02 -1.054923911852836582e+01 -2.221326354502770357e+02
-2.274942231136801070e+02 -2.275850299457756307e+02 -1.809679006876372398e+02 -2.275242609865107397e+02
-6.373255273307226076e+01 -6.276467620399729697e+01 -6.353180842793776151e+01 -6.355779836773206881e+01
-6.378149928606160302e+01 -5.777556137678134718e+01 -6.393223453221686015e+01 -6.392102284044149485e+01
0.000000000000000000e+00 0.000000000000000000e+00 0.000000000000000000e+00 0.000000000000000000e+00
-1.474517708251028694e+02 -1.222985327412449550e+02 -1.481035380193598883e+02 -1.476198305264026658e+02
-1.543869657088942802e+02 -1.540238265282581551e+02 -1.506890118774837504e+02 -1.537844604981156635e+02
0.000000000000000000e+00 0.000000000000000000e+00 0.000000000000000000e+00 0.000000000000000000e+00
-2.034314422541882550e+02 -1.668422106242679490e+02 -2.035923274570163244e+02 -2.037708055865018650e+02
0.000000000000000000e+00 0.000000000000000000e+00 0.000000000000000000e+00 0.000000000000000000e+00
-2.183321291178840795e+02 -1.135581423406199342e+01 -1.942655868159748422e+02 -2.086117412777580853e+02
0.000000000000000000e+00 0.000000000000000000e+00 0.000000000000000000e+00 0.000000000000000000e+00
-6.493509419229067703e+01 -6.471816135307909690e+01 -6.496779191917367768e+01 -6.505019900828733626e+01
-6.497603225250519188e+01 -6.495233602398491257e+01 -6.510163712863314345e+01 -6.500500580850093968e+01
0.000000000000000000e+00 0.000000000000000000e+00 0.000000000000000000e+00 0.000000000000000000e+00
0.000000000000000000e+00 0.000000000000000000e+00 0.000000000000000000e+00 0.000000000000000000e+00
0.000000000000000000e+00 0.000000000000000000e+00 0.000000000000000000e+00 0.000000000000000000e+00
-2.622574776529462497e+02 -2.619420057320598403e+02 -2.622515058197401459e+02 -2.623113688412164493e+02
0.000000000000000000e+00 0.000000000000000000e+00 0.000000000000000000e+00 0.000000000000000000e+00
0.000000000000000000e+00 0.000000000000000000e+00 0.000000000000000000e+00 0.000000000000000000e+00
-2.045307704509137352e+02 -1.205728269851879375e+01 -1.675342712386109270e+02 -2.028964154109657727e+02
-1.958298508807725966e+02 -2.286310427977199708e+02 -1.265325062748608431e+01 -2.527520682243287524e+02
-6.560063019750738533e+01 -6.561588243323878089e+01 -6.533241058109878452e+01 -6.554666204260436757e+01
-6.559407277603540365e+01 -6.628866607753431595e+01 -6.584240680950865965e+01 -6.556349791563265228e+01
0.000000000000000000e+00 0.000000000000000000e+00 0.000000000000000000e+00 0.000000000000000000e+00
-2.793307797517790050e+02 -2.792766617160403371e+02 -2.788443886333962496e+02 -2.792274557530234915e+02
0.000000000000000000e+00 0.000000000000000000e+00 0.000000000000000000e+00 0.000000000000000000e+00
-2.615738595866010314e+02 -2.614936946362918206e+02 -2.614345654936174697e+02 -2.148571868095802131e+02
-2.139341398315278582e+02 -1.597640927756508518e+02 -2.574405763774749971e+02 -1.397191892806518076e+01
-1.920411257746790170e+02 -1.920252849908770543e+02 -1.767766935380137454e+02 -1.380084607373591865e+01
-2.561173720265462066e+02 -1.723496891941858848e+02 -1.905136331195759851e+02 -1.352542010663592364e+01
-1.878139469218005786e+02 -1.314326834102945085e+01 -2.312548088692733756e+02 -1.498128912623519398e+02
0.000000000000000000e+00 0.000000000000000000e+00 0.000000000000000000e+00 0.000000000000000000e+00
0.000000000000000000e+00 0.000000000000000000e+00 0.000000000000000000e+00 0.000000000000000000e+00
0.000000000000000000e+00 0.000000000000000000e+00 0.000000000000000000e+00 0.000000000000000000e+00
-2.790269102633073999e+02 -2.786489991444549332e+02 -2.781585643121587736e+02 -2.779176565794760450e+02
0.000000000000000000e+00 0.000000000000000000e+00 0.000000000000000000e+00 0.000000000000000000e+00
0.000000000000000000e+00 0.000000000000000000e+00 0.000000000000000000e+00 0.000000000000000000e+00
-2.382433787893812109e+02 -1.403960450157318895e+01 -1.950045544969078435e+02 -2.151175000541517477e+02
0.000000000000000000e+00 0.000000000000000000e+00 0.000000000000000000e+00 0.000000000000000000e+00
-2.603871096648994126e+02 -1.789278862549624591e+02 -2.606854497649801488e+02 -2.605826152761375170e+02
0.000000000000000000e+00 0.000000000000000000e+00 0.000000000000000000e+00 0.000000000000000000e+00
-2.858803665994221319e+02 -2.847803427594689651e+02 -2.855081688387244867e+02 -2.854849774259770356e+02
-2.847263633441762067e+02 -2.835689966032938969e+02 -2.846990313199174807e+02 -2.844203584343730427e+02
0.000000000000000000e+00 0.000000000000000000e+00 0.000000000000000000e+00 0.000000000000000000e+00
-2.786798338371853561e+02 -2.780299580403426489e+02 -2.785772957542655490e+02 -2.788045057035776608e+02
-2.748135473864684286e+02 -2.750044949070202165e+02 -2.749457787719198336e+02 -2.745870638052409163e+02
-2.718834493687977556e+02 -2.716043559512190768e+02 -2.720464375935923727e+02 -1.919706034436875655e+02
-2.632598375673176179e+02 -1.400444187503803128e+01 -2.568159651653938909e+02 -2.652963190526127732e+02
-2.652689171986169754e+02 -2.648115819903184729e+02 -2.647871801348744611e+02 -2.628334811087842695e+02
-2.635591352521565227e+02 -2.509345510783567761e+02 -2.632448235017746470e+02 -2.633623635350911627e+02
-2.648457274481518198e+02 -2.640748417899105220e+02 -2.642929801236167577e+02 -2.643099033125189408e+02
-2.851592371460966433e+02 -2.852402707762794876e+02 -2.851510473769816940e+02 -2.841583510397192640e+02
-2.818643884052596604e+02 -2.824094277987092028e+02 -2.831038934072852840e+02 -2.834810683103135602e+02
-2.808475417349308714e+02 -2.808681061766268954e+02 -2.814785948516106941e+02 -2.832810412559344400e+02
-2.798124325525477616e+02 -2.817398214158839664e+02 -2.806427078829519246e+02 -2.795164798488664246e+02
0.000000000000000000e+00 0.000000000000000000e+00 0.000000000000000000e+00 0.000000000000000000e+00
0.000000000000000000e+00 0.000000000000000000e+00 0.000000000000000000e+00 0.000000000000000000e+00
-2.698284388066464317e+02 -2.201019081723034390e+02 -2.678208962394966193e+02 -2.679752726776640657e+02
0.000000000000000000e+00 0.000000000000000000e+00 0.000000000000000000e+00 0.000000000000000000e+00
-2.646652229966498453e+02 -2.647281623381066993e+02 -2.648282105616349895e+02 -2.648135022419453435e+02
0.000000000000000000e+00 0.000000000000000000e+00 0.000000000000000000e+00 0.000000000000000000e+00
-2.848352937458118390e+02 -2.846978290274913093e+02 -2.840171423567259126e+02 -2.849160759978715305e+02
-2.833088860213709381e+02 -2.825728546337476246e+02 -2.835911437480503423e+02 -2.832911025579658144e+02
-2.821727483654584603e+02 -2.810402493499768184e+02 -2.810654437823160379e+02 -2.822228386859306397e+02
-2.801611715033938026e+02 -2.804822291643494623e+02 -2.802634821411780308e+02 -2.807598258642349833e+02
-2.773792739648371253e+02 -2.788152322663071345e+02 -2.808813276225263280e+02 -2.783965107103097694e+02
-2.757858990942295918e+02 -2.760183460173489038e+02 -2.777412663092608227e+02 -2.744107933297498221e+02
-2.731268734087342409e+02 -2.695803637328218088e+02 -2.747703672645862980e+02 -2.734353973639014157e+02
0.000000000000000000e+00 0.000000000000000000e+00 0.000000000000000000e+00 0.000000000000000000e+00
-2.653562053045334892e+02 -2.653606594394716467e+02 -2.653037865891705565e+02 -2.654171978065407984e+02
0.000000000000000000e+00 0.000000000000000000e+00 0.000000000000000000e+00 0.000000000000000000e+00
