Policy 0:
α=0.1, γ=0.99, ϵ=0.01
[[   0.            0.            0.            0.        ]
 [   0.            0.            0.            0.        ]
 [   0.            0.            0.            0.        ]
 [   0.            0.            0.            0.        ]
 [   0.            0.            0.            0.        ]
 [   0.            0.            0.            0.        ]
 [   0.            0.            0.            0.        ]
 [   0.            0.            0.            0.        ]
 [   0.            0.            0.            0.        ]
 [   0.            0.            0.            0.        ]
 [-120.1605046   -91.03304372 -106.85599313  -12.40480074]
 [ -90.32980866 -124.11565471 -131.02562726  -12.43792372]
 [-142.84988546 -117.49798677  -98.60705446  -12.38300608]
 [-141.09596458  -96.89130155  -80.90723405  -12.20721132]
 [ -11.93009422 -115.11250628 -124.26396405  -80.33435562]
 [   0.            0.            0.            0.        ]
 [-152.74922513 -152.34729012 -152.64298045 -152.06073151]
 [   0.            0.            0.            0.        ]
 [-155.25451976 -155.32550322 -155.1889632  -155.04300484]
 [   0.            0.            0.            0.        ]
 [   0.            0.            0.            0.        ]
 [   0.            0.            0.            0.        ]
 [   0.            0.            0.            0.        ]
 [   0.            0.            0.            0.        ]
 [ -11.54911001 -116.36321166 -112.77640611 -124.09484444]
 [   0.            0.            0.            0.        ]
 [-125.11859804 -151.51406833 -151.38402827 -151.35895787]
 [-152.78631276 -152.94686328 -153.27980691 -152.69903678]
 [-154.282303   -154.24796762 -154.25156742 -154.01514975]
 [   0.            0.            0.            0.        ]
 [   0.            0.            0.            0.        ]
 [   0.            0.            0.            0.        ]
 [   0.            0.            0.            0.        ]
 [-165.67182666 -165.76363633 -164.65645281 -107.49933284]
 [ -76.10335327  -91.77617509 -152.66288808  -11.06126008]
 [ -67.11831593 -114.09688477  -81.72803949  -10.46431152]
 [  -9.79441805 -147.19889587  -97.13236543 -135.06503043]
 [   0.            0.            0.            0.        ]
 [   0.            0.            0.            0.        ]
 [   0.            0.            0.            0.        ]
 [   0.            0.            0.            0.        ]
 [-169.41066845 -170.50111983 -170.23925563 -170.7413532 ]
 [-169.96675153 -170.28282163 -169.64812956 -170.41520349]
 [-168.66149349 -168.99063939 -169.10588174 -168.93401423]
 [   0.            0.            0.            0.        ]
 [   0.            0.            0.            0.        ]
 [-103.94879741  -72.37940724 -104.44146316   -8.95787753]
 [  -8.02368847  -72.30756572 -127.92323471  -55.66441431]
 [   0.            0.            0.            0.        ]
 [   0.            0.            0.            0.        ]
 [   0.            0.            0.            0.        ]
 [-170.47977911 -170.48710643 -170.35828889 -168.99630543]
 [   0.            0.            0.            0.        ]
 [-170.64744117 -170.98099035 -171.06472175 -170.94842827]
 [-171.68034712 -170.99460861 -171.84884945 -171.37617351]
 [   0.            0.            0.            0.        ]
 [   0.            0.            0.            0.        ]
 [ -71.43685602  -87.22390011  -46.09790741   -6.97342816]
 [  -5.8086882   -62.79752185  -53.96305826  -71.72033181]
 [   0.            0.            0.            0.        ]
 [   0.            0.            0.            0.        ]
 [   0.            0.            0.            0.        ]
 [   0.            0.            0.            0.        ]
 [-171.96626325 -172.1488223  -171.063958   -171.34073742]
 [   0.            0.            0.            0.        ]
 [   0.            0.            0.            0.        ]
 [   0.            0.            0.            0.        ]
 [   0.            0.            0.            0.        ]
 [  -4.53201764  -69.02589874  -46.55993153  -50.38430907]
 [   0.            0.            0.            0.        ]
 [   0.            0.            0.            0.        ]
 [-174.76822648 -173.76295804 -174.91422496 -174.9410839 ]
 [-174.04421206 -173.23355851 -174.25594967 -174.33720942]
 [-172.49088816 -173.25043597 -173.23039302 -172.66655336]
 [   0.            0.            0.            0.        ]
 [ -66.92866241  -66.24285398  -66.50132085  -66.89278188]
 [ -65.6117263   -65.16239417  -66.05446716  -65.91117418]
 [ -63.91865841  -64.02819945  -63.69520732  -33.37028707]
 [  -3.14593331  -39.14900654  -54.54106383  -31.67828755]
 [   0.            0.            0.            0.        ]
 [   0.            0.            0.            0.        ]
 [   0.            0.            0.            0.        ]
 [-174.43736278 -174.77973509 -174.54296276 -174.41465985]
 [   0.            0.            0.            0.        ]
 [   0.            0.            0.            0.        ]
 [   0.            0.            0.            0.        ]
 [ -65.65576652  -66.4666969   -66.48013908  -65.84006896]
 [   0.            0.            0.            0.        ]
 [ -24.97548314  -21.28642108  -22.78949679   -1.6507942 ]
 [   0.            0.            0.            0.        ]
 [   0.            0.            0.            0.        ]
 [   0.            0.            0.            0.        ]
 [   0.            0.            0.            0.        ]
 [   0.            0.            0.            0.        ]
 [   0.            0.            0.            0.        ]
 [   0.            0.            0.            0.        ]
 [   0.            0.            0.            0.        ]
 [   0.            0.            0.            0.        ]
 [   0.            0.            0.            0.        ]
 [   0.            0.            0.            0.        ]]

