-4.786748673868434362e-02 -1.917530397095481831e+01 -1.869807908091408066e+01 1.930394868444851308e+00
1.588626613245334301e-02 -1.869804977255212464e+01 -5.693108277117776145e-02 1.690752050805714779e+00
1.557354051781236981e+00 -1.845599891265501213e+01 -4.777446808135674822e-02 1.212390340998545923e+00
1.005857778163417482e+00 -1.687221034444300471e+01 -6.961062851037436118e-04 1.877459156921725159e+00
2.123547341323590132e+00 -1.656113141695144009e+01 -1.142550123930210181e-02 -1.647963285722354954e+01
5.539623621141248622e-02 1.935126717045422495e+00 -1.939434472519818442e+01 -3.496662847797588070e-02
-2.632883197377562656e-02 7.628656264918881602e-01 1.678678708333313452e+00 9.619985794222183362e-01
4.136837447695747016e-01 2.147557332499823723e-01 9.614527555869678555e-02 1.698366490490555991e+00
5.239991028143499152e-01 1.723689165836419956e+00 3.962660401536062804e-01 8.092279694837959392e-01
1.910609205384971698e+00 6.687894857608418508e-01 6.618750722801095554e-01 -1.962477179339418853e+01
1.564757219236808999e-03 9.383253237499954436e-01 -2.060526942970338737e+01 1.811036727967095361e+00
2.561762089365255401e-01 1.932648358127941890e+00 1.054797048406455606e-02 5.347957911237770645e-01
1.869087557202855354e+00 7.414636678633307332e-01 3.242016785471165674e-01 6.847429956269497631e-02
2.743317879684290528e-01 6.686295436659229763e-01 1.770868213289538584e+00 3.485726142069182076e-01
1.674337969709257745e+00 2.588260682393624026e-03 7.773261329665350772e-01 -1.788340999760863426e+01
-2.696837703161910835e-02 1.640037604045071928e+00 -2.112470763117182315e+01 3.033883088127953265e-01
1.861136195532837379e+00 4.849565439716983506e-01 5.604659698069920371e-01 -4.760950494972936153e-02
5.639913454347604826e-01 2.991674823351005430e-01 1.751785053901607991e+00 1.981120452039634161e-01
5.304325077684729495e-01 1.811557227517272439e+00 6.730005305868470566e-01 1.895945990815072757e-01
5.807995308097247955e-01 -9.037780400914128751e-03 2.060978734478811081e+00 -1.802924891435738886e+01
1.205238956465833587e-02 1.957613569502927753e+00 -2.147451563316772294e+01 3.401147692426303437e-01
4.215296508441591650e-01 -2.799342002384447650e-02 6.131767943223322970e-01 1.700075470778873665e+00
5.980544341135959341e-01 -2.438603083582579784e-03 -2.315964601409941509e-02 1.593994040080503272e+00
8.141845172352714100e-01 3.123087350851002086e-01 -1.552108478065846939e-02 2.135126008702371792e+00
1.781184856753200485e+00 3.813203220272082805e-01 1.953915330766022723e-02 -2.083741878992323038e+01
-2.078865781644343969e+01 1.808220407165906485e+00 -2.069736314923869358e+01 -6.722223272433447416e-02
-2.107747518478282700e+01 1.387571944288794046e-01 1.447979746774597398e+00 -3.043449027373540741e-02
-2.098903788741226251e+01 1.469575910196942170e-01 1.752530221072960304e+00 -3.058846016227052822e-02
-2.051945587988240760e+01 4.167036005279069200e-02 1.662013235801019784e+00 7.812171656508343047e-03
-2.046168556056495191e+01 -3.711637799303141305e-02 1.973448637335814437e+00 -1.986558670713198538e+01
