-4.887694697724768306e-02 -8.620859483935318368e-02 -9.032607455895128035e-02 7.508683409652798790e-01
3.718383895526873595e-02 -9.626612341115504956e-02 -1.909608150681329098e-03 6.961376808553818574e-01
-3.134556990907159946e-02 -8.688104546111774518e-02 -9.636835722330917842e-02 7.552506488578105692e-01
6.510719922387481207e-02 -8.638971530509448327e-02 -9.185998950884408099e-02 1.003155801583158313e+00
6.361838092379245024e-01 -8.381310119908380596e-02 -9.557059568885274692e-02 -8.038437934342861080e-02
-8.677136881671751456e-02 9.397566475923958551e-01 -9.827204427615426896e-02 3.317313823921262672e-02
6.654308824705327252e-01 -9.003350177016938849e-02 -7.644747624335584968e-02 -9.582923061167547552e-02
-9.397446888100019491e-02 8.494906319135886452e-02 6.882191681462165311e-01 -1.164757529985287893e-01
6.821579622764331052e-01 -9.433286655217046346e-02 6.968232172220494361e-03 -9.942633262393002491e-02
5.342623954000765840e-01 -8.638321335137583157e-02 6.567648192435890930e-01 -8.833368808854116794e-02
-9.956747021958059496e-02 8.171435568910537794e-01 -4.573454117395412549e-02 -7.061030795031270069e-02
5.768754665644816315e-01 -1.060665313914865293e-01 -8.908551213087699538e-02 -9.057030160970414023e-02
-1.023934934916818779e-01 8.549866332149104187e-01 -1.233715245244392938e-01 -7.244734303578678758e-03
8.251915940395823101e-01 -8.822805910080917802e-02 -5.869161049641143796e-02 9.326754569199322553e-01
6.745814075681199062e-01 -1.009964516293986314e-01 -1.424101033452846998e-01 -1.472819480993175500e-01
-1.102081389722752158e-01 7.825979755336152088e-01 -9.232375155809061096e-02 3.786227900967573112e-02
6.302551007320850163e-01 -2.830218446614594929e-02 1.654264630481614090e-03 -7.901043346164979275e-02
-1.138054282685959789e-01 9.914756082121596314e-01 1.193101985571672907e-01 1.180807980651909714e-02
-4.457863883507886399e-02 -4.765419713998390872e-02 -8.428564361003604288e-02 7.756739588286097886e-01
6.474028547610106710e-01 3.468594300004270159e-01 -8.502556822591598659e-03 -9.199834308200956212e-02
-1.087232115077572808e-01 6.202507400309763552e-01 -1.423695519331950321e-01 -9.337024287338216433e-02
-9.094270439603789613e-02 -7.156192549180806495e-02 6.050529001562450215e-01 -8.551478435990085558e-02
-5.021784399203482741e-02 9.050765508735767462e-01 -2.457760909473424155e-02 -7.255756821995879013e-02
-7.003760772448315575e-02 2.963732100423668858e-01 7.213527946547243497e-01 -9.896803721188168756e-02
-1.049379890996132436e-01 -8.417553504993552371e-02 6.378492680202908494e-01 -1.309860624549459562e-01
