-2.819650161420503878e+02 -2.847590743896058711e+02 -2.841173805933336780e+02 -2.855332777355728808e+02
-2.812076264737603424e+02 -2.805453393484525577e+02 -2.839348678042986194e+02 -2.854900839860698056e+02
-2.841803764343083571e+02 -2.852527444409542454e+02 -2.835241914267554080e+02 -2.861316576666445144e+02
-2.853378827834949902e+02 -2.850450740064291040e+02 -2.842716561358915328e+02 -2.829953642850770734e+02
0.000000000000000000e+00 0.000000000000000000e+00 0.000000000000000000e+00 0.000000000000000000e+00
-2.796488329361135357e+02 -2.787161387832328501e+02 -2.795976136353876313e+02 -2.794799496803418037e+02
0.000000000000000000e+00 0.000000000000000000e+00 0.000000000000000000e+00 0.000000000000000000e+00
0.000000000000000000e+00 0.000000000000000000e+00 0.000000000000000000e+00 0.000000000000000000e+00
0.000000000000000000e+00 0.000000000000000000e+00 0.000000000000000000e+00 0.000000000000000000e+00
-3.012941846720996750e+02 -3.010021891347975043e+02 -3.004589122766773812e+02 -3.009637141270068241e+02
-3.036310967564284624e+02 -3.020573987424284610e+02 -3.026264454649652862e+02 -3.027679791638324218e+02
0.000000000000000000e+00 0.000000000000000000e+00 0.000000000000000000e+00 0.000000000000000000e+00
0.000000000000000000e+00 0.000000000000000000e+00 0.000000000000000000e+00 0.000000000000000000e+00
-3.202753349206273583e+02 -3.202055379848851544e+02 -3.199328477171754912e+02 -3.194069141723385883e+02
0.000000000000000000e+00 0.000000000000000000e+00 0.000000000000000000e+00 0.000000000000000000e+00
0.000000000000000000e+00 0.000000000000000000e+00 0.000000000000000000e+00 0.000000000000000000e+00
-3.304690378678434399e+02 -3.296286846563483550e+02 -3.297759219299830420e+02 -3.302421882174618304e+02
-3.307064802297782080e+02 -3.307038999565621111e+02 -3.309455483375653557e+02 -3.302973137427968595e+02
-3.311065051066007072e+02 -3.316992540210387688e+02 -3.316049374633082039e+02 -3.305739809692925633e+02
0.000000000000000000e+00 0.000000000000000000e+00 0.000000000000000000e+00 0.000000000000000000e+00
-2.824428672903017059e+02 -2.806639345148963116e+02 -2.792747212683545399e+02 -2.832303969339410514e+02
-2.817593094106453009e+02 -2.814970981011226172e+02 -2.803326561508955592e+02 -2.818892324519497947e+02
-2.812893827707948162e+02 -2.839716206441569852e+02 -2.797695013772642483e+02 -2.843335697646359108e+02
-2.834927241908218889e+02 -2.813568808136744792e+02 -2.797567853382848853e+02 -2.835544138587308680e+02
-2.801426587862597444e+02 -2.788696236403680473e+02 -2.785254007516217598e+02 -2.797401021689451568e+02
-2.760431225344567565e+02 -2.771926778477374000e+02 -2.750876412834035705e+02 -2.767346896378119254e+02
-2.701020346779507122e+02 -2.712651419406375339e+02 -2.718663964119808156e+02 -2.725016942317260487e+02
-2.766459030338705247e+02 -2.764651567927070346e+02 -2.763220232221577817e+02 -2.774589932723043262e+02
-2.878474322309764375e+02 -2.897591306670104245e+02 -2.885993088234354218e+02 -2.885433695138790995e+02
-2.990592625203592547e+02 -2.992216945990909949e+02 -2.981776848288943711e+02 -2.985201363563565451e+02
-3.046241832329006911e+02 -3.040288764261701431e+02 -3.048266037300106746e+02 -3.060737868561693631e+02
-3.124075589579215944e+02 -3.124418956814123476e+02 -3.119474438338287996e+02 -3.127057893377125879e+02
-3.175370772207827486e+02 -3.172935351801680213e+02 -3.170514145832917166e+02 -3.159508116085658571e+02
-3.203253829255452274e+02 -3.192777053269073804e+02 -3.199312237282772458e+02 -3.190488814804717776e+02
-3.225222758477738125e+02 -3.224933361623153587e+02 -3.224633640052850865e+02 -3.216125209755684295e+02
0.000000000000000000e+00 0.000000000000000000e+00 0.000000000000000000e+00 0.000000000000000000e+00
-3.288705962594661969e+02 -3.285898669614217624e+02 -3.286382518381890350e+02 -3.290189467150175915e+02
-3.292410622661742536e+02 -3.291651347662653961e+02 -3.295629332960218107e+02 -3.296433341193392721e+02
-3.311549217354747725e+02 -3.309996043726139305e+02 -3.310124836864549138e+02 -3.310390254475678375e+02
0.000000000000000000e+00 0.000000000000000000e+00 0.000000000000000000e+00 0.000000000000000000e+00
-2.827387988132597911e+02 -2.843163957730274660e+02 -2.806152167582318953e+02 -2.803649820865567222e+02
-2.820961751963587290e+02 -2.828491044670927295e+02 -2.803438131939793152e+02 -2.808200728105296662e+02
-2.846655796537564242e+02 -2.851354875040386787e+02 -2.806823288088307891e+02 -2.802150722841836910e+02
0.000000000000000000e+00 0.000000000000000000e+00 0.000000000000000000e+00 0.000000000000000000e+00
0.000000000000000000e+00 0.000000000000000000e+00 0.000000000000000000e+00 0.000000000000000000e+00
0.000000000000000000e+00 0.000000000000000000e+00 0.000000000000000000e+00 0.000000000000000000e+00
-2.589509793705834682e+02 -2.616300985444728440e+02 -2.611854345830500961e+02 -2.614501568537255025e+02
-2.652288441663710046e+02 -2.659118285878873280e+02 -2.652440181060058535e+02 -2.655062295824290004e+02
0.000000000000000000e+00 0.000000000000000000e+00 0.000000000000000000e+00 0.000000000000000000e+00
-3.002632202491336670e+02 -3.003887520073820383e+02 -2.995036524345264297e+02 -2.988915424258873941e+02
0.000000000000000000e+00 0.000000000000000000e+00 0.000000000000000000e+00 0.000000000000000000e+00
-3.130991773340413147e+02 -3.133629861037974820e+02 -3.131455973029726465e+02 -3.133024967498483306e+02
0.000000000000000000e+00 0.000000000000000000e+00 0.000000000000000000e+00 0.000000000000000000e+00
0.000000000000000000e+00 0.000000000000000000e+00 0.000000000000000000e+00 0.000000000000000000e+00
-3.253609709428490078e+02 -3.249999480048624036e+02 -3.250060363750065449e+02 -3.256234537702050034e+02
-3.261026164629624873e+02 -3.264683144821879637e+02 -3.263048725355989745e+02 -3.266221242471452797e+02
-3.266020545159530002e+02 -3.268873150681189372e+02 -3.267847372881048500e+02 -3.270374177785249685e+02
-3.278843650338893667e+02 -3.280536609768465155e+02 -3.273765648302659201e+02 -3.273810803879819673e+02
0.000000000000000000e+00 0.000000000000000000e+00 0.000000000000000000e+00 0.000000000000000000e+00
-3.351782314471249151e+02 -3.338333841846031760e+02 -3.345166914430708971e+02 -3.349804588301308286e+02
0.000000000000000000e+00 0.000000000000000000e+00 0.000000000000000000e+00 0.000000000000000000e+00
0.000000000000000000e+00 0.000000000000000000e+00 0.000000000000000000e+00 0.000000000000000000e+00
0.000000000000000000e+00 0.000000000000000000e+00 0.000000000000000000e+00 0.000000000000000000e+00
-7.174091718580973520e+01 -7.891234463718051018e+01 -7.908121929348054380e+01 -7.889907290276327956e+01
0.000000000000000000e+00 0.000000000000000000e+00 0.000000000000000000e+00 0.000000000000000000e+00
0.000000000000000000e+00 0.000000000000000000e+00 0.000000000000000000e+00 0.000000000000000000e+00
-1.938653161025522138e+02 -2.480862955988243641e+02 -2.455081893314645640e+02 -2.444472945303028837e+02
-2.565497547359086070e+02 -2.553838774466686630e+02 -2.561049352275481397e+02 -2.566028257107722652e+02
0.000000000000000000e+00 0.000000000000000000e+00 0.000000000000000000e+00 0.000000000000000000e+00
0.000000000000000000e+00 0.000000000000000000e+00 0.000000000000000000e+00 0.000000000000000000e+00
0.000000000000000000e+00 0.000000000000000000e+00 0.000000000000000000e+00 0.000000000000000000e+00
0.000000000000000000e+00 0.000000000000000000e+00 0.000000000000000000e+00 0.000000000000000000e+00
0.000000000000000000e+00 0.000000000000000000e+00 0.000000000000000000e+00 0.000000000000000000e+00
0.000000000000000000e+00 0.000000000000000000e+00 0.000000000000000000e+00 0.000000000000000000e+00
-3.260585105999640518e+02 -3.260366449129800230e+02 -3.257797793174858043e+02 -3.260605894952055905e+02
0.000000000000000000e+00 0.000000000000000000e+00 0.000000000000000000e+00 0.000000000000000000e+00
-3.274678463252398615e+02 -3.270190244083362927e+02 -3.269664405332865726e+02 -3.273725728366451335e+02
-3.286027874905199724e+02 -3.282825872188786889e+02 -3.280979072485532129e+02 -3.282033509005743781e+02
-3.337964470013778850e+02 -3.344426946505985825e+02 -3.346779421250165569e+02 -3.342905818300197325e+02
-3.359667564746686139e+02 -3.342137420110494190e+02 -3.366272334983993915e+02 -3.365519028705170967e+02
-4.400000000000000577e-01 -4.500000000000000111e-01 -4.599999999999999645e-01 -4.699999999999999734e-01
-1.866999999999936932e+01 -4.200000000000001510e-01 -4.300000000000001044e-01 -4.799999999999999267e-01
0.000000000000000000e+00 0.000000000000000000e+00 0.000000000000000000e+00 0.000000000000000000e+00
-7.816459067673488903e+01 -7.714601213522266221e+01 -3.613253436373244032e+00 -6.860226494006893461e+01
-1.087683406683444076e+02 -9.895205828835570117e+01 -7.102634818220769475e+00 -1.127304515638144267e+02
-1.963485323228642017e+02 -1.593447534771826213e+02 -1.047107492400371953e+01 -1.824531939095916186e+02
-2.077845363002767556e+02 -2.213731921050955691e+02 -1.372365711824582135e+01 -1.506866650999555475e+02
0.000000000000000000e+00 0.000000000000000000e+00 0.000000000000000000e+00 0.000000000000000000e+00
-1.873704004069234088e+02 -2.468279865126886534e+02 -2.474138048539225849e+02 -2.467431893406833865e+02
0.000000000000000000e+00 0.000000000000000000e+00 0.000000000000000000e+00 0.000000000000000000e+00
-2.950141391922581420e+02 -2.959622497623166169e+02 -2.960618009602191592e+02 -2.819952167976423425e+02
-1.215356250334308754e+02 -2.957331473665116164e+02 -2.942869505962867152e+02 -3.007351896736190611e+02
-3.035269419388735059e+02 -2.965794187174089984e+02 -2.226142624324065480e+02 -3.214269083072683770e+02
-3.264018783068150356e+02 -3.265606838886586729e+02 -3.046480216812774984e+02 -3.281592229027295389e+02
-3.243864568748705892e+02 -3.245191049319117269e+02 -3.231216167721513557e+02 -3.274490075776751610e+02
-3.250129209229870071e+02 -3.250559435292754529e+02 -3.254448557477597888e+02 -3.251959795607606338e+02
-3.355882246233862816e+02 -3.265981091088445964e+02 -3.264958581677889242e+02 -3.261352096854315619e+02
-3.275680736530605941e+02 -3.276007230280616227e+02 -3.280030209784258091e+02 -3.280802585702871852e+02
0.000000000000000000e+00 0.000000000000000000e+00 0.000000000000000000e+00 0.000000000000000000e+00
-3.372999661067126453e+02 -3.361713710956530576e+02 -3.348061685483772294e+02 -3.349650432750937625e+02
0.000000000000000000e+00 0.000000000000000000e+00 0.000000000000000000e+00 0.000000000000000000e+00
-1.903134999999937094e+01 -1.720399999999943219e+01 -1.867999999999936733e+01 -1.868999999999936890e+01
-5.965000000000671321e+01 -5.966000000000671122e+01 -1.901234999999937259e+01 -2.552744518620949776e+01
-8.029123877758007666e+01 -8.703054331100061347e+01 -6.730076000000481429e+01 -7.358759495125754313e+01
0.000000000000000000e+00 0.000000000000000000e+00 0.000000000000000000e+00 0.000000000000000000e+00
-2.225983904844853214e+02 -1.552029828821076762e+02 -2.072461131540151769e+02 -2.088340586240464063e+02
-2.103466552536338270e+02 -1.687181533913278741e+01 -2.195380928824640705e+02 -2.078091214369208615e+02
-2.393546399627881840e+02 -1.380008815603932533e+02 -1.992789407757467046e+01 -1.514132827024002097e+02
-2.443780562908729053e+02 -2.388767166941646565e+02 -2.289313214650755413e+01 -2.161229850191405433e+02
-1.804100656373126128e+02 -2.600547976911482237e+02 -2.575834383727669064e+01 -1.992787516281223930e+02
-2.127092344815170577e+02 -2.800396067422890951e+02 -2.851071246992535890e+01 -2.182547481064086696e+02
-2.265934773170179710e+02 -3.017246032852560234e+02 -3.113732314537957890e+01 -2.956668476160035084e+02
-3.044842297072666497e+02 -2.824150971032860298e+02 -2.993576967161933453e+02 -2.995641087310484068e+02
0.000000000000000000e+00 0.000000000000000000e+00 0.000000000000000000e+00 0.000000000000000000e+00
0.000000000000000000e+00 0.000000000000000000e+00 0.000000000000000000e+00 0.000000000000000000e+00
-3.349261794721986689e+02 -3.253552629002279559e+02 -3.253687202806988807e+02 -3.252995472283843128e+02
-3.366490287466290283e+02 -3.253460315950471795e+02 -3.254713742985121030e+02 -3.253825249337048717e+02
0.000000000000000000e+00 0.000000000000000000e+00 0.000000000000000000e+00 0.000000000000000000e+00
-3.451503104765370153e+02 -3.373216269551737696e+02 -3.374310786018783119e+02 -3.383841743323551441e+02
-3.471385668481312905e+02 -3.359593063168308618e+02 -3.384481113024572778e+02 -3.296721385401945099e+02
0.000000000000000000e+00 0.000000000000000000e+00 0.000000000000000000e+00 0.000000000000000000e+00
0.000000000000000000e+00 0.000000000000000000e+00 0.000000000000000000e+00 0.000000000000000000e+00
0.000000000000000000e+00 0.000000000000000000e+00 0.000000000000000000e+00 0.000000000000000000e+00
-1.259360202182597277e+02 -1.217812606820066890e+02 -1.186373453010259738e+02 -1.186872454009759963e+02
0.000000000000000000e+00 0.000000000000000000e+00 0.000000000000000000e+00 0.000000000000000000e+00
-2.065492699736049360e+02 -2.158660296053174363e+02 -1.919007395956275275e+02 -1.920101912423320698e+02
0.000000000000000000e+00 0.000000000000000000e+00 0.000000000000000000e+00 0.000000000000000000e+00
-2.508014907692399618e+02 -2.073192813323338157e+02 -2.512762659515275629e+02 -2.514252204879076089e+02
0.000000000000000000e+00 0.000000000000000000e+00 0.000000000000000000e+00 0.000000000000000000e+00
0.000000000000000000e+00 0.000000000000000000e+00 0.000000000000000000e+00 0.000000000000000000e+00
0.000000000000000000e+00 0.000000000000000000e+00 0.000000000000000000e+00 0.000000000000000000e+00
-3.160918848566645920e+02 -3.362667341378056562e+01 -2.776678662137234141e+02 -3.065808939832493820e+02
-3.041837667198875579e+02 -2.990655633886943292e+02 -3.099473128130032364e+02 -3.063071604618825177e+02
-3.206818132582915837e+02 -3.058402444843615058e+02 -3.076833905777207860e+02 -3.045892286705492324e+02
-3.059687290677161400e+02 -3.060682802656186823e+02 -3.075223063142859701e+02 -3.386718211831801000e+02
-3.465921129183562357e+02 -3.302933878597452235e+02 -3.380739763393247586e+02 -3.360246279680473549e+02
-3.476143540846705946e+02 -3.261799751390803976e+02 -3.350218851958020423e+02 -3.401725387919617560e+02
-3.372159092844985935e+02 -3.410275237913243700e+02 -3.431613292587886690e+02 -3.400464171898885297e+02
-3.364622087170005784e+02 -3.428464410738155834e+02 -3.458193092627669785e+02 -3.450228573582136278e+02
-3.437591545824260493e+02 -3.445348544043097263e+02 -3.501308261863199505e+02 -3.472269442334612677e+02
0.000000000000000000e+00 0.000000000000000000e+00 0.000000000000000000e+00 0.000000000000000000e+00
0.000000000000000000e+00 0.000000000000000000e+00 0.000000000000000000e+00 0.000000000000000000e+00
-1.596155099675730185e+02 -1.504685336803036648e+02 -1.505383240299538556e+02 -1.506926714390458812e+02
-1.677332082949148173e+02 -1.636520114750298376e+02 -1.503292859386982343e+02 -1.536717719811677227e+02
-1.787196139266945636e+02 -1.742563782893166717e+02 -1.833827758196573825e+02 -1.844701372704200537e+02
-1.922049511112494429e+02 -1.980757944553493530e+02 -2.012912980171592778e+02 -1.957880744882020565e+02
0.000000000000000000e+00 0.000000000000000000e+00 0.000000000000000000e+00 0.000000000000000000e+00
-2.743937375636584193e+02 -2.754889046600878828e+02 -2.753651956315276266e+02 -2.755926832533130550e+02
0.000000000000000000e+00 0.000000000000000000e+00 0.000000000000000000e+00 0.000000000000000000e+00
-3.115321063911523538e+02 -3.113018147698755342e+02 -3.166446864286020855e+02 -3.148968772740982445e+02
-3.124904376910002384e+02 -3.131714146663010183e+02 -3.133710462368109688e+02 -2.638461310931408548e+02
-2.445488309211322928e+02 -3.596900362967816989e+01 -3.137855328274944213e+02 -3.089644743752268141e+02
-3.115700226167604114e+02 -3.058507010176307404e+02 -3.119214025414791536e+02 -3.114565421617595575e+02
-3.240301838459594137e+02 -3.165603351454051335e+02 -3.126063931645866205e+02 -3.165977361275734552e+02
0.000000000000000000e+00 0.000000000000000000e+00 0.000000000000000000e+00 0.000000000000000000e+00
-3.514117204595976318e+02 -3.432138171077021980e+02 -3.477762686227547420e+02 -3.497703194107037348e+02
-3.494262362015477379e+02 -3.306229610231972629e+02 -3.504802567241945326e+02 -3.338842379556560331e+02
-3.428034703194829831e+02 -3.370541898984185991e+02 -3.355373564690090689e+02 -3.370652904054904866e+02
-3.381898352072088301e+02 -3.433156875497203373e+02 -3.404287544455884245e+02 -3.425694822969337565e+02
-3.441644615461256080e+02 -3.419716133577391020e+02 -3.466660828371881848e+02 -3.389047604280862629e+02
0.000000000000000000e+00 0.000000000000000000e+00 0.000000000000000000e+00 0.000000000000000000e+00
-1.378206577031588722e+02 -1.378605977431488725e+02 -1.379005377831388728e+02 -1.379464099060988644e+02
-1.555023387161052142e+02 -1.555498751780871771e+02 -1.377862677031588419e+02 -1.914732510428858916e+02
-1.775855166532922738e+02 -1.762427681451206922e+02 -1.929487482539945518e+02 -1.868067866820516656e+02
-1.801064360535868332e+02 -1.871589145827036305e+02 -1.829300505246662851e+02 -1.868589569920516169e+02
0.000000000000000000e+00 0.000000000000000000e+00 0.000000000000000000e+00 0.000000000000000000e+00
0.000000000000000000e+00 0.000000000000000000e+00 0.000000000000000000e+00 0.000000000000000000e+00
-2.871258496818718982e+02 -2.895492015830686796e+02 -2.872946149470512864e+02 -2.891097764095895286e+02
-3.020861949063313432e+02 -3.060805690214129413e+02 -3.010367402783383000e+02 -3.080520711278902581e+02
-3.111358539963883914e+02 -3.125747616973306435e+02 -3.057265638115128468e+02 -3.110811275641023599e+02
0.000000000000000000e+00 0.000000000000000000e+00 0.000000000000000000e+00 0.000000000000000000e+00
-3.242813027002465560e+02 -3.815501444265022712e+01 -2.463160492154569567e+02 -3.149717642411599172e+02
-3.163956515165510837e+02 -3.164784277174774161e+02 -3.167475410277480705e+02 -3.163311957109273180e+02
-3.180562925211869469e+02 -3.164900249283061271e+02 -3.340031783474303779e+02 -3.281044436373535973e+02
-3.317804133800013915e+02 -3.318898650267060475e+02 -3.449063837965667290e+02 -3.243402115373191918e+02
-3.103905855157029805e+02 -3.474899990907132974e+02 -3.473995794100988519e+02 -3.305073435478512920e+02
-3.350221038825170012e+02 -3.387362953541908723e+02 -3.497843128935995765e+02 -3.351391904761945284e+02
-3.383166529891287837e+02 -3.378222429013584929e+02 -3.411412303984785126e+02 -3.382581417960020644e+02
-3.396110210801839457e+02 -3.401599632559035058e+02 -3.383641959939066055e+02 -3.392298436292764450e+02
0.000000000000000000e+00 0.000000000000000000e+00 0.000000000000000000e+00 0.000000000000000000e+00
0.000000000000000000e+00 0.000000000000000000e+00 0.000000000000000000e+00 0.000000000000000000e+00
0.000000000000000000e+00 0.000000000000000000e+00 0.000000000000000000e+00 0.000000000000000000e+00
0.000000000000000000e+00 0.000000000000000000e+00 0.000000000000000000e+00 0.000000000000000000e+00
-1.805960067164487270e+02 -1.881462928456219288e+02 -1.865188578410022728e+02 -1.867275099961442208e+02
-1.706585045784381407e+02 -1.871441559151999741e+02 -1.846607377825860965e+02 -1.867481787103027102e+02
0.000000000000000000e+00 0.000000000000000000e+00 0.000000000000000000e+00 0.000000000000000000e+00
0.000000000000000000e+00 0.000000000000000000e+00 0.000000000000000000e+00 0.000000000000000000e+00
0.000000000000000000e+00 0.000000000000000000e+00 0.000000000000000000e+00 0.000000000000000000e+00
-3.121616974808079021e+02 -3.132727230574457167e+02 -3.067833115383606355e+02 -3.135252194609973913e+02
-3.142795781163749211e+02 -3.116495937141257286e+02 -3.146555845891533068e+02 -3.112201654823882109e+02
0.000000000000000000e+00 0.000000000000000000e+00 0.000000000000000000e+00 0.000000000000000000e+00
-2.999961953077562384e+02 -4.017542887516895433e+01 -3.258227566857654551e+02 -2.975609518908736391e+02
0.000000000000000000e+00 0.000000000000000000e+00 0.000000000000000000e+00 0.000000000000000000e+00
-3.293970575234505986e+02 -3.288936419535132814e+02 -3.290866929682353543e+02 -3.282226209162643045e+02
0.000000000000000000e+00 0.000000000000000000e+00 0.000000000000000000e+00 0.000000000000000000e+00
0.000000000000000000e+00 0.000000000000000000e+00 0.000000000000000000e+00 0.000000000000000000e+00
-3.389914201586002491e+02 -3.370654243778739101e+02 -3.389956024498480360e+02 -3.388788276377012494e+02
0.000000000000000000e+00 0.000000000000000000e+00 0.000000000000000000e+00 0.000000000000000000e+00
-3.411525105046877115e+02 -3.406933628481079950e+02 -3.409521030796647665e+02 -3.409815895115684725e+02
0.000000000000000000e+00 0.000000000000000000e+00 0.000000000000000000e+00 0.000000000000000000e+00
0.000000000000000000e+00 0.000000000000000000e+00 0.000000000000000000e+00 0.000000000000000000e+00
0.000000000000000000e+00 0.000000000000000000e+00 0.000000000000000000e+00 0.000000000000000000e+00
-1.889868319565609909e+02 -1.838937964789726607e+02 -1.840032481256772883e+02 -1.931899100401303713e+02
-1.896795602761830537e+02 -1.964032645712231044e+02 -1.822100052788656797e+02 -1.916516252519139130e+02
0.000000000000000000e+00 0.000000000000000000e+00 0.000000000000000000e+00 0.000000000000000000e+00
0.000000000000000000e+00 0.000000000000000000e+00 0.000000000000000000e+00 0.000000000000000000e+00
-3.200780939947929937e+02 -3.202860072351459166e+02 -3.204939204754989532e+02 -3.206972723371911798e+02
-3.194543542737341113e+02 -3.196622675140871479e+02 -3.199890358937061023e+02 -3.207079441956154255e+02
-3.213686415570553550e+02 -3.208957628916716658e+02 -3.193652961726472768e+02 -3.182342784725097431e+02
0.000000000000000000e+00 0.000000000000000000e+00 0.000000000000000000e+00 0.000000000000000000e+00
0.000000000000000000e+00 0.000000000000000000e+00 0.000000000000000000e+00 0.000000000000000000e+00
-3.262730633701406759e+02 -4.202424466895702437e+01 -2.215578767444384312e+02 -2.700693522292215221e+02
0.000000000000000000e+00 0.000000000000000000e+00 0.000000000000000000e+00 0.000000000000000000e+00
-2.733432390100510929e+02 -3.389434688851891337e+02 -3.317149347485135991e+02 -3.318835815247753658e+02
0.000000000000000000e+00 0.000000000000000000e+00 0.000000000000000000e+00 0.000000000000000000e+00
-3.572506624999028872e+02 -3.567012393420051808e+02 -3.542896659723573407e+02 -3.411881071032702266e+02
-3.412635926524185948e+02 -3.396261264592801581e+02 -3.410616654308917077e+02 -3.412104025481620511e+02
-3.131455801358366671e+02 -3.419240007942599391e+02 -3.418985636390324316e+02 -3.417894359951720276e+02
-3.145622796696489445e+02 -3.418267827855615906e+02 -3.420474263985507832e+02 -3.417939061641998251e+02
-3.426741280050661658e+02 -3.427495776602688125e+02 -3.427566827981453343e+02 -3.426923195447149624e+02
0.000000000000000000e+00 0.000000000000000000e+00 0.000000000000000000e+00 0.000000000000000000e+00
-1.936144419360564655e+02 -1.937830887123182038e+02 -1.819361363137238641e+02 -1.949741850324284371e+02
-1.959065364331419232e+02 -2.007792988252847408e+02 -1.903699761016620471e+02 -1.919202533304749636e+02
0.000000000000000000e+00 0.000000000000000000e+00 0.000000000000000000e+00 0.000000000000000000e+00
-2.124638174169099329e+02 -2.050761708878222862e+02 -2.053330544226833183e+02 -2.062845746765772219e+02
0.000000000000000000e+00 0.000000000000000000e+00 0.000000000000000000e+00 0.000000000000000000e+00
0.000000000000000000e+00 0.000000000000000000e+00 0.000000000000000000e+00 0.000000000000000000e+00
0.000000000000000000e+00 0.000000000000000000e+00 0.000000000000000000e+00 0.000000000000000000e+00
-3.211710768852819342e+02 -3.275717088053592647e+02 -3.262888656472714501e+02 -3.228245014627001410e+02
-3.252158510478148514e+02 -3.264521349089323508e+02 -3.287877770573094267e+02 -3.224534370427866747e+02
0.000000000000000000e+00 0.000000000000000000e+00 0.000000000000000000e+00 0.000000000000000000e+00
-3.274769228734745639e+02 -4.370392424170765366e+01 -2.515902677558136418e+02 -2.752796102529534892e+02
-3.145277224204190816e+02 -3.242094481247913222e+02 -4.522837166712012191e+01 -2.740133925441346037e+02
-2.814113205158163851e+02 -3.393992887939093066e+02 -4.662045941275071215e+01 -3.227728078948327379e+02
-3.308339228731451840e+02 -3.313904564004656095e+02 -3.542164171908678441e+02 -2.233695456497359260e+02
-5.309766381341096064e+01 -3.475311830144556779e+02 -3.326996203726287149e+02 -2.858696452178116942e+02
-2.926757414282737386e+02 -3.404892886161379124e+02 -5.389152657394632229e+01 -2.669139859006858728e+02
-3.296017327414253941e+02 -3.415041097480618077e+02 -5.460319366425690646e+01 -3.137202181747983900e+02
-3.218087133609556645e+02 -3.419374545689724414e+02 -5.523591492271029324e+01 -3.139135582272134002e+02
0.000000000000000000e+00 0.000000000000000000e+00 0.000000000000000000e+00 0.000000000000000000e+00
0.000000000000000000e+00 0.000000000000000000e+00 0.000000000000000000e+00 0.000000000000000000e+00
0.000000000000000000e+00 0.000000000000000000e+00 0.000000000000000000e+00 0.000000000000000000e+00
-1.963916322165227655e+02 -2.077029425718975517e+02 -1.937928111283404746e+02 -2.041214023619819216e+02
-2.002285446301513616e+02 -2.003873502119949137e+02 -2.115398606267977470e+02 -2.065440995596496805e+02
-2.043757527151169882e+02 -2.072574012100791094e+02 -2.130694015281221994e+02 -2.122320944952515447e+02
-2.071211447620779609e+02 -2.042847814384438436e+02 -2.128746568990817423e+02 -2.053117956134983899e+02
0.000000000000000000e+00 0.000000000000000000e+00 0.000000000000000000e+00 0.000000000000000000e+00
0.000000000000000000e+00 0.000000000000000000e+00 0.000000000000000000e+00 0.000000000000000000e+00
0.000000000000000000e+00 0.000000000000000000e+00 0.000000000000000000e+00 0.000000000000000000e+00
-3.328286025353054356e+02 -3.233830867675638956e+02 -3.269099686808498291e+02 -3.248790913391191566e+02
-3.323929828100816053e+02 -3.285050153033969877e+02 -3.336202519029054656e+02 -3.286037757524663334e+02
-3.312769457970929352e+02 -3.278038561098710488e+02 -3.362662161015301763e+02 -3.141072977275429707e+02
-3.344065841846968397e+02 -3.275249907769442643e+02 -3.369766691534991878e+02 -1.778229729294581034e+02
-2.184814593144175774e+02 -4.790476102183244933e+01 -3.086375474394418461e+02 -2.763594671745050846e+02
0.000000000000000000e+00 0.000000000000000000e+00 0.000000000000000000e+00 0.000000000000000000e+00
-5.221916514945978349e+01 -3.341051063913549797e+02 -3.176162027756684552e+02 -3.114869937813392085e+02
0.000000000000000000e+00 0.000000000000000000e+00 0.000000000000000000e+00 0.000000000000000000e+00
-3.496342316213572872e+02 -3.430568081944804248e+02 -3.431809736282609151e+02 -2.461116941803469160e+02
-2.250934719745086454e+02 -5.579115490410597999e+01 -3.391535752074933612e+02 -3.418186846269421153e+02
-3.433598423832884805e+02 -3.432593397055604214e+02 -3.155702187746694563e+02 -3.431911436949842482e+02
0.000000000000000000e+00 0.000000000000000000e+00 0.000000000000000000e+00 0.000000000000000000e+00
-2.066590848689015445e+02 -2.068178904507451534e+02 -2.069766960325887055e+02 -2.073705856923552062e+02
-1.933716135226465269e+02 -2.067671773433386306e+02 -2.065776150707900456e+02 -2.029611407404710235e+02
0.000000000000000000e+00 0.000000000000000000e+00 0.000000000000000000e+00 0.000000000000000000e+00
-2.050187284960928480e+02 -2.115035938566749678e+02 -1.986300748205241575e+02 -2.016970875055434362e+02
-2.007532907163304969e+02 -2.047121178827214862e+02 -2.096850993537029808e+02 -2.040067817145404661e+02
0.000000000000000000e+00 0.000000000000000000e+00 0.000000000000000000e+00 0.000000000000000000e+00
-3.654533276689143122e+02 -3.413932306882790613e+02 -3.484116257285592724e+02 -3.670174038236685305e+02
-3.668272108055418244e+02 -3.398774849785082779e+02 -3.532758269578837940e+02 -3.340598675335798475e+02
-3.628357147388018120e+02 -3.355504704169781007e+02 -3.306421994233266446e+02 -3.335996909844342326e+02
-3.458194036849191662e+02 -3.349433101763494847e+02 -3.381775735943660379e+02 -3.341660979237741458e+02
-3.630533050329957518e+02 -3.304556905482201614e+02 -3.319997409167505680e+02 -3.337614544026234285e+02
-3.332498495803851597e+02 -3.337133475584419102e+02 -3.311535068089830816e+02 -3.350340430870655268e+02
-3.225818768437525250e+02 -4.910019420532610468e+01 -3.317724613478162041e+02 -3.065928704607103441e+02
-2.570923636848278875e+02 -2.371550133926416493e+02 -5.021684248899423153e+01 -3.027424001731204157e+02
-3.517309794314452347e+02 -3.080948610035943034e+02 -5.125741364157077129e+01 -3.387095332504637213e+02
-3.386112010654412074e+02 -3.504414377779183951e+02 -2.416427970468191688e+02 -3.523869367737718790e+02
-3.581363503888453010e+02 -3.498231194119084080e+02 -3.278993399379071434e+02 -3.548812895053362126e+02
-3.366956247845657799e+02 -5.626820711963470245e+01 -3.490687426192018279e+02 -3.505443115508820142e+02
0.000000000000000000e+00 0.000000000000000000e+00 0.000000000000000000e+00 0.000000000000000000e+00
0.000000000000000000e+00 0.000000000000000000e+00 0.000000000000000000e+00 0.000000000000000000e+00
0.000000000000000000e+00 0.000000000000000000e+00 0.000000000000000000e+00 0.000000000000000000e+00
-1.896175695426134666e+02 -2.033556643114062865e+02 -1.997336933186685144e+02 -1.998826478550485035e+02
0.000000000000000000e+00 0.000000000000000000e+00 0.000000000000000000e+00 0.000000000000000000e+00
-2.053794092014564967e+02 -2.041395613174772734e+02 -2.067149966393622265e+02 -2.067890446945577878e+02
-2.048433091427026795e+02 -2.057584092894406069e+02 -2.044492928035571424e+02 -1.994785033352185337e+02
-2.153115365720676664e+02 -2.000782360130704660e+02 -2.028756902718491801e+02 -2.004629661018367415e+02
0.000000000000000000e+00 0.000000000000000000e+00 0.000000000000000000e+00 0.000000000000000000e+00
-3.698475982887962346e+02 -3.634350414839740324e+02 -3.660753653973370092e+02 -3.656929660437115785e+02
-3.685196339270030421e+02 -3.633233410622839870e+02 -3.600182658305459995e+02 -3.616662773087038545e+02
-3.581992392656527500e+02 -3.506856419692534814e+02 -3.525802548254229691e+02 -3.535838385205497616e+02
-3.671948021194303919e+02 -3.651161673261642022e+02 -3.558572199070382567e+02 -3.534028378891559896e+02
0.000000000000000000e+00 0.000000000000000000e+00 0.000000000000000000e+00 0.000000000000000000e+00
-3.360186826103489466e+02 -2.541687704325893833e+02 -3.359539696104301925e+02 -3.360561529009428341e+02
0.000000000000000000e+00 0.000000000000000000e+00 0.000000000000000000e+00 0.000000000000000000e+00
-3.605319944305106219e+02 -3.837639533923192516e+02 -3.602908814263477666e+02 -3.604312911846290604e+02
0.000000000000000000e+00 0.000000000000000000e+00 0.000000000000000000e+00 0.000000000000000000e+00
-3.607548856305491540e+02 -3.522853586422672265e+02 -3.586747751726426259e+02 -3.809356691450818744e+02
-3.657919331232972127e+02 -5.666496269755907633e+01 -3.658287593238244995e+02 -3.258857596711951032e+02
-3.468514656506842471e+02 -2.704787866630395570e+02 -5.697748558865839641e+01 -3.210825994667786176e+02
0.000000000000000000e+00 0.000000000000000000e+00 0.000000000000000000e+00 0.000000000000000000e+00
-1.851838866052299863e+02 -1.853032288002878829e+02 -1.854225709953458079e+02 -1.947191904745695581e+02
-1.864449257522653056e+02 -1.991892915736962379e+02 -1.894684351833918186e+02 -1.954026765759808200e+02
0.000000000000000000e+00 0.000000000000000000e+00 0.000000000000000000e+00 0.000000000000000000e+00
0.000000000000000000e+00 0.000000000000000000e+00 0.000000000000000000e+00 0.000000000000000000e+00
0.000000000000000000e+00 0.000000000000000000e+00 0.000000000000000000e+00 0.000000000000000000e+00
0.000000000000000000e+00 0.000000000000000000e+00 0.000000000000000000e+00 0.000000000000000000e+00
-3.784554182905699236e+02 -3.780868896019215981e+02 -3.782555363781833648e+02 -3.798489428070590179e+02
-3.758093890369194128e+02 -3.740069988564464438e+02 -3.752277151720371648e+02 -3.763477633303397738e+02
-3.708770175996378953e+02 -3.705932048150463061e+02 -3.689142928036433773e+02 -3.771161588021783473e+02
-3.728065261911073662e+02 -3.527083063148451174e+02 -3.681472386925493652e+02 -3.643086449825623276e+02
-3.675885535264208670e+02 -3.664889217902093037e+02 -3.693092652749859326e+02 -3.617345791343399810e+02
0.000000000000000000e+00 0.000000000000000000e+00 0.000000000000000000e+00 0.000000000000000000e+00
0.000000000000000000e+00 0.000000000000000000e+00 0.000000000000000000e+00 0.000000000000000000e+00
0.000000000000000000e+00 0.000000000000000000e+00 0.000000000000000000e+00 0.000000000000000000e+00
-3.611418570477687240e+02 -3.938736361203333445e+02 -3.611686859007122052e+02 -3.610074840301977588e+02
0.000000000000000000e+00 0.000000000000000000e+00 0.000000000000000000e+00 0.000000000000000000e+00
-3.616789733120045298e+02 -3.685510251704715756e+02 -3.568998391447835843e+02 -3.570487936811635450e+02
0.000000000000000000e+00 0.000000000000000000e+00 0.000000000000000000e+00 0.000000000000000000e+00
-2.863434315450532495e+02 -5.719554663850929188e+01 -3.427501528461517069e+02 -2.947756309172464739e+02
-1.907165065227316916e+02 -1.842610946300759451e+02 -1.844395727595614574e+02 -1.846180508890468843e+02
0.000000000000000000e+00 0.000000000000000000e+00 0.000000000000000000e+00 0.000000000000000000e+00
-1.852811689516752836e+02 -1.933866160220280221e+02 -1.917338182614308266e+02 -1.792435784259399156e+02
-1.933083429504960975e+02 -1.896360179703212339e+02 -1.803955725419328928e+02 -1.898145552258112048e+02
0.000000000000000000e+00 0.000000000000000000e+00 0.000000000000000000e+00 0.000000000000000000e+00
-3.788858858661567410e+02 -3.799922765156957780e+02 -3.783157258665669360e+02 -3.809090401036451112e+02
-3.813954018557460586e+02 -3.799923613323041423e+02 -3.804333977999034460e+02 -3.807520532335497592e+02
-3.794657076165610761e+02 -3.817280091640413389e+02 -3.804251055007279092e+02 -3.786032960190639187e+02
-3.766832011065972665e+02 -3.782931637295846485e+02 -3.788786307325067355e+02 -3.783140431581756502e+02
0.000000000000000000e+00 0.000000000000000000e+00 0.000000000000000000e+00 0.000000000000000000e+00
-3.739811153356305340e+02 -3.584584837763302403e+02 -3.561799720903106277e+02 -3.563091949431734520e+02
0.000000000000000000e+00 0.000000000000000000e+00 0.000000000000000000e+00 0.000000000000000000e+00
-3.598687016738157354e+02 -3.597869368785472375e+02 -3.596586781023787012e+02 -3.614498308193402636e+02
-3.614027463027030080e+02 -3.587953233782568532e+02 -3.591541685584526249e+02 -3.723789160177825011e+02
-3.698897731867634775e+02 -3.654653082562639952e+02 -3.590613137545046243e+02 -3.767339881532913068e+02
-3.953493783558539008e+02 -3.981272676507202277e+02 -3.602648580302377468e+02 -3.699513443337884837e+02
-3.526266109808711917e+02 -3.671806830388469507e+02 -3.960541135760611269e+02 -3.721603951682986349e+02
-3.938141653882367450e+02 -3.599563968389442152e+02 -3.961182519590983020e+02 -3.696942163915854849e+02
-3.943648263416844202e+02 -3.704463475581611647e+02 -3.995664533483009109e+02 -3.395917027575980001e+02
-2.772510647434713178e+02 -5.732521812744814582e+01 -3.824153178407853488e+02 -3.547532544286347616e+02
-1.893529468018369073e+02 -1.869670912830614213e+02 -1.814701537236859963e+02 -1.894883616569706533e+02
-1.894830922352784910e+02 -1.896320467716584801e+02 -1.850402043977227322e+02 -1.899657429482080033e+02
-1.853933051858222711e+02 -1.920058264480955472e+02 -1.868496881250196964e+02 -1.879020063913964975e+02
-1.804865292463996127e+02 -1.908435849868273522e+02 -1.935651601666249348e+02 -1.861777422785303884e+02
0.000000000000000000e+00 0.000000000000000000e+00 0.000000000000000000e+00 0.000000000000000000e+00
-3.825769019657357148e+02 -3.781255904258962346e+02 -3.782377474077209740e+02 -3.805189501529702056e+02
-3.811290084253819259e+02 -3.806865892691399722e+02 -3.801133416145934234e+02 -3.820333410504646281e+02
-3.788886093446450332e+02 -3.814682869575988207e+02 -3.785039667397531957e+02 -3.798404896809952334e+02
-3.770650652228137574e+02 -3.762570626116987569e+02 -3.796700074101762539e+02 -3.768198360279988037e+02
0.000000000000000000e+00 0.000000000000000000e+00 0.000000000000000000e+00 0.000000000000000000e+00
-3.660875794087804707e+02 -3.617766253779437307e+02 -3.646702216618983243e+02 -3.724075725663133767e+02
-3.709235310609874432e+02 -3.730635362150192122e+02 -3.551232438694572693e+02 -3.756684211669634692e+02
-3.593606384245183563e+02 -3.592575252145174431e+02 -3.590309191106950948e+02 -3.757924767948809972e+02
-3.832612132772326845e+02 -3.762483516425462540e+02 -3.608433736785018482e+02 -3.758718876816714669e+02
0.000000000000000000e+00 0.000000000000000000e+00 0.000000000000000000e+00 0.000000000000000000e+00
-3.932613554660196655e+02 -3.995039210854902194e+02 -3.978062521746701918e+02 -3.979650577565137155e+02
0.000000000000000000e+00 0.000000000000000000e+00 0.000000000000000000e+00 0.000000000000000000e+00
-3.927682703486004243e+02 -3.932457746248981039e+02 -3.952263824295480958e+02 -3.954233090397734145e+02
-3.965771568279872668e+02 -4.003182099851021007e+02 -3.940138417533111124e+02 -2.185195387436819487e+02
-2.978949743197114230e+02 -5.736509578531526898e+01 -3.735017314272701583e+02 -3.327653708253757259e+02
0.000000000000000000e+00 0.000000000000000000e+00 0.000000000000000000e+00 0.000000000000000000e+00
0.000000000000000000e+00 0.000000000000000000e+00 0.000000000000000000e+00 0.000000000000000000e+00
-1.856507771142771048e+02 -1.885502496153260665e+02 -1.886501535037746748e+02 -1.725016096498049762e+02
0.000000000000000000e+00 0.000000000000000000e+00 0.000000000000000000e+00 0.000000000000000000e+00
0.000000000000000000e+00 0.000000000000000000e+00 0.000000000000000000e+00 0.000000000000000000e+00
-3.824591489034323786e+02 -3.820667436079048684e+02 -3.824110758559522196e+02 -3.824450511770185130e+02
-3.817275111024639500e+02 -3.822093639134763521e+02 -3.806454830036609565e+02 -3.804794419615562333e+02
-3.788851484480753697e+02 -3.779932887445714869e+02 -3.796910901334206869e+02 -3.780127832686428064e+02
-3.778947766403477999e+02 -3.786352249143132553e+02 -3.768564470418198766e+02 -3.772282231393982102e+02
-3.737749500011071291e+02 -3.739435967773688958e+02 -3.768799114254849201e+02 -3.750834268047975684e+02
-3.718538605458893471e+02 -3.719750169310568708e+02 -3.737605946894782392e+02 -3.721128796452886718e+02
0.000000000000000000e+00 0.000000000000000000e+00 0.000000000000000000e+00 0.000000000000000000e+00
0.000000000000000000e+00 0.000000000000000000e+00 0.000000000000000000e+00 0.000000000000000000e+00
-3.703593028778841472e+02 -3.802017191960204059e+02 -3.980204209181067085e+02 -3.983621723864597470e+02
-3.930631637719022251e+02 -3.977128397544195195e+02 -3.926795440125074492e+02 -3.987445735940052600e+02
-3.870960404788531264e+02 -3.985728660397097087e+02 -3.946805754168851195e+02 -3.934741164882834710e+02
0.000000000000000000e+00 0.000000000000000000e+00 0.000000000000000000e+00 0.000000000000000000e+00
0.000000000000000000e+00 0.000000000000000000e+00 0.000000000000000000e+00 0.000000000000000000e+00
-3.981409278732616599e+02 -3.599844352084048751e+02 -3.976393398517328706e+02 -5.716584418911196508e+01
-3.977617844361635662e+02 -5.731257120805378236e+01 -3.707370171113776678e+02 -3.189750380657085884e+02
-1.883775902962653106e+02 -1.884998233885889363e+02 -1.886655691593749111e+02 -1.889089662538067671e+02
-1.879207964774749939e+02 -1.880697510138550115e+02 -1.882933964404747940e+02 -1.890330218817242667e+02
-1.857050239216757461e+02 -1.893804056274873915e+02 -1.878413855906844958e+02 -1.891124327685147932e+02
0.000000000000000000e+00 0.000000000000000000e+00 0.000000000000000000e+00 0.000000000000000000e+00
0.000000000000000000e+00 0.000000000000000000e+00 0.000000000000000000e+00 0.000000000000000000e+00
-3.842110800292613249e+02 -3.843902107603287277e+02 -3.845044593369040058e+02 -3.826319457284817531e+02
0.000000000000000000e+00 0.000000000000000000e+00 0.000000000000000000e+00 0.000000000000000000e+00
0.000000000000000000e+00 0.000000000000000000e+00 0.000000000000000000e+00 0.000000000000000000e+00
-3.787813465377682292e+02 -3.791505092097257830e+02 -3.789206306145451890e+02 -3.781398345279506543e+02
0.000000000000000000e+00 0.000000000000000000e+00 0.000000000000000000e+00 0.000000000000000000e+00
-3.773412736265188414e+02 -3.776288519678311104e+02 -3.763343357157730225e+02 -3.765029824920349029e+02
0.000000000000000000e+00 0.000000000000000000e+00 0.000000000000000000e+00 0.000000000000000000e+00
0.000000000000000000e+00 0.000000000000000000e+00 0.000000000000000000e+00 0.000000000000000000e+00
0.000000000000000000e+00 0.000000000000000000e+00 0.000000000000000000e+00 0.000000000000000000e+00
-3.972656176918314941e+02 -3.973219405744329151e+02 -3.730799230782425298e+02 -3.788303156940574468e+02
-3.859869309605570038e+02 -3.964240801959565488e+02 -3.754377528472759877e+02 -3.775889357610674324e+02
0.000000000000000000e+00 0.000000000000000000e+00 0.000000000000000000e+00 0.000000000000000000e+00
-4.013798851742697025e+02 -4.013215376773022172e+02 -4.014740842581592233e+02 -4.014808703620845449e+02
-4.002979667504215513e+02 -3.669611117676950585e+02 -4.003056773484523205e+02 -4.002281401309440980e+02
-3.995170888559059108e+02 -3.976156581149819544e+02 -4.000805628525382076e+02 -3.993541204470793673e+02
