1.008490026258650474e+00 -6.269106882885217003e-02 -6.488538698246337777e-02 -4.711481546576144069e-02
7.003261901711139714e-01 -6.077475614446343349e-02 9.822181532716069974e-01 1.009641781657913927e-02
7.483141652657974985e-02 -5.206137317233309331e-02 9.644175635907997757e-01 1.365746707529079118e-01
1.056461632290816244e+00 -5.524648765391020760e-02 6.903901531269898140e-01 4.694608283668001009e-02
-2.726931615121871641e-02 -7.279072400091177175e-02 1.098436018015512605e+00 -7.262985561262910728e-02
6.623665720287663650e-01 -1.110355004914165104e-02 -5.737019034633393522e-02 9.780294821998447574e-01
1.023668107712168762e+00 1.063198919546451404e-01 1.060021736627481947e-01 7.686989051659597061e-02
7.721172413553720748e-01 1.010868641055856054e+00 6.095105074033336789e-01 3.575990780389581292e-01
1.604030912543617238e-01 5.689530908575847479e-02 1.177999513758132721e+00 2.598783709125223468e-02
-5.255149799579139636e-02 1.172787494924008023e+00 8.777454123135274289e-01 -6.106446143479297289e-02
1.039833903786069769e+00 -1.926591999234027186e-03 -5.918666822131445071e-02 2.271197020841738135e-01
4.308897061291332431e-01 2.020396478273017715e-02 1.087819614375546085e+00 9.054729793258781134e-01
1.926428149093140085e-01 4.623852233140266499e-01 1.565009259247449880e-01 8.044640387568083306e-02
1.004647577605201174e-02 4.638346512267861321e-01 1.125459620131668226e+00 1.198461674801220234e+00
3.413152822274390791e-02 1.014495418134095273e+00 5.164321455272000150e-02 -5.582382835371099694e-02
1.143788229140431101e+00 -4.467601900002632354e-02 -5.592563192237310493e-02 5.267043240437009333e-01
5.868669356517387109e-02 2.504657077939872467e-01 4.960120362257655624e-02 1.090708145714343269e+00
1.111124777790148066e+00 1.035973409610077667e+00 -2.761999822539953214e-02 5.652227399498520599e-01
6.514892112538106517e-02 9.394941089228320275e-01 4.185637879762465347e-02 -2.218440507320572352e-02
-3.941571937399523939e-02 7.558669528433954454e-01 9.780279635338169353e-01 -5.782886572733548364e-02
-5.295231795504064948e-02 -1.352127000540113456e-02 -5.625791553897509234e-02 1.163649508705177249e+00
-5.633412635015949688e-02 9.946746465005750215e-01 -2.654536942656917156e-02 3.910934346975665776e-01
-5.372774985123089653e-02 3.013303382976138811e-02 3.772585832859884358e-02 1.089848275998288374e+00
-5.684195991036207485e-02 4.165810074588868206e-01 2.224790497047145557e-02 1.019082432651432946e+00
-7.406566851279704211e-02 1.193399082002762013e+00 7.983953348943441646e-04 -7.369585906288873833e-02
