-8.391611640277310471e+02 -8.211188806272622287e+02 -8.213951331834912253e+02 -8.313807382780173612e+02
-8.352317354734800574e+02 -8.355674191534193369e+02 -8.419361434681666196e+02 -8.257112150105216415e+02
-8.221434892677151538e+02 -8.230277492578202327e+02 -8.347855806039441404e+02 -8.241191593662280184e+02
0.000000000000000000e+00 0.000000000000000000e+00 0.000000000000000000e+00 0.000000000000000000e+00
0.000000000000000000e+00 0.000000000000000000e+00 0.000000000000000000e+00 0.000000000000000000e+00
-9.663992607695388415e+02 -9.680963955269929784e+02 -9.670849172102297189e+02 -9.691603301780587572e+02
-9.679735799281714890e+02 -9.652793932031636359e+02 -9.672565426908207655e+02 -9.666024395080916065e+02
-9.658862968112631506e+02 -9.633971500028686705e+02 -9.649632442197535056e+02 -9.633098073834518118e+02
0.000000000000000000e+00 0.000000000000000000e+00 0.000000000000000000e+00 0.000000000000000000e+00
-9.474182534864978606e+02 -9.473167567338487061e+02 -9.468428730793095838e+02 -9.479716137463324230e+02
-9.489835357458059661e+02 -9.494610989496432012e+02 -9.494011081854603162e+02 -9.492483292190602242e+02
0.000000000000000000e+00 0.000000000000000000e+00 0.000000000000000000e+00 0.000000000000000000e+00
0.000000000000000000e+00 0.000000000000000000e+00 0.000000000000000000e+00 0.000000000000000000e+00
0.000000000000000000e+00 0.000000000000000000e+00 0.000000000000000000e+00 0.000000000000000000e+00
-9.984518797083753725e+02 -9.933237415836684931e+02 -9.947998640154710301e+02 -9.991763000106690242e+02
-9.972262555032051523e+02 -9.912647666982783221e+02 -9.948527871427844502e+02 -9.928330574808474012e+02
-9.922542004947310943e+02 -9.964770999712313824e+02 -9.968566739433385919e+02 -9.968584793825709767e+02
0.000000000000000000e+00 0.000000000000000000e+00 0.000000000000000000e+00 0.000000000000000000e+00
0.000000000000000000e+00 0.000000000000000000e+00 0.000000000000000000e+00 0.000000000000000000e+00
0.000000000000000000e+00 0.000000000000000000e+00 0.000000000000000000e+00 0.000000000000000000e+00
-8.355734725348359007e+02 -8.292887238943168313e+02 -8.317451512498978445e+02 -8.320116703252023171e+02
0.000000000000000000e+00 0.000000000000000000e+00 0.000000000000000000e+00 0.000000000000000000e+00
-8.590853855033442414e+02 -8.279513845512382204e+02 -8.521868922706245257e+02 -8.534008603392719579e+02
0.000000000000000000e+00 0.000000000000000000e+00 0.000000000000000000e+00 0.000000000000000000e+00
0.000000000000000000e+00 0.000000000000000000e+00 0.000000000000000000e+00 0.000000000000000000e+00
-9.642116512788684304e+02 -9.665017643487867645e+02 -9.689736189977529648e+02 -9.671718352729751587e+02
-9.663274489093970487e+02 -9.668008887450640714e+02 -9.656795696316619342e+02 -9.679903833832875080e+02
-9.645825083032175371e+02 -9.627663210568969134e+02 -9.651036859373552943e+02 -9.623735010297743884e+02
0.000000000000000000e+00 0.000000000000000000e+00 0.000000000000000000e+00 0.000000000000000000e+00
-9.414184560568980942e+02 -9.417337540096995099e+02 -9.402851010483199161e+02 -9.566679167813267668e+02
-9.648936300332669589e+02 -9.484442304222351368e+02 -9.477799899103796406e+02 -9.680395985784545019e+02
-9.697958131843690808e+02 -9.617178568168460515e+02 -9.585045452617430328e+02 -9.594837185539828397e+02
0.000000000000000000e+00 0.000000000000000000e+00 0.000000000000000000e+00 0.000000000000000000e+00
-9.821315137488892333e+02 -9.747885744331695150e+02 -9.814172190753415634e+02 -9.808817469374491793e+02
0.000000000000000000e+00 0.000000000000000000e+00 0.000000000000000000e+00 0.000000000000000000e+00
-9.963098824089709069e+02 -9.927838544452679344e+02 -9.925732362570452096e+02 -9.956566482566936429e+02
0.000000000000000000e+00 0.000000000000000000e+00 0.000000000000000000e+00 0.000000000000000000e+00
0.000000000000000000e+00 0.000000000000000000e+00 0.000000000000000000e+00 0.000000000000000000e+00
-9.954588299831323184e+02 -9.826094634211115135e+02 -9.884128175585506142e+02 -9.886550525015295534e+02
-9.879400519778055241e+02 -9.956505096253846432e+02 -9.956679360556795473e+02 -9.940171602896308514e+02
-8.544102192302182175e+02 -8.307654517345056320e+02 -8.582403027363666297e+02 -8.632123401542030479e+02
-8.647090402166041940e+02 -8.601299797751212282e+02 -8.554126497064266914e+02 -8.589551291335363885e+02
-8.549209462858149209e+02 -8.587313263112055211e+02 -8.709465916079750514e+02 -8.537715012790547462e+02
-8.614614440400640660e+02 -8.617958934190736500e+02 -8.640224391581758709e+02 -8.397314366175185114e+02
-8.455363406692363242e+02 -8.418266846170058670e+02 -8.475791656223663040e+02 -8.448608012436920944e+02
0.000000000000000000e+00 0.000000000000000000e+00 0.000000000000000000e+00 0.000000000000000000e+00
0.000000000000000000e+00 0.000000000000000000e+00 0.000000000000000000e+00 0.000000000000000000e+00
-9.568470591482764576e+02 -9.571574943207283468e+02 -9.561011207814370891e+02 -9.566941399470285887e+02
-9.481916787010018197e+02 -9.498800068201946942e+02 -9.497719363320935599e+02 -9.486186775398850841e+02
-9.422531466919954255e+02 -9.419903543047693120e+02 -9.428253157994031426e+02 -9.417330687406774814e+02
0.000000000000000000e+00 0.000000000000000000e+00 0.000000000000000000e+00 0.000000000000000000e+00
-5.125921436928101116e+01 -9.583072223146484703e+02 -8.550483657936661075e+02 -8.180101029776491259e+02
-8.484003896098213318e+02 -6.777262059245390446e+02 -5.138934641440479822e+01 -8.575822482053636122e+02
-9.819737072451845279e+02 -9.775587945875402056e+02 -5.137088382469022463e+01 -9.871113784514313920e+02
-9.420858282587814756e+02 -7.683486081192932033e+02 -5.120312665492078708e+01 -9.363875050003520073e+02
-9.965476436611268127e+02 -9.926050006029280439e+02 -6.629197610514951293e+02 -9.959649955893197557e+02
0.000000000000000000e+00 0.000000000000000000e+00 0.000000000000000000e+00 0.000000000000000000e+00
0.000000000000000000e+00 0.000000000000000000e+00 0.000000000000000000e+00 0.000000000000000000e+00
-9.953982107023290382e+02 -9.875578908815855357e+02 -9.714220136796320730e+02 -9.952620465121476627e+02
0.000000000000000000e+00 0.000000000000000000e+00 0.000000000000000000e+00 0.000000000000000000e+00
0.000000000000000000e+00 0.000000000000000000e+00 0.000000000000000000e+00 0.000000000000000000e+00
-8.711217023999961384e+02 -8.462502720812009329e+02 -8.610997864185504795e+02 -8.623769852500663546e+02
0.000000000000000000e+00 0.000000000000000000e+00 0.000000000000000000e+00 0.000000000000000000e+00
0.000000000000000000e+00 0.000000000000000000e+00 0.000000000000000000e+00 0.000000000000000000e+00
-8.505352564447758823e+02 -8.493143915708052418e+02 -8.503443724471376299e+02 -8.529468655394366579e+02
-8.538044554253922342e+02 -8.521012782110927901e+02 -8.528098902082795121e+02 -8.531256624240954807e+02
0.000000000000000000e+00 0.000000000000000000e+00 0.000000000000000000e+00 0.000000000000000000e+00
0.000000000000000000e+00 0.000000000000000000e+00 0.000000000000000000e+00 0.000000000000000000e+00
0.000000000000000000e+00 0.000000000000000000e+00 0.000000000000000000e+00 0.000000000000000000e+00
-9.366376579636599899e+02 -9.372433897571754642e+02 -9.360950652280949953e+02 -9.368853442616285747e+02
0.000000000000000000e+00 0.000000000000000000e+00 0.000000000000000000e+00 0.000000000000000000e+00
-5.099029146356037501e+01 -8.754050351236836605e+02 -7.879785326226118514e+02 -8.830872295608461400e+02
-9.606700425458766404e+02 -9.694907790946087971e+02 -4.130888655196825425e+02 -9.638769215112459960e+02
0.000000000000000000e+00 0.000000000000000000e+00 0.000000000000000000e+00 0.000000000000000000e+00
0.000000000000000000e+00 0.000000000000000000e+00 0.000000000000000000e+00 0.000000000000000000e+00
-9.932858513120690986e+02 -9.839422254531363023e+02 -9.722250503655823195e+02 -9.741331957736305185e+02
-9.810051268755979663e+02 -9.768447993587872134e+02 -9.863946254278172319e+02 -9.825218480138353243e+02
-9.824843515913806868e+02 -9.741313122269484666e+02 -9.925672370234753998e+02 -9.849415179195242445e+02
-9.829560837568805027e+02 -9.895722692937603142e+02 -9.943527289958759638e+02 -9.922711491417973093e+02
0.000000000000000000e+00 0.000000000000000000e+00 0.000000000000000000e+00 0.000000000000000000e+00
-8.725336263071059193e+02 -8.722385646017715999e+02 -8.726135940940764613e+02 -8.606665461335596774e+02
-8.516841287752895369e+02 -8.562597022274242136e+02 -8.722562818076710300e+02 -8.721357062849516524e+02
0.000000000000000000e+00 0.000000000000000000e+00 0.000000000000000000e+00 0.000000000000000000e+00
-8.545221781144723536e+02 -8.544037615442179003e+02 -8.548866100856071171e+02 -8.550543338797737078e+02
-8.520207588079919105e+02 -8.508546560182613803e+02 -8.532934653115729589e+02 -8.530859211772805111e+02
-8.535920271759166553e+02 -8.517169822947864759e+02 -8.507349151663014482e+02 -8.516530767586061756e+02
0.000000000000000000e+00 0.000000000000000000e+00 0.000000000000000000e+00 0.000000000000000000e+00
-8.457846410959746208e+02 -8.457984322205199987e+02 -8.446894961984814927e+02 -8.451888480548902862e+02
0.000000000000000000e+00 0.000000000000000000e+00 0.000000000000000000e+00 0.000000000000000000e+00
-9.297592029326697229e+02 -9.323164995502676220e+02 -9.329936308067881328e+02 -9.323006980975027318e+02
0.000000000000000000e+00 0.000000000000000000e+00 0.000000000000000000e+00 0.000000000000000000e+00
-5.059371580448708983e+01 -8.697421222439269286e+02 -8.631192067904578380e+02 -9.506901371698853609e+02
-9.523966849716632623e+02 -9.110524188852141378e+02 -9.568727727829465266e+02 -9.187978792928392977e+02
0.000000000000000000e+00 0.000000000000000000e+00 0.000000000000000000e+00 0.000000000000000000e+00
-9.661393527878676650e+02 -9.664641269410300310e+02 -9.667889010941919423e+02 -9.690468974423322379e+02
-9.881237619296734920e+02 -9.721793781972339730e+02 -9.660424431033061410e+02 -9.698559819864462952e+02
0.000000000000000000e+00 0.000000000000000000e+00 0.000000000000000000e+00 0.000000000000000000e+00
0.000000000000000000e+00 0.000000000000000000e+00 0.000000000000000000e+00 0.000000000000000000e+00
-9.820447258801730186e+02 -9.931461549394713302e+02 -9.796837482561620618e+02 -9.830249081084743921e+02
0.000000000000000000e+00 0.000000000000000000e+00 0.000000000000000000e+00 0.000000000000000000e+00
-8.599190139825666392e+02 -8.634944856871416050e+02 -8.553056889562127481e+02 -8.710207368274684541e+02
-8.541003659748114387e+02 -8.484458733858883761e+02 -8.563346971944571351e+02 -8.674544177710048416e+02
-8.626596054681411943e+02 -8.465913872197033925e+02 -8.508315383675790144e+02 -8.323205812052960937e+02
0.000000000000000000e+00 0.000000000000000000e+00 0.000000000000000000e+00 0.000000000000000000e+00
0.000000000000000000e+00 0.000000000000000000e+00 0.000000000000000000e+00 0.000000000000000000e+00
-8.502385291697298726e+02 -8.482817035288193210e+02 -8.512220518179316286e+02 -8.499850486333810977e+02
0.000000000000000000e+00 0.000000000000000000e+00 0.000000000000000000e+00 0.000000000000000000e+00
-8.413620906778065773e+02 -8.431392602725472898e+02 -8.432874562758701131e+02 -8.436037088320990733e+02
0.000000000000000000e+00 0.000000000000000000e+00 0.000000000000000000e+00 0.000000000000000000e+00
-8.589472276152312133e+02 -9.251337398012457243e+02 -9.235996101448762374e+02 -9.249551234286797126e+02
-4.945601120526955441e+01 -6.862608803956848078e+02 -9.227210957124336801e+02 -8.375860696401308587e+02
-9.211933573766370955e+02 -6.374342594245732698e+02 -5.007921213933514082e+01 -9.330391573216472807e+02
-9.487588906138518041e+02 -9.548599598591075619e+02 -7.708554988565456370e+02 -9.486367941268729282e+02
0.000000000000000000e+00 0.000000000000000000e+00 0.000000000000000000e+00 0.000000000000000000e+00
0.000000000000000000e+00 0.000000000000000000e+00 0.000000000000000000e+00 0.000000000000000000e+00
-9.842740954164816003e+02 -9.638216688228101248e+02 -9.665257552785583357e+02 -9.723985283892458256e+02
-9.736941549150867559e+02 -9.749669592201239539e+02 -9.706719761133945212e+02 -9.790357820612189244e+02
-9.779717693464523336e+02 -9.803877808980880673e+02 -9.753665389091988800e+02 -9.850690109188219594e+02
-9.883195566991008718e+02 -9.923460175040030435e+02 -9.787996266792314373e+02 -9.842655068382847503e+02
-9.884323718042103337e+02 -9.825760955862351693e+02 -9.928388468043976900e+02 -9.780730817640046553e+02
-8.645690204394063585e+02 -8.658189451736725459e+02 -8.612093290589150456e+02 -8.614758481342192908e+02
0.000000000000000000e+00 0.000000000000000000e+00 0.000000000000000000e+00 0.000000000000000000e+00
-8.599264437774310181e+02 -8.363525848237470655e+02 -8.344200590644828708e+02 -8.660841256975804754e+02
-8.272330603319378497e+02 -8.332182538733143247e+02 -8.470804459419267687e+02 -8.575435731523430150e+02
-8.379573250247672149e+02 -8.378341249675981999e+02 -8.371635115000916585e+02 -8.535687399833349218e+02
-8.428442140547422241e+02 -8.388890562140628617e+02 -8.368545677601990747e+02 -8.560360256702684865e+02
-8.375217141318171343e+02 -8.377882332071211522e+02 -8.364370428157933475e+02 -8.532084945518444101e+02
-8.491318485366399500e+02 -8.339428874296530694e+02 -8.335440305860813623e+02 -8.401819736667749794e+02
0.000000000000000000e+00 0.000000000000000000e+00 0.000000000000000000e+00 0.000000000000000000e+00
-4.867416559888559391e+02 -9.202116926050044867e+02 -9.189885080626348781e+02 -9.197045090534309111e+02
-4.873133304929777410e+01 -7.161988465816443750e+02 -8.525999824205093773e+02 -9.195597793482502311e+02
-8.904828354803427146e+02 -9.369725774242826901e+02 -9.238957523586939260e+02 -9.237263191160981251e+02
0.000000000000000000e+00 0.000000000000000000e+00 0.000000000000000000e+00 0.000000000000000000e+00
0.000000000000000000e+00 0.000000000000000000e+00 0.000000000000000000e+00 0.000000000000000000e+00
-9.786946192606758359e+02 -9.791348596828629525e+02 -9.795751001050497280e+02 -9.828665330205606097e+02
-9.821745824716474544e+02 -9.621195333079018610e+02 -9.785954920570327431e+02 -9.748688751862099480e+02
0.000000000000000000e+00 0.000000000000000000e+00 0.000000000000000000e+00 0.000000000000000000e+00
0.000000000000000000e+00 0.000000000000000000e+00 0.000000000000000000e+00 0.000000000000000000e+00
0.000000000000000000e+00 0.000000000000000000e+00 0.000000000000000000e+00 0.000000000000000000e+00
-9.884785550344200828e+02 -9.951066751647649653e+02 -9.937794380316333900e+02 -9.904338603102751222e+02
0.000000000000000000e+00 0.000000000000000000e+00 0.000000000000000000e+00 0.000000000000000000e+00
0.000000000000000000e+00 0.000000000000000000e+00 0.000000000000000000e+00 0.000000000000000000e+00
0.000000000000000000e+00 0.000000000000000000e+00 0.000000000000000000e+00 0.000000000000000000e+00
-8.164757654721079234e+02 -8.330015691740738930e+02 -8.217258692997263552e+02 -8.219435746268386538e+02
0.000000000000000000e+00 0.000000000000000000e+00 0.000000000000000000e+00 0.000000000000000000e+00
0.000000000000000000e+00 0.000000000000000000e+00 0.000000000000000000e+00 0.000000000000000000e+00
0.000000000000000000e+00 0.000000000000000000e+00 0.000000000000000000e+00 0.000000000000000000e+00
-8.493188363104336531e+02 -8.353208394106034120e+02 -8.457764661707253708e+02 -8.367393909565735157e+02
0.000000000000000000e+00 0.000000000000000000e+00 0.000000000000000000e+00 0.000000000000000000e+00
-4.703780301807793052e+01 -9.057098244371773035e+02 -7.775810792425095315e+02 -5.633168308382730629e+02
-4.641248891252051294e+02 -8.367920864070822518e+02 -4.791458256956448736e+01 -9.067471503137511490e+02
-8.171807676157927744e+02 -9.084332981137242768e+02 -9.237302821797297838e+02 -9.167749839344847942e+02
-9.284417500250385729e+02 -9.285202923406579885e+02 -9.249310966796147113e+02 -9.281922691203119484e+02
0.000000000000000000e+00 0.000000000000000000e+00 0.000000000000000000e+00 0.000000000000000000e+00
0.000000000000000000e+00 0.000000000000000000e+00 0.000000000000000000e+00 0.000000000000000000e+00
-9.455458746826257084e+02 -9.586074451700673080e+02 -9.376289238501884711e+02 -9.712992984996189989e+02
-9.611733850293037449e+02 -9.458505311271388791e+02 -9.489118825277868154e+02 -9.274985616891287918e+02
0.000000000000000000e+00 0.000000000000000000e+00 0.000000000000000000e+00 0.000000000000000000e+00
-9.890150925610437298e+02 -9.946429363351127222e+02 -9.939948340452501725e+02 -9.946187833138873202e+02
-9.858330851253756464e+02 -9.933944992219180676e+02 -9.909152263734439430e+02 -9.891313585513485123e+02
-8.257562971309156410e+02 -8.260673066458736002e+02 -8.253671231480307142e+02 -8.257318973011936123e+02
0.000000000000000000e+00 0.000000000000000000e+00 0.000000000000000000e+00 0.000000000000000000e+00
-8.120376407435492183e+02 -8.119753400459895829e+02 -8.120017387026725828e+02 -8.149100280220779950e+02
-8.137755471164836081e+02 -8.153249010147128502e+02 -8.139929451764809301e+02 -8.161349290599489450e+02
-8.157159207035554118e+02 -8.164154478583227501e+02 -8.164813177121908438e+02 -8.161299048778846554e+02
-8.083144501303526113e+02 -8.093105271740595299e+02 -8.154587201058598112e+02 -8.104191653753965738e+02
-7.983469515632987168e+02 -8.178712169862453720e+02 -8.119664018026289796e+02 -8.221618209825351187e+02
-8.429578806279254195e+02 -8.339848165003670601e+02 -8.382690149157348287e+02 -8.562741149418384339e+02
-8.781134290326122027e+02 -8.752237912069531376e+02 -8.530947996085799332e+02 -8.857146755607385558e+02
-4.605390997839635503e+01 -8.973922355598089098e+02 -8.763119987647980906e+02 -7.060644775724459805e+02
0.000000000000000000e+00 0.000000000000000000e+00 0.000000000000000000e+00 0.000000000000000000e+00
-5.995765394461667483e+02 -9.112435518698298438e+02 -8.936487609125190374e+02 -8.954364289341417589e+02
0.000000000000000000e+00 0.000000000000000000e+00 0.000000000000000000e+00 0.000000000000000000e+00
0.000000000000000000e+00 0.000000000000000000e+00 0.000000000000000000e+00 0.000000000000000000e+00
-9.253833400192286263e+02 -9.378316792447554917e+02 -9.381079318009844883e+02 -9.450714656096291719e+02
-9.366976396426180145e+02 -9.487396473835601682e+02 -9.409748969070828934e+02 -9.354054590434823240e+02
-9.530582947930595310e+02 -9.355168824566736703e+02 -9.419414379306762157e+02 -9.410076587392459260e+02
0.000000000000000000e+00 0.000000000000000000e+00 0.000000000000000000e+00 0.000000000000000000e+00
-9.849361276896229356e+02 -9.920949983402150565e+02 -9.881237416599778953e+02 -9.874731504102973076e+02
-9.790362898050018430e+02 -9.910731850618203680e+02 -9.862868224527442180e+02 -9.890085894864706688e+02
-8.227257077047339635e+02 -8.223532712853337898e+02 -8.221296391843624178e+02 -8.220351067440664110e+02
-8.156925381699904847e+02 -8.166880184973596215e+02 -8.153102687483561795e+02 -8.162954257820285875e+02
-8.104365815019526735e+02 -8.099509923064086934e+02 -8.113366128556967851e+02 -8.107943168296598060e+02
0.000000000000000000e+00 0.000000000000000000e+00 0.000000000000000000e+00 0.000000000000000000e+00
0.000000000000000000e+00 0.000000000000000000e+00 0.000000000000000000e+00 0.000000000000000000e+00
0.000000000000000000e+00 0.000000000000000000e+00 0.000000000000000000e+00 0.000000000000000000e+00
-7.871244109655436887e+02 -7.867077306023813890e+02 -7.844967401550707109e+02 -7.847242277768563099e+02
0.000000000000000000e+00 0.000000000000000000e+00 0.000000000000000000e+00 0.000000000000000000e+00
0.000000000000000000e+00 0.000000000000000000e+00 0.000000000000000000e+00 0.000000000000000000e+00
-8.108032081592320992e+02 -8.408300747042079593e+02 -6.005316457998577562e+02 -4.499515310846553717e+01
-4.386605867156993099e+01 -4.792671650835460468e+02 -4.467949916507430430e+02 -8.001156226387612378e+02
-8.689418594283547463e+02 -8.851495304598718121e+02 -2.273821409548166628e+02 -8.812713404138012265e+02
-8.918733083061290472e+02 -8.829593323837320895e+02 -8.780339957847298820e+02 -8.857585908217871520e+02
0.000000000000000000e+00 0.000000000000000000e+00 0.000000000000000000e+00 0.000000000000000000e+00
-9.299768301730990743e+02 -9.223134150503973387e+02 -9.162100423349635321e+02 -9.224881880758737225e+02
-9.452085601433793727e+02 -9.267335977646523588e+02 -9.448177812932055986e+02 -9.346654531439889979e+02
-9.249993280390431210e+02 -9.337085691252551669e+02 -9.441589745065465422e+02 -9.243987352548067520e+02
0.000000000000000000e+00 0.000000000000000000e+00 0.000000000000000000e+00 0.000000000000000000e+00
-9.752642902028341041e+02 -9.850659178429044687e+02 -9.772199158132086723e+02 -9.816962653057689749e+02
-9.605072938037671975e+02 -9.844722861856591862e+02 -9.789356387470896834e+02 -9.766730932055270387e+02
0.000000000000000000e+00 0.000000000000000000e+00 0.000000000000000000e+00 0.000000000000000000e+00
0.000000000000000000e+00 0.000000000000000000e+00 0.000000000000000000e+00 0.000000000000000000e+00
-8.067356718310307997e+02 -8.067055277226644421e+02 -8.062122951287813066e+02 -8.077166516957698832e+02
-8.064169873432258555e+02 -8.049789892064617334e+02 -8.049935384595821688e+02 -8.039743754468821635e+02
-7.805034505916062244e+02 -7.866431410164594809e+02 -7.852579315180290678e+02 -7.899429304852711766e+02
-7.925835058994657629e+02 -7.784395653174528888e+02 -7.746930493746533557e+02 -7.866290929887184120e+02
-7.834392178203880803e+02 -7.798912214339425191e+02 -7.942211159381098469e+02 -7.869134652706746920e+02
0.000000000000000000e+00 0.000000000000000000e+00 0.000000000000000000e+00 0.000000000000000000e+00
-7.542768403849654533e+02 -7.526657823644560494e+02 -7.529030424986195840e+02 -7.531602426927634042e+02
0.000000000000000000e+00 0.000000000000000000e+00 0.000000000000000000e+00 0.000000000000000000e+00
-7.074090834797823391e+02 -4.854061993004919486e+02 -5.861578580051191238e+02 -4.267026204525353705e+01
-4.142060494745897614e+01 -7.662129140878325870e+02 -7.797610784232921333e+02 -8.618911908678875307e+02
-8.829525301888592139e+02 -8.790595065873694693e+02 -7.871667227650253835e+02 -8.711366552519039033e+02
-8.902293725228569201e+02 -8.669843601936921687e+02 -8.918688604122198740e+02 -8.902993614584115676e+02
-8.806327860238840231e+02 -9.064632428689027392e+02 -9.109581804587223814e+02 -8.996066526014215015e+02
0.000000000000000000e+00 0.000000000000000000e+00 0.000000000000000000e+00 0.000000000000000000e+00
-9.209012645755966560e+02 -9.213314096671650759e+02 -9.219955662552513331e+02 -9.220381384192751284e+02
0.000000000000000000e+00 0.000000000000000000e+00 0.000000000000000000e+00 0.000000000000000000e+00
-9.647877879052751950e+02 -9.785731528793685357e+02 -9.743752067263421850e+02 -9.754057374502743869e+02
-9.565839613123266645e+02 -9.633881388967827206e+02 -9.736349193574143328e+02 -9.576842893806757502e+02
0.000000000000000000e+00 0.000000000000000000e+00 0.000000000000000000e+00 0.000000000000000000e+00
0.000000000000000000e+00 0.000000000000000000e+00 0.000000000000000000e+00 0.000000000000000000e+00
0.000000000000000000e+00 0.000000000000000000e+00 0.000000000000000000e+00 0.000000000000000000e+00
0.000000000000000000e+00 0.000000000000000000e+00 0.000000000000000000e+00 0.000000000000000000e+00
-7.762525111049958468e+02 -7.792158181654463078e+02 -7.756044752813747891e+02 -7.760887008704730761e+02
-7.770494379406025018e+02 -7.779326371056520202e+02 -7.764156643269038796e+02 -7.807330732315260775e+02
-7.757229549005361378e+02 -7.766011233190972689e+02 -7.755042662851797104e+02 -7.713894130790450845e+02
-7.662067665818069599e+02 -7.679629823440606060e+02 -7.688653987659916993e+02 -7.646770908583263235e+02
-7.487315974493768636e+02 -7.504382095569893636e+02 -7.510467056347487187e+02 -7.502811035654841589e+02
0.000000000000000000e+00 0.000000000000000000e+00 0.000000000000000000e+00 0.000000000000000000e+00
0.000000000000000000e+00 0.000000000000000000e+00 0.000000000000000000e+00 0.000000000000000000e+00
-7.805862988236016236e+02 -6.429217453531018691e+02 -6.193532364501141956e+02 -4.009446129480052434e+01
-3.873693511587843119e+01 -8.576105537407840984e+02 -7.192248642519995201e+02 -6.197389951530340113e+02
0.000000000000000000e+00 0.000000000000000000e+00 0.000000000000000000e+00 0.000000000000000000e+00
-8.355370563495505394e+02 -8.993231438443956449e+02 -8.908320444777575631e+02 -8.915093476793441596e+02
-9.001517823231690727e+02 -9.007553614957099626e+02 -8.995138030144069035e+02 -9.011402158835009004e+02
-9.325709413634334624e+02 -9.091585304995999195e+02 -9.088454879606449595e+02 -9.334894353041748900e+02
-9.325705125050001243e+02 -9.337482709797558300e+02 -9.346054552038713155e+02 -9.536082728026754012e+02
-9.637789434509768398e+02 -9.709211856345835940e+02 -9.527872438745444015e+02 -9.627651653338566575e+02
-9.477748630166682915e+02 -9.576830980538985614e+02 -9.674812834664758157e+02 -9.659429261847427597e+02
0.000000000000000000e+00 0.000000000000000000e+00 0.000000000000000000e+00 0.000000000000000000e+00
-7.817508314605646547e+02 -7.791038344993389728e+02 -7.793995248267081024e+02 -7.796952151540774594e+02
0.000000000000000000e+00 0.000000000000000000e+00 0.000000000000000000e+00 0.000000000000000000e+00
0.000000000000000000e+00 0.000000000000000000e+00 0.000000000000000000e+00 0.000000000000000000e+00
-7.673839137173185918e+02 -7.737283334149143457e+02 -7.691065346330674402e+02 -7.712298602153869069e+02
0.000000000000000000e+00 0.000000000000000000e+00 0.000000000000000000e+00 0.000000000000000000e+00
0.000000000000000000e+00 0.000000000000000000e+00 0.000000000000000000e+00 0.000000000000000000e+00
0.000000000000000000e+00 0.000000000000000000e+00 0.000000000000000000e+00 0.000000000000000000e+00
-6.650269281519491642e+02 -7.358389803009627030e+02 -7.343283137473488296e+02 -7.342349462364687724e+02
0.000000000000000000e+00 0.000000000000000000e+00 0.000000000000000000e+00 0.000000000000000000e+00
-6.144904028448601139e+02 -8.152655016892850881e+02 -8.156384624356633140e+02 -8.171090175144294108e+02
-4.231461041630249156e+02 -8.416223721345584181e+02 -8.349780033545645210e+02 -8.411176830367850243e+02
-3.740046782821774940e+01 -5.226318555530086769e+02 -8.446094519452403802e+02 -8.367647495872398622e+02
-8.705186203714516751e+02 -8.742827509261800287e+02 -3.530245809713539415e+02 -8.765450929533071758e+02
-8.856680875199945149e+02 -8.920684401251787676e+02 -6.723403107531225942e+02 -8.850498846164418865e+02
0.000000000000000000e+00 0.000000000000000000e+00 0.000000000000000000e+00 0.000000000000000000e+00
-9.243409737729023163e+02 -9.322963560176089004e+02 -9.254348233207556405e+02 -9.180523894911307252e+02
0.000000000000000000e+00 0.000000000000000000e+00 0.000000000000000000e+00 0.000000000000000000e+00
0.000000000000000000e+00 0.000000000000000000e+00 0.000000000000000000e+00 0.000000000000000000e+00
-9.480404795897801478e+02 -9.513286334558024464e+02 -9.490171476193202125e+02 -9.491888223839255261e+02
-7.866751490484614351e+02 -7.810000827906198992e+02 -7.828866661102331364e+02 -7.810761552486302435e+02
-7.834035802957881742e+02 -7.791119319529408358e+02 -7.794302724268842439e+02 -7.832138160350998533e+02
-7.764008445373219729e+02 -7.801854426105502398e+02 -7.790353591518289704e+02 -7.807865470495233922e+02
-7.718786748333467358e+02 -7.693568854410555105e+02 -7.743222006662241483e+02 -7.737751189855770235e+02
-7.585392936782573088e+02 -7.618997184498769002e+02 -7.603536692879644079e+02 -7.584476559793625938e+02
-7.433404486892159184e+02 -7.435679363110015174e+02 -7.503320973990242919e+02 -7.422579782520970184e+02
-7.335122798699133000e+02 -7.337690557210686393e+02 -7.334912029531700455e+02 -7.163776393605348858e+02
-7.274505560240414752e+02 -7.244244780848250684e+02 -7.222454648985325321e+02 -4.538653773723465292e+02
-3.024671642176024378e+01 -7.165485917437090393e+02 -6.799053503685611304e+02 -6.496762399712456499e+02
-6.106090607616034731e+02 -6.760447607027240338e+02 -3.217835892167404666e+01 -5.545835869870404622e+02
-7.657711400846023935e+02 -7.826863615855389753e+02 -3.373067274711342378e+01 -6.989271436652861667e+02
-7.484211634442186778e+02 -7.448550006585135179e+02 -3.498559923047510267e+01 -8.294651023159132137e+02
-8.380432941776430198e+02 -7.014774601960839391e+02 -3.615395255650598472e+01 -8.043129412565406255e+02
-8.532512261686845250e+02 -8.709026786296356022e+02 -5.386457164100031605e+02 -8.788544299780801339e+02
-8.877414846435618756e+02 -8.880406324998806440e+02 -8.925935862127784048e+02 -8.860353841336794858e+02
-8.954063657175372555e+02 -8.955608893776224022e+02 -8.959727528250911064e+02 -8.967614557093054373e+02
-9.122861248850808806e+02 -9.228979317223814860e+02 -9.004903042967815736e+02 -9.000591045796004437e+02
0.000000000000000000e+00 0.000000000000000000e+00 0.000000000000000000e+00 0.000000000000000000e+00
-9.345956109758553794e+02 -9.325140698863758644e+02 -9.329255735755307342e+02 -9.290135709537757975e+02
0.000000000000000000e+00 0.000000000000000000e+00 0.000000000000000000e+00 0.000000000000000000e+00
-7.819307222053474788e+02 -7.832939923090723369e+02 -7.872240261749298043e+02 -7.872960150638591585e+02
-7.850113131611926747e+02 -7.868132230990331664e+02 -7.842615383125033759e+02 -7.869594673477995457e+02
0.000000000000000000e+00 0.000000000000000000e+00 0.000000000000000000e+00 0.000000000000000000e+00
0.000000000000000000e+00 0.000000000000000000e+00 0.000000000000000000e+00 0.000000000000000000e+00
0.000000000000000000e+00 0.000000000000000000e+00 0.000000000000000000e+00 0.000000000000000000e+00
0.000000000000000000e+00 0.000000000000000000e+00 0.000000000000000000e+00 0.000000000000000000e+00
0.000000000000000000e+00 0.000000000000000000e+00 0.000000000000000000e+00 0.000000000000000000e+00
0.000000000000000000e+00 0.000000000000000000e+00 0.000000000000000000e+00 0.000000000000000000e+00
-2.804960608498796404e+01 -4.213320097634038461e+02 -5.636118919117662927e+02 -5.107287590485121314e+02
0.000000000000000000e+00 0.000000000000000000e+00 0.000000000000000000e+00 0.000000000000000000e+00
-7.927769939080001222e+02 -5.646373274732216032e+02 -7.853672449468101604e+02 -7.842415910660266718e+02
0.000000000000000000e+00 0.000000000000000000e+00 0.000000000000000000e+00 0.000000000000000000e+00
-8.662207695244037495e+02 -7.088621106900816358e+02 -8.644026522911763095e+02 -8.640603152133064668e+02
0.000000000000000000e+00 0.000000000000000000e+00 0.000000000000000000e+00 0.000000000000000000e+00
0.000000000000000000e+00 0.000000000000000000e+00 0.000000000000000000e+00 0.000000000000000000e+00
-9.022655395643284919e+02 -9.012860889112416771e+02 -8.998336826607210241e+02 -9.002926421607774046e+02
0.000000000000000000e+00 0.000000000000000000e+00 0.000000000000000000e+00 0.000000000000000000e+00
-9.289498647866563488e+02 -9.281096924514118882e+02 -9.264505436232944930e+02 -9.274795957613478095e+02
-9.320144502489598608e+02 -9.313822035307973692e+02 -9.284989951211878179e+02 -9.277141520528480214e+02
-9.289617609447938094e+02 -9.276802875211989203e+02 -9.319044353490405683e+02 -9.281206239243774689e+02
0.000000000000000000e+00 0.000000000000000000e+00 0.000000000000000000e+00 0.000000000000000000e+00
0.000000000000000000e+00 0.000000000000000000e+00 0.000000000000000000e+00 0.000000000000000000e+00
0.000000000000000000e+00 0.000000000000000000e+00 0.000000000000000000e+00 0.000000000000000000e+00
-1.081264801361281513e+01 -2.788338033349588727e+02 -2.525856596255102033e+02 -3.264454483417342203e+02
-3.367442130456780092e+02 -3.194709549655785281e+02 -1.433693582305903291e+01 -3.771385629273283939e+02
-3.268856521339830579e+02 -3.983396604116779258e+02 -1.758267781681189490e+01 -3.299717319289132433e+02
-5.487192512448227717e+02 -5.202868664303964579e+02 -2.052729196809651313e+01 -4.832189987687236226e+02
-6.214243917138514917e+02 -4.675224610991227792e+02 -2.321989217658641991e+01 -5.199681748885417392e+02
-6.605611696099947494e+02 -2.796112418098821877e+02 -2.571473260626521196e+01 -6.016835836253760590e+02
0.000000000000000000e+00 0.000000000000000000e+00 0.000000000000000000e+00 0.000000000000000000e+00
-7.657048114106886487e+02 -7.626934223916587143e+02 -7.582701852213278926e+02 -7.609184801042383697e+02
0.000000000000000000e+00 0.000000000000000000e+00 0.000000000000000000e+00 0.000000000000000000e+00
-8.800819843782343241e+02 -8.758556088035425091e+02 -8.790830732590195566e+02 -8.790213674228323271e+02
0.000000000000000000e+00 0.000000000000000000e+00 0.000000000000000000e+00 0.000000000000000000e+00
0.000000000000000000e+00 0.000000000000000000e+00 0.000000000000000000e+00 0.000000000000000000e+00
-9.065296140779397547e+02 -9.077082358182609596e+02 -9.067743246418142462e+02 -9.073975217957006407e+02
0.000000000000000000e+00 0.000000000000000000e+00 0.000000000000000000e+00 0.000000000000000000e+00
-9.284841740375878771e+02 -9.238534048678138788e+02 -9.233541617117659825e+02 -9.264244975771941881e+02
-9.252665281573745233e+02 -9.247501326397840558e+02 -9.303835266249504912e+02 -9.277797027472524860e+02
-9.266104844484949581e+02 -9.310228878984972880e+02 -9.268934424930093883e+02 -9.266562433865909725e+02
0.000000000000000000e+00 0.000000000000000000e+00 0.000000000000000000e+00 0.000000000000000000e+00
0.000000000000000000e+00 0.000000000000000000e+00 0.000000000000000000e+00 0.000000000000000000e+00
-3.519835262415497823e+00 -9.271808578103910747e+01 -7.053125621916628063e+01 -1.056510144276415417e+02
-1.904281741131579793e+02 -1.902623831468262097e+02 -7.145009553357036580e+00 -2.191004313563385608e+02
-2.269396400960578148e+02 -2.882592009055834410e+02 -2.829047426020356397e+02 -2.885005070714504427e+02
0.000000000000000000e+00 0.000000000000000000e+00 0.000000000000000000e+00 0.000000000000000000e+00
-6.312038575739027237e+02 -2.492297344472076190e+02 -6.251944650111748842e+02 -6.198969395309347874e+02
-6.405900531437912377e+02 -6.449228925838784789e+02 -5.092309339733118918e+02 -6.409261105088128261e+02
-6.645705196368555789e+02 -6.653260331880987906e+02 -6.360197583614932455e+02 -6.644626013452684674e+02
-7.064681180715678011e+02 -7.067747223227811446e+02 -7.048687885124577406e+02 -6.892558809998708966e+02
-7.270003385492028656e+02 -7.335820726265230860e+02 -7.292886863996158127e+02 -7.269102912936131133e+02
0.000000000000000000e+00 0.000000000000000000e+00 0.000000000000000000e+00 0.000000000000000000e+00
-8.897603931619742070e+02 -8.870988820242721431e+02 -8.896644358260859917e+02 -8.897120765003044198e+02
0.000000000000000000e+00 0.000000000000000000e+00 0.000000000000000000e+00 0.000000000000000000e+00
-9.095604881294967754e+02 -9.111099378068540773e+02 -9.104750318714067134e+02 -9.113057930532273758e+02
-9.109865564739930051e+02 -9.118407034966253377e+02 -9.107034197016043890e+02 -9.118140347069354448e+02
-9.188185625388225617e+02 -9.190007492190497942e+02 -9.193359283356312517e+02 -9.187331189926978823e+02
-9.251348160478765976e+02 -9.210429256405894876e+02 -9.210050620806872530e+02 -9.227698653718956621e+02
-9.237071113090607923e+02 -9.268089026769346219e+02 -9.232295527925555234e+02 -9.255610634338828504e+02
-9.283281297345808980e+02 -9.286360804505640090e+02 -9.273243484070673048e+02 -9.284250715190740948e+02
0.000000000000000000e+00 0.000000000000000000e+00 0.000000000000000000e+00 0.000000000000000000e+00
0.000000000000000000e+00 0.000000000000000000e+00 0.000000000000000000e+00 0.000000000000000000e+00
0.000000000000000000e+00 0.000000000000000000e+00 0.000000000000000000e+00 0.000000000000000000e+00
-1.361809154410861709e+02 -6.461040690030201006e+01 -1.440300000000141836e+02 -1.644828327000230388e+02
-2.298294726233902736e+02 -2.422617556097587510e+02 -1.502184369852190287e+02 -2.231794027000302094e+02
0.000000000000000000e+00 0.000000000000000000e+00 0.000000000000000000e+00 0.000000000000000000e+00
-6.421613943847121391e+02 -6.369359849277559533e+02 -6.462868597028458453e+02 -6.452823576876104426e+02
-6.523152975608448969e+02 -6.527344860453978299e+02 -6.503680921558566297e+02 -6.531496696138132165e+02
-6.603120408088956310e+02 -6.589981863830428210e+02 -6.618724637842425409e+02 -6.612804337123001233e+02
0.000000000000000000e+00 0.000000000000000000e+00 0.000000000000000000e+00 0.000000000000000000e+00
0.000000000000000000e+00 0.000000000000000000e+00 0.000000000000000000e+00 0.000000000000000000e+00
0.000000000000000000e+00 0.000000000000000000e+00 0.000000000000000000e+00 0.000000000000000000e+00
-8.963288026103335824e+02 -8.941408502279315371e+02 -8.963011518265257109e+02 -8.960278983546767222e+02
-9.014531444595181711e+02 -9.021337507002887151e+02 -8.999239280121548745e+02 -9.031635427801717242e+02
-9.084471404911441823e+02 -9.075142543114538967e+02 -9.098762471294151055e+02 -9.067162568108855112e+02
0.000000000000000000e+00 0.000000000000000000e+00 0.000000000000000000e+00 0.000000000000000000e+00
-9.258095175413250217e+02 -9.258807699572166712e+02 -9.254255294200246453e+02 -9.253708755755751554e+02
-9.246683075678545265e+02 -9.230128130167311156e+02 -9.310937646539433672e+02 -9.232085114354531470e+02
-9.231508928327870080e+02 -9.237902878200442274e+02 -9.267941876440901297e+02 -9.219602375943755987e+02
0.000000000000000000e+00 0.000000000000000000e+00 0.000000000000000000e+00 0.000000000000000000e+00
0.000000000000000000e+00 0.000000000000000000e+00 0.000000000000000000e+00 0.000000000000000000e+00
0.000000000000000000e+00 0.000000000000000000e+00 0.000000000000000000e+00 0.000000000000000000e+00
0.000000000000000000e+00 0.000000000000000000e+00 0.000000000000000000e+00 0.000000000000000000e+00
-1.373531520894168807e+02 -1.382477232944791581e+02 -1.374732226884746638e+02 -1.377303830224385308e+02
0.000000000000000000e+00 0.000000000000000000e+00 0.000000000000000000e+00 0.000000000000000000e+00
0.000000000000000000e+00 0.000000000000000000e+00 0.000000000000000000e+00 0.000000000000000000e+00
-6.432430192740865778e+02 -6.459200881954747047e+02 -6.454375549123370774e+02 -6.456454681526902277e+02
0.000000000000000000e+00 0.000000000000000000e+00 0.000000000000000000e+00 0.000000000000000000e+00
-6.585935205153384686e+02 -6.630556369319294845e+02 -6.631147152106689191e+02 -6.576789131991725981e+02
0.000000000000000000e+00 0.000000000000000000e+00 0.000000000000000000e+00 0.000000000000000000e+00
-8.950796266822076177e+02 -8.939310517230537698e+02 -8.944533403245927730e+02 -8.974085813159326790e+02
-8.985760716306507447e+02 -8.972363228208081409e+02 -8.961573160799861171e+02 -8.973912695478012438e+02
-8.939082632405213644e+02 -8.999130114784826446e+02 -8.967140578373024482e+02 -8.979779511415592879e+02
0.000000000000000000e+00 0.000000000000000000e+00 0.000000000000000000e+00 0.000000000000000000e+00
-9.067980342382237495e+02 -9.103011248751778339e+02 -9.046134110495539744e+02 -9.049478604285631036e+02
0.000000000000000000e+00 0.000000000000000000e+00 0.000000000000000000e+00 0.000000000000000000e+00
-9.276546769114181643e+02 -9.280518880400381931e+02 -9.271016739262938700e+02 -9.279964359249366908e+02
0.000000000000000000e+00 0.000000000000000000e+00 0.000000000000000000e+00 0.000000000000000000e+00
-9.295220578438888879e+02 -9.257503388495118770e+02 -9.239543257347514782e+02 -9.258590539491713116e+02
0.000000000000000000e+00 0.000000000000000000e+00 0.000000000000000000e+00 0.000000000000000000e+00
0.000000000000000000e+00 0.000000000000000000e+00 0.000000000000000000e+00 0.000000000000000000e+00
0.000000000000000000e+00 0.000000000000000000e+00 0.000000000000000000e+00 0.000000000000000000e+00
-1.368540589165275208e+02 -1.370227056927892590e+02 -1.371913524690509973e+02 -1.372808028285304260e+02
-1.382412086444150248e+02 -1.384860572076383392e+02 -1.367707360982271894e+02 -1.378479667411945684e+02
0.000000000000000000e+00 0.000000000000000000e+00 0.000000000000000000e+00 0.000000000000000000e+00
0.000000000000000000e+00 0.000000000000000000e+00 0.000000000000000000e+00 0.000000000000000000e+00
0.000000000000000000e+00 0.000000000000000000e+00 0.000000000000000000e+00 0.000000000000000000e+00
-6.591088708426392486e+02 -6.593656466937949290e+02 -6.596224225449498135e+02 -6.600424353291505213e+02
-6.576242018938040701e+02 -6.623381881161694764e+02 -6.590153319245284820e+02 -6.601359742472614016e+02
0.000000000000000000e+00 0.000000000000000000e+00 0.000000000000000000e+00 0.000000000000000000e+00
-8.929669784888715185e+02 -8.937680223482899464e+02 -8.953686572655368536e+02 -8.955479286975233890e+02
-8.948328780941618561e+02 -8.954768935512274766e+02 -8.930621897030773653e+02 -8.986787729093939561e+02
-8.935852489702233470e+02 -8.974503068110325330e+02 -8.917466703169206994e+02 -8.974759844510257381e+02
-8.974934762587480463e+02 -9.004286420677885872e+02 -9.002790338248535136e+02 -9.030360219913474111e+02
-9.033949801611864814e+02 -9.076729753480599356e+02 -9.030633867987261283e+02 -9.037862590250273342e+02
0.000000000000000000e+00 0.000000000000000000e+00 0.000000000000000000e+00 0.000000000000000000e+00
-9.293128465127397249e+02 -9.296922415999646319e+02 -9.292849618072391422e+02 -9.288571682281323092e+02
-9.304951635059857153e+02 -9.298204839498164347e+02 -9.305151041525830351e+02 -9.299797236076948366e+02
0.000000000000000000e+00 0.000000000000000000e+00 0.000000000000000000e+00 0.000000000000000000e+00
0.000000000000000000e+00 0.000000000000000000e+00 0.000000000000000000e+00 0.000000000000000000e+00
