-1.816594609312405934e-02 -1.236328673148809010e+01 -1.253542028320566715e+01 1.934918291161813242e+00
1.805023033548639466e+00 -1.340905797734786553e+01 9.545074595734420742e-02 3.559514698641951247e-01
5.400877505228895287e-02 -1.985791856903457386e+01 3.055197555262016973e-01 1.977977827621876017e+00
7.549231788647101649e-01 -1.891829992045450126e+01 7.719492004508464239e-04 1.765770881945001314e+00
1.943682477683158050e+00 -1.899358216030637436e+01 -1.429708209642969324e-02 -1.937833321248384166e+01
9.869336520392292880e-03 1.772932364299761421e+00 -1.796550030087894001e+01 1.015314474280264889e+00
1.819998681608427926e+00 3.939602781779613649e-01 2.724880655293381720e-02 4.841574903977575173e-01
1.366537671544253152e-02 1.905837831150972717e+00 4.086500752745176324e-01 6.879192767085853255e-01
1.825306613092341657e+00 5.862273254069256395e-02 1.540399609550970050e-01 -1.300848463170189116e-02
7.672285404631500327e-01 -2.492692916334595526e-02 1.538800665698355497e+00 -1.918359494712417046e+01
-2.035838936918698758e-02 1.898845730642027663e+00 -1.904339267521853785e+01 9.733246306996411468e-01
1.678244301792321869e+00 1.309141494258828364e-01 4.893090614340345201e-02 8.374323267511660784e-01
-1.186804155660387688e-02 1.846076793424598073e+00 2.098806340685173966e-01 7.382954090528646152e-01
7.300588586192116036e-01 -4.517560794265899904e-02 1.879600130099003119e-01 1.976301624651167765e+00
1.775185821642434769e+00 4.182525008584613360e-03 -6.890245299431219106e-03 -2.007823316719246520e+01
-4.607785004646467591e-02 1.711881398114328379e+00 -1.936219070117583385e+01 7.486774516351344388e-01
1.725342321608196450e+00 -6.222498690942326188e-02 9.483682928215142471e-02 9.277418727626964845e-01
3.485091342283607729e-01 2.047385470940751073e+00 1.103388456777199544e-01 6.578321780120922613e-01
1.974286295264379376e+00 6.047637452185843782e-02 2.911117358492817386e-01 3.519077983651914404e-02
7.368984044154438529e-01 -1.848713763579484803e-02 1.709545753168542070e+00 -1.924889702595115892e+01
-1.154289697741845561e-02 1.691063643053533738e+00 -1.967964795199561934e+01 9.099800219161383597e-01
2.797780296050517146e-01 -1.246634114662568266e-02 2.177671388964554366e-01 2.010667558315581527e+00
3.763388280660446839e-01 1.931499257230004929e+00 -2.460200884673765728e-02 4.267376895224089250e-01
7.453524269722447970e-01 8.208267458362814017e-02 7.188812987967000412e-01 1.613350973541939348e+00
1.860931610961133797e+00 8.720901942637108994e-02 2.602484850214021872e-01 -1.863809247865908603e+01
-1.921628404244920318e+01 1.727947116801329841e+00 -1.958540987609941197e+01 -4.647576017582054353e-02
-1.928951309973527373e+01 9.760062707554429950e-01 1.828204636163300201e+00 -4.450923144125193409e-02
-1.958547617406426511e+01 8.057574122786084203e-01 1.579068610887144342e+00 -1.711801512586271987e-02
-2.011583274535245991e+01 1.836474915501029592e-01 2.170898869887738503e+00 1.195202548901099643e-01
-1.811939304530671890e+01 -5.439077295771086590e-02 1.719449410376227894e+00 -1.797477391448344264e+01
