-5.712521666361140837e-02 -1.978094302866603726e+01 -2.052667987111712478e+01 1.218298379203580861e+00
6.872969462452643841e-02 -2.132458552919122852e+01 2.392158596534789752e-02 1.084397693524232764e+00
1.102148096468692495e-01 -2.147467999021277762e+01 -6.911432885674509419e-02 1.206454818611449875e+00
1.164428435829981456e+00 -2.131121202277900295e+01 -5.199977593175503232e-02 1.212340397270122994e+00
1.064725809000539813e+00 -1.660200538861698050e+01 -6.359100085819144321e-02 -1.684285282129923544e+01
3.570804432947155549e-01 9.973657134387223788e-01 -2.109110524979003998e+01 5.137008095833329319e-02
2.503421876310880645e-01 5.851812696478737585e-01 1.083473258229311842e+00 5.274834271285821358e-02
-2.549706542387991399e-03 4.876673076802351403e-01 1.039985837155099624e+00 9.183504429574826933e-01
2.925433232338393030e-01 1.660086159089252389e-01 2.327080210427023843e-01 4.859213822809109184e-01
6.576906193824768598e-01 4.209662441677196054e-01 4.779775926770289951e-01 -2.208607370205837839e+01
-7.165730856655615211e-02 5.041838362651184235e-01 -2.183574207660178601e+01 1.129120392713686805e+00
8.471728478201501211e-01 4.047821804821297165e-01 1.043607330923400009e-02 4.305091835507500742e-01
-9.123020915501541678e-03 1.165858943512678270e+00 2.555297672541189669e-01 1.057740089582037246e+00
1.298401509716723690e-01 5.901607877726491314e-01 1.082515094322979710e-01 1.086028556521215771e-01
8.132954256351682121e-01 -5.604914268298067520e-02 6.561559897604581915e-01 -2.153914653429675141e+01
-5.463937998587962280e-02 7.806578207879176778e-01 -2.157763573929412715e+01 5.397065922486607992e-01
1.092500092524141264e+00 -4.340763577991174106e-03 2.137310058647968677e-02 5.667348121076081213e-01
-1.674495031724435598e-03 9.558169432051671910e-01 2.268831233857884488e-01 2.757699215754405575e-01
1.117940944713694762e+00 9.595777641674224645e-01 2.138828214724476928e-01 1.365980758299044362e-01
2.240955140656934463e-01 1.198864790676426317e-01 7.683497646941965797e-01 -1.781038503208896273e+01
-4.236506776013011094e-02 1.087279999915519602e+00 -2.137059372791597056e+01 4.127705663180936124e-01
1.529348274358542092e-01 -1.921897159363328842e-03 1.292594327615273209e-01 1.106678620216754005e+00
1.121055744793422043e-01 9.794592019106745928e-01 2.233851695677492935e-02 1.480737189265746434e-01
2.708870965224742799e-01 -3.084943822993687149e-02 1.428075701804245590e-01 9.359063984790300106e-01
1.060670744951916378e+00 2.137911725981396782e-01 2.008624741260207625e-01 -2.071168352250575850e+01
-2.168565032935020298e+01 1.080077949951646410e+00 -2.148121562111511906e+01 -8.232209579765271956e-02
-2.216979510075126569e+01 3.290565460088962224e-01 1.029948095432916100e+00 -2.593441120640530353e-02
-2.150700753799631215e+01 2.332320008423242885e-01 1.136644808939204943e+00 -5.094986246441809280e-02
-2.152639672576902186e+01 1.289500256684231738e-01 9.934560700783620080e-01 1.294960823684542794e-01
-2.121201043995754176e+01 -3.699675169169508449e-02 8.721445818562356678e-01 -2.030896492731470460e+01
