1.131367602929827409e+00 -1.818903945226362850e+01 -1.818904846822958277e+01 3.821190830096370117e-02
8.586196637281205968e-01 -2.140808853581486204e+01 1.222542189199411933e+00 1.215413979587260117e-04
2.365357955530505984e-01 -2.285473102757537589e+01 1.019207099177738884e+00 2.557696509821614783e-01
1.121595380792796748e+00 -2.166015137181969763e+01 2.638364998629494362e-01 6.530938632308828928e-02
-3.880448735024156354e-02 -2.104812651721898931e+01 1.043012025532721099e+00 -2.152922109966780084e+01
1.183504281687749904e+00 2.211540898240696995e-01 -2.462817311684706922e+01 1.181403349564465577e+00
8.648658407806295578e-01 2.366871327894144172e-01 2.651498440420278491e-01 2.705928051191355266e-01
3.442763339951459001e-01 1.122807043049428355e+00 9.941840711378076012e-01 -3.890225546292631204e-02
3.778185643460367227e-01 1.738345795207869027e-01 1.097127962741333951e+00 4.904188403448562356e-02
-6.977528544796794685e-02 1.135145833836555873e+00 5.050913675245564116e-01 -2.619822453011644825e+01
3.712539283173981741e-01 3.863269942847329802e-02 -2.213103999691923107e+01 1.010167797935160205e+00
4.544015848755316167e-01 8.060274503394543322e-01 7.169835615994188949e-01 1.131835327146730519e+00
1.037642541965005938e+00 2.226678048272975885e-01 2.327445465219010745e-02 3.721192645462798598e-01
-7.581616531806735157e-03 4.578641100492194527e-01 3.262932606150460990e-01 9.647662793000629788e-01
3.694935214327895734e-01 8.804927578223282758e-01 2.337593270568315562e-01 -2.635082829743519284e+01
9.330496549936136974e-01 6.905115684418496880e-01 -2.470055341805131732e+01 3.146751672781236686e-02
3.689680297386125907e-01 1.367615433623448340e-01 1.130639133700176435e+00 2.007138852144371433e-01
4.071538054549391217e-01 6.250150796502136272e-03 9.549743998841673243e-01 5.330809595811800694e-01
8.103787465669350931e-01 1.047344655185176387e+00 2.659973218480712331e-01 4.103686613429617935e-01
-1.636324004234994758e-02 6.209829428845222710e-01 9.159772120386244776e-01 -2.523892863342863890e+01
1.112518278870347599e+00 -2.345092116888970041e-02 -2.456271855651862168e+01 4.548291162875304217e-01
5.690641661700731463e-02 1.117761301144257480e-01 3.639438569268320378e-02 1.066958988127735042e+00
1.086637287410723962e+00 2.731550482926150547e-01 1.773929591666989318e-03 9.723766310161190418e-01
1.354496219978218452e-01 9.713318467540147383e-01 9.804776473474693943e-02 2.332507193789803424e-01
1.367045785729317231e-01 1.038266058391380309e+00 1.056328976566354161e+00 -2.602785064209285082e+01
-2.305974260430450329e+01 -3.210359561134892847e-02 -2.304000217862573052e+01 9.773644640975954756e-01
-2.502674048539098095e+01 9.966790249775272503e-01 -4.083283463096592375e-02 5.007818391313115791e-01
-2.433328323788404290e+01 1.148697548058808110e-01 -4.088261288939494011e-03 1.212518096258447642e+00
-2.458978371150695708e+01 1.084411549292181087e+00 9.697929131012703041e-02 1.191708190947041057e+00
-2.315766727513858925e+01 1.035885427525453872e+00 -5.270448006610076175e-02 -2.356335678634417619e+01
