1.855634330071316285e+00 -1.688768143328251625e+01 -1.736891629320822616e+01 -2.768006966737874414e-02
-4.138676107150615624e-02 -1.757224636912811988e+01 1.894179875315915140e+00 1.995912810816215244e-01
1.935426495472049258e+00 -1.655978489219083016e+01 6.394320431714419772e-01 -4.454915560022906784e-03
1.136387062304510392e-01 -1.705304739465331210e+01 1.835626867149048991e+00 5.815103514728938716e-01
4.288988908512372800e-02 -9.691734213346268945e+00 2.022863018166117577e+00 -9.461818970818772101e+00
1.773446589668817186e+00 3.416078414300069421e-02 -1.853328355901836133e+01 8.302203933930807356e-02
1.200280803140591351e-01 2.047178460609277106e+00 7.948596389101852955e-01 1.374017818675970226e-01
1.887051231866564649e+00 -4.523183746589545806e-02 9.911660942240735350e-01 5.217002256616779660e-02
4.816972410734984833e-01 1.058290298952236697e+00 4.188343142300299249e-01 1.751479535624096417e+00
4.832296613593321799e-02 2.007214563174988697e+00 2.782203746488797758e-01 -1.093803574160398462e+01
1.692082711134421880e+00 -2.440970041071327534e-02 -1.761609732808047823e+01 3.256610103278108070e-01
6.027055644560153080e-01 1.644892477230178729e+00 5.214685702864270134e-01 1.896201979160769746e-03
3.066433732523180522e-01 1.635182997753942616e-02 2.099312576049315648e+00 7.006924338950423214e-01
4.071637501294735756e-02 1.940088815970940628e+00 9.005693022301868300e-01 1.296112892132772199e-01
-3.729365272568423845e-02 1.256705332612634951e+00 1.563864120208866115e+00 -1.537302211473155999e+01
5.948533461283737056e-01 -2.906159405641791857e-02 -1.790971864178379747e+01 1.714169132509329119e+00
1.747278222212774290e+00 3.637350709207191057e-01 -2.742736766797813572e-02 5.194428513363656963e-01
-1.824894415021191887e-02 4.935460245578343064e-01 3.110356846614026338e-01 1.850607668693925678e+00
9.444714911967533322e-02 1.086102661267129399e+00 5.843384184749148350e-03 1.864246220180788560e+00
1.897594568388978609e-01 1.638395043887334257e+00 4.100459264178174523e-02 -1.702559670189632257e+01
1.679139608230534986e+00 -8.097126931780008682e-03 -1.773781006167778429e+01 -1.687091215157856053e-02
7.561996505883130659e-01 -1.118581812727858192e-02 1.610966486733497405e+00 5.557827728478080820e-01
8.604322499085209630e-02 1.880624228655340291e+00 1.683418382944540936e-01 -5.884568636715176854e-03
-1.237580427816662061e-02 7.037226784668538793e-01 1.868306484753421648e+00 -3.745211355053421065e-02
-5.065813304300728626e-02 8.888511937019969444e-01 1.765300741813832897e+00 -1.798628189872202299e+01
-1.763349047010860815e+01 -4.660049170832297749e-02 -1.739561801109285000e+01 1.903208447597714681e+00
-1.764224264940449061e+01 4.326086478383470851e-02 3.557393777190658718e-02 1.920433479938306265e+00
-1.784117312169738412e+01 6.238784557298020506e-01 -1.777790677476690298e-02 1.800892178508992636e+00
-1.773778969723431587e+01 7.549141505316614431e-01 -3.771247437410216174e-02 1.644151478092403806e+00
-1.809595239443590486e+01 1.973625123647503310e+00 -5.347501424361824490e-02 -1.753713557076036267e+01
