1.712271149735725251e+00 -2.002580353940922109e+01 -1.978107399542874845e+01 -5.184094303903828693e-02
5.723113913006532272e-01 -2.314008589933911253e+01 1.801743052134050505e+00 2.044640995661825000e-01
6.695664407602081036e-01 -2.066240793252862673e+01 1.917950310184975082e+00 1.388989582930190425e-01
1.704789871729424533e+00 -2.185433930893589505e+01 7.687133151302980583e-01 6.604601761431928841e-02
-2.259930222968859967e-02 -2.060547069224639216e+01 1.901955373895635848e+00 -2.072576304071428055e+01
3.741839037889229114e-01 1.077799186710815676e-01 -2.308781445985004055e+01 1.705358810006918135e+00
1.724407305213984554e+00 1.672764589243599942e-01 3.057328756149439997e-01 6.399046608882573706e-01
3.760468495003303491e-01 1.669925166763499114e+00 4.022727839147970941e-01 2.887698635501166344e-01
2.223935209660283241e-01 2.399578381559059614e-01 1.726037301135498359e+00 1.101202373848603477e-01
-5.428816772370805011e-02 2.061153064065049723e+00 1.048824996327937242e+00 -2.301906904771857043e+01
1.659332761179444837e+00 3.286712716963731684e-01 -2.269859868800506320e+01 2.601087459457818718e-01
2.412451937577348160e-01 1.835894523105569554e-01 1.711309288055285149e+00 2.321882275361311365e-01
2.202031230668540507e-01 8.275091272503740658e-01 7.878126489572083446e-02 1.598909919301869875e+00
1.442033577807544098e-01 8.717854921320198347e-01 4.008281261222868680e-02 1.583954293706731908e+00
4.740372524243448293e-02 1.861543996307245541e+00 1.758259461700129589e-01 -2.349128017956438441e+01
1.620857921856367900e+00 -5.988171621471145845e-02 -2.103692259848751078e+01 3.485820977283133337e-01
1.445328500148201634e-01 2.694513169900786820e-01 4.706403754750087404e-02 1.766593823779799344e+00
1.652322629548465815e-01 1.604432539687119963e+00 1.209715528175683702e-01 1.553824500367726458e-01
1.732542669850724026e+00 1.556992969540782479e-01 3.269529345549032073e-01 1.158683250449676766e-01
-6.140001812909003098e-02 2.973199441139690591e-01 1.946695297615078202e+00 -2.384349301344429151e+01
1.674818934822462246e+00 2.088639826022900547e-01 -1.980420658885751806e+01 1.803191625363252115e-01
1.835328875891482636e-01 2.269446995323844973e+00 2.406332785770849136e-01 1.159596838333392804e-01
1.369107027919915232e-01 2.817368018739442315e-01 1.729388007069219357e+00 1.367818596877477255e-01
4.398017866416298327e-02 2.547676637747731468e-02 1.709142999151447517e+00 8.715173158132892561e-02
5.664091344896378388e-02 1.601870264209832140e+00 1.863821915603319224e-01 -2.382945948142939940e+01
-1.884279620731741645e+01 -2.061737298138154734e-02 -1.901877578238168098e+01 1.817534210546998485e+00
-2.292818393852213887e+01 1.770947111793086115e-01 6.101031723732244783e-02 1.987034186300694616e+00
-2.216387589564555682e+01 2.388120362784065531e-01 -4.783530603634122969e-02 1.709198815493360835e+00
-2.303492072176677397e+01 3.336260241483279265e-01 -3.494183944251020441e-02 1.880974815475910500e+00
-1.979662451061601303e+01 1.933158602617137456e+00 -3.144589096422957530e-02 -1.910999183921531142e+01
