-5.591063165747840735e-02 -2.023343355051309800e+01 -2.032968019490641964e+01 1.625731563735474339e+00
1.461876991051939134e-01 -2.055280794468196603e+01 -2.593910561831730757e-02 1.903480460267959584e+00
7.546233234049304350e-01 -2.062609049988617471e+01 -3.007179575685173592e-02 1.901560663146941277e+00
6.631115712155437603e-01 -2.184670236155985279e+01 2.171402352039588854e-02 1.726210175346083231e+00
1.594096187518570851e+00 -2.105395195379023221e+01 -2.319367516607994187e-02 -2.164789550101031779e+01
-6.582376520366469558e-03 1.898203285798459872e+00 -2.059944926953342659e+01 5.286436069871360000e-02
4.101069129222580795e-02 6.168139023014298505e-01 1.795560159341092366e+00 6.916713420617200958e-01
1.622270631518146988e+00 1.659222992412976161e-01 1.278216409430993072e-01 2.091702433842288489e-01
6.754155287891496773e-01 8.368243327778612795e-02 1.414094312579132762e+00 -2.832643964105796899e-02
8.541025169588938315e-01 -5.212838808735243551e-02 1.884136500651135693e+00 -2.126054277243512303e+01
-3.756128227229123956e-02 5.225591117253727269e-01 -2.075134537326776751e+01 2.102043564382970242e+00
1.409588570841103783e-01 1.547289907415560384e+00 4.888624855336032998e-02 4.465307594596104601e-01
3.311243371241631706e-01 5.573388313148764511e-02 3.273244423457061236e-01 1.824272107298865020e+00
1.090278731403584223e+00 9.336741131813892924e-02 1.491738718607244496e-01 1.808133528102690235e+00
1.967216744074780310e+00 9.990937900405454097e-02 2.884705211685070214e-01 -1.725325019288128559e+01
1.732375092200878416e-02 2.086559204849884885e+00 -2.140174971057717457e+01 1.978915629884597238e-01
1.733123899470567775e+00 3.978622870073991180e-01 5.960537584409366652e-01 -2.187811823702000974e-02
7.124877289728080709e-02 3.158624304411050132e-01 2.161927215327200891e+00 6.241342995704056706e-01
3.910803146520458462e-01 3.925251680107822577e-02 1.587920073670012311e+00 3.923199628677765949e-01
1.824902757377903306e+00 6.945256842030370636e-01 8.574596392027178382e-01 -2.132838127949012730e+01
-8.064051517269207967e-04 1.852068239538575023e+00 -2.074478841904646131e+01 1.580298809666008941e-01
1.862139852822352282e+00 1.127046331952483438e-01 5.935350180504549433e-01 1.146152801423203360e-01
5.765555927353335219e-01 6.487169227261974092e-01 6.511384432823896784e-01 1.698156185330677026e+00
4.011869714502261930e-01 1.729000785113131045e+00 4.147532132461431154e-01 3.221486794336841375e-01
1.602950300002050854e+00 -6.851319429888719226e-02 8.755426591275321524e-01 -2.026786522019511949e+01
-2.084896465354535522e+01 1.816494663024259548e+00 -2.061284179611681822e+01 -4.119893363010752180e-02
-2.088127676010790879e+01 4.481725598554209267e-02 1.859005072630362410e+00 8.049016672886000201e-01
-1.706282149028113793e+01 1.860320072132835012e+00 4.764783831106209067e-01 8.512457760897386080e-03
-2.019879631648894858e+01 1.090769101687977471e+00 1.802923794985972439e+00 4.934267080872263844e-01
-1.887695201474088691e+01 -5.122493557940183823e-02 1.625442957860064208e+00 -1.854204174366337909e+01
