-6.357688394816309041e-02 -2.169865362172532386e+01 -2.192863099173630559e+01 9.266661288751386616e-01
8.928820798678491766e-01 -2.263207537161945382e+01 -4.369097931181095684e-02 7.037860174287712267e-01
7.824614983453426209e-02 -2.268792254248221596e+01 1.062019148566558102e-01 1.153753216976689755e+00
1.087612663435674643e+00 -2.534231669251223451e+01 1.434645262036010789e-02 1.265886252945063184e+00
8.546578572740602953e-01 -2.085902045519210191e+01 -4.327790883367426539e-02 -2.039720530280574451e+01
-4.295710803929577576e-02 9.881675832678360472e-01 -2.362409675824677890e+01 4.259718515788901150e-01
3.881264360627190158e-01 8.942827879500500621e-02 7.986961181417073785e-02 1.078420219242341993e+00
4.114010356311323946e-01 1.047084436901448701e+00 2.637581546211160630e-02 8.201183548477499752e-01
3.536023220152451629e-01 3.341903557641246469e-01 1.662185404574882952e-01 4.903148343814096033e-01
7.605055967002040118e-01 1.564549891308254781e-01 6.063761078273390837e-01 -2.057019876324183016e+01
-4.575253914180429232e-02 8.650877540903763041e-01 -2.300348305843252561e+01 5.136537824295142052e-01
1.031610633804257438e+00 3.592019885593994988e-01 4.432846803139844361e-01 8.335174610803297579e-03
6.490480059416570136e-01 3.430717707826023144e-01 1.029815329268854329e+00 -7.744649932311688072e-03
5.278906640227948310e-01 5.762386896195079711e-01 9.338043200672022648e-01 5.236221875699464956e-01
5.074280758442341055e-01 1.385969042497942234e-02 8.684364864238844905e-01 -1.834273539148500021e+01
-5.967214785572816371e-02 9.220699732455659436e-01 -2.313532901297890731e+01 3.750459538429833928e-01
9.371199296318882821e-01 -7.445848374529853708e-02 3.066755141330150813e-01 6.248613458905701856e-01
2.619258584119462663e-01 5.686923399849926064e-02 9.733770107541796224e-02 8.717137349252435108e-01
9.783373342010748264e-01 1.151450405949736577e-01 5.703064486241195274e-02 7.158804629218302740e-01
4.206706361989129284e-01 2.743725548891171595e-01 -1.423394075672196335e-02 -1.758741033651048724e+01
-2.290827959145238721e-02 6.568809884974744495e-01 -2.392771355809347256e+01 3.994871268350916882e-01
4.860200360340716785e-01 -2.484856207915219460e-03 3.664383515230508204e-01 8.168393897306627238e-01
6.458584370469576674e-01 8.114975524901377746e-01 8.599178814996334685e-02 7.626442560291876172e-01
2.953532414098053449e-01 2.955271380075470411e-01 1.180145766236557203e-01 8.253204907344503516e-01
8.799121981115012314e-01 5.180743420879281302e-01 4.491653180861751582e-01 -2.368697929364752852e+01
-2.252487609919387168e+01 8.320836256053949498e-01 -2.239304413021933016e+01 -6.794619622588181362e-02
-2.312487980619061645e+01 3.957762531874442491e-01 1.009395206626289898e+00 -3.183147336863625942e-02
-2.367255221381980235e+01 3.914815261776163902e-01 7.876458659721645716e-01 -3.322400900488919201e-02
-2.247928776322740418e+01 3.928466166553818972e-01 8.929956805622436544e-01 2.088219035717817085e-02
-2.195925155819465502e+01 -6.532191483714326619e-02 6.762642267067486834e-01 -2.174267975124435281e+01
