-1.101105083761700319e-02 -1.736882944634095693e+01 -1.734013987009695512e+01 1.702014991197744243e+00
6.462610813312298363e-01 -1.768944491876265346e+01 1.198901790049497068e-01 1.873868687844806313e+00
1.468326640432512376e+00 -1.683268956732748833e+01 3.140017747918271568e-02 1.150809288981870626e+00
3.903657967555290154e-01 -2.049074268357905382e+01 3.386812963518432973e-01 1.790458447089208871e+00
1.804222780495063461e+00 -2.030146872133926905e+01 -2.004411975472425098e-02 -2.006342051952812255e+01
-3.117602658854353240e-02 1.943388059103961174e+00 -1.701052261376737817e+01 6.921337462890608805e-01
3.160964860684826183e-01 9.751766316532461953e-01 1.894428801247281635e+00 8.699368949080097391e-01
5.436041562496920498e-01 5.200859206154315739e-01 2.902265749303810094e-01 1.906178827893995731e+00
5.121715141017216810e-01 1.698358506670311296e+00 -1.020914400892190474e-02 5.719647342015936609e-01
1.754396484267312317e+00 -2.841774032146995865e-02 5.891510174534574373e-01 -2.029410489363215575e+01
-2.218076137144516652e-02 1.005237311136234046e+00 -1.865531812821124547e+01 2.032421050433609544e+00
-1.216840733982035849e-02 2.056472663914675092e+00 1.528858886989887533e-01 2.611330180049222238e-01
1.766391711472987902e+00 7.164932904803514857e-01 6.699878573956784544e-01 -3.289762182396795825e-02
-3.124969938782382051e-02 6.171983391455787560e-01 1.629218928059580351e+00 2.715853484176015964e-02
1.735325219318806234e+00 -6.448662956038375693e-02 7.538912497695255954e-01 -1.985807482524444012e+01
1.888782913566863439e-02 1.930547611769327210e+00 -1.854316325500888496e+01 -6.777116290961196672e-03
-4.459439015178611604e-02 1.125230755730382448e+00 1.638854773710303414e+00 2.887152591678189828e-01
1.716766384994689920e+00 -3.167845590248079268e-02 5.962955033192077758e-01 1.597266863568408413e-01
7.426665293011651681e-01 1.877868596733519135e+00 9.086405566284734281e-01 -6.513973774175814413e-02
7.865022435745748774e-01 -6.753501705327018267e-02 1.820254374821662191e+00 -2.080965599723056414e+01
-3.761431945851576031e-02 7.270537136318157012e-01 -1.963275015049658023e+01 1.656981902447199451e+00
2.205241790035651281e-02 1.839604658427343775e+00 -6.448875159660596990e-02 2.336621352763225412e-01
6.892536030402528491e-01 -4.175662349101207094e-02 6.524086081195306086e-01 1.829220502388814840e+00
5.960666186017904433e-01 2.073601214597510511e-01 5.139924915566169289e-02 1.833394957313907225e+00
1.871641247990322832e+00 8.971187480674858161e-02 6.914475558071912775e-02 -1.727314276938658466e+01
-1.974984869669595966e+01 1.965898666645173209e+00 -1.970316354696009142e+01 -3.083247113923368032e-02
-1.979635047014920701e+01 8.552522462128879788e-01 1.792954472936375998e+00 -4.646131790970434161e-02
-1.980413884613453845e+01 6.648868800930612943e-02 1.818852688494625003e+00 2.429203682227014903e-03
-1.994977424976752900e+01 -9.659597797759685370e-03 1.925484798971248690e+00 1.650706522387200281e-01
-1.623224334982676709e+01 -2.426634206427032842e-02 1.931740161744416762e+00 -1.548455648267476548e+01
