-5.333167037117166748e-02 -2.574230948375001304e+01 -2.596523911794404782e+01 3.429528273179483500e-01
1.468267186034730443e-01 -2.688198686319794461e+01 -3.383457624162293509e-02 3.450721565686180048e-01
3.682860701512032098e-02 -2.755314535400030707e+01 9.502260557954380835e-03 1.590807773815206827e-01
2.541322853614482735e-01 -2.911161319410837578e+01 3.927043944952637866e-02 1.891344965173712492e-02
-4.907131238602306655e-02 -2.666078217284833585e+01 2.466759013769365405e-01 -2.675342769759978623e+01
-1.329472352588010123e-02 3.669430301070264466e-01 -2.644460839003155073e+01 1.338662130069935008e-01
2.915418988860024041e-01 1.577015053601084904e-01 1.479522612906438439e-01 3.467745556118788375e-02
2.883787092469348723e-01 1.786232648089023101e-01 2.707736327428775236e-01 7.973536634648013821e-02
5.479463524750813330e-02 -3.434573293434001195e-02 2.243028419666984741e-01 7.532107337344108589e-02
-9.559480039981433502e-03 2.848412507124741810e-01 9.261012939804193211e-02 -2.714131210733417987e+01
6.058676567789075124e-02 4.083647870581098571e-01 -2.620959302600262575e+01 1.181545536823781356e-01
4.071633588784839830e-01 4.407614929217725658e-02 2.192727745996337907e-01 2.393213070192324321e-01
2.312669003578234073e-01 4.370659439497870391e-02 2.319547078860895728e-01 3.522414975751687605e-01
2.453591220131151052e-01 1.198098126971915700e-01 6.115533367839676854e-02 1.353179308380647317e-01
1.548325031523819367e-02 3.647617340415169052e-01 8.986698820943292421e-02 -2.606252591115332962e+01
7.342912843765944317e-03 3.087633662894915809e-01 -2.553301436678092173e+01 8.035885320078323124e-02
3.378244674474866205e-01 5.010007549267816301e-02 1.909987862466438757e-01 2.763174122791923759e-01
3.238391669784362326e-01 2.477445832759720690e-01 1.395994239399244163e-01 1.542708246917159909e-01
3.860566528004619191e-01 1.066684287207631948e-01 2.076252595747313801e-01 1.862499669249484124e-01
6.315262628935515085e-03 3.541972616438849863e-01 1.276820628706693272e-01 -2.574840427244608065e+01
4.337670132631132880e-02 5.324576464054271430e-01 -2.544909124833262837e+01 1.040396613604217119e-01
3.308472033662301359e-01 2.654329417251893308e-01 2.750663961646845901e-01 2.033699502972322326e-01
4.165492772295036894e-01 3.195664444080189570e-01 2.990983721331199607e-01 9.374003701684109624e-02
2.261565230652910763e-01 5.744170499778775141e-02 2.673216556747389783e-01 2.272075266635750213e-01
7.640556912066508166e-02 3.739090086881255992e-01 7.695331473777580755e-02 -2.508377992647433885e+01
-2.421962319694657140e+01 5.177151560612761605e-01 -2.440998875280648761e+01 -6.519770977665030609e-02
-2.558069334503690939e+01 1.088587362638357425e-01 3.997542031666644347e-01 3.415507743034140176e-01
-2.440202535081218471e+01 1.214959861264477275e-01 2.038463052019793553e-01 2.592421818463429561e-01
-2.513617499722559145e+01 1.375393442296016788e-01 1.873046153641668987e-01 3.322063455795571385e-01
-2.288055943308203055e+01 3.250571049516261524e-01 -6.354921953972948734e-02 -2.288055831416001951e+01
