1.894640844400039770e+00 -1.941039203076421416e+01 -1.919987372836644468e+01 -6.059332712632145568e-02
7.272973559930068221e-01 -1.943439760534865002e+01 1.908940021439495593e+00 -7.328905161303950200e-02
7.101743022491745494e-01 -1.957742445289109767e+01 1.796100600333786046e+00 -3.420126953552389548e-02
8.470790585929964811e-01 -2.035251405941784597e+01 1.806347515377748625e+00 5.080739651165843140e-01
-2.049264502827315149e-02 -1.425106994294508844e+01 1.701462006960587914e+00 -1.426296839543542028e+01
2.067018448392200280e+00 -6.952421963760320456e-02 -1.998754603254330320e+01 7.452170158781309395e-01
-3.629367405344939568e-02 8.399943963806337510e-02 4.071333071341986382e-02 1.747916156901284213e+00
1.104632838201995648e+00 8.600842252743064187e-02 1.350926067526841100e-02 1.774285057411181032e+00
1.800625501625301661e+00 4.417700906227938762e-01 2.986819022012854319e-01 1.713576265705328283e-01
-2.001638493136435881e-02 1.733719192646485885e+00 7.940586156152866781e-01 -1.982689831105249212e+01
4.834430075116601944e-01 -3.962041229495076589e-02 -1.960892657348055224e+01 1.979392097949378204e+00
5.105983157182589771e-01 1.935304607499531926e+00 4.113821073205218073e-03 1.070440388175414315e+00
1.840356809500580670e+00 1.917408376290228146e-03 8.406238970125427812e-02 8.461375950465821472e-01
7.687481671684111006e-01 5.791967497008607690e-01 1.934281070447031681e+00 4.432343003146552163e-01
-1.756036298794643249e-02 1.857407056926933420e+00 6.696253304933645900e-01 -1.986551576322464996e+01
1.833412406135519257e+00 2.532672403726075605e-01 -1.972635843536001943e+01 -6.190764111563040045e-02
-2.310252503767116702e-02 2.525458152750919005e-01 1.642429125132120804e+00 6.496463734593974637e-01
4.975701515292027532e-01 1.535641374505960777e-01 2.904769035156368751e-01 1.746923561699842198e+00
1.592011962549357840e+00 2.227753144410205347e-02 6.856462667385252452e-01 3.388994712571269941e-01
-3.137538075044821965e-03 1.721963897977197400e+00 4.730547330379243909e-01 -1.982700702393691827e+01
1.783807006237584591e+00 5.741172289029467662e-02 -1.986552791745771884e+01 1.555609507871244003e-02
6.775864402574396372e-01 1.662970700311798167e+00 6.592843061270973193e-01 9.803285204299387102e-05
6.573530665184196264e-01 5.623102202119379944e-01 1.907427028213262377e+00 4.433753329640672258e-01
1.814208809432373004e-01 4.024550111162875088e-02 1.921922923424596918e+00 2.024832971288149375e-01
-6.449363902319474318e-02 1.758779609261199806e+00 4.894928515099691846e-01 -1.915067070479016564e+01
-2.027915765015850269e+01 -6.539694197182251145e-02 -1.953793848395136834e+01 1.648538782635301292e+00
-1.947439110539371754e+01 6.821086568402026651e-02 -6.476620104182158333e-02 1.751061329230343411e+00
-1.947434004890824966e+01 1.816866394623672665e-01 -1.374499175526115551e-02 1.521854766677389170e+00
-1.906826782347797078e+01 4.929736732455887727e-01 1.137000256282368798e-03 1.652592148307426401e+00
-1.918349846601205400e+01 1.810460747661005732e+00 -1.464971593413852066e-02 -1.982703753128195601e+01
