-5.249514958227710792e+01 -5.240658895350441071e+01 -5.246048391565722824e+01 -1.762065626633892634e+01
-1.113556245487162855e+01 -5.131508081260136578e+01 -5.195841574101877569e+01 -5.200476966179999749e+01
-4.917945209601514733e+01 -5.172342260793851665e+01 -5.165020162905235424e+01 -5.172626879487705054e+01
-5.145396556521403397e+01 -5.158864392075000893e+01 -5.143320634779458089e+01 -5.158784707727782148e+01
-5.128475203387813508e+01 -5.137611820324290335e+01 -5.131377531000422465e+01 -5.138467876261477585e+01
-5.109771875557965615e+01 -5.109529422141918786e+01 -5.101604871317919532e+01 -5.112481064345490012e+01
-5.077498056512278879e+01 -5.069378070903866274e+01 -5.070582701937599523e+01 -5.067656230521744476e+01
0.000000000000000000e+00 0.000000000000000000e+00 0.000000000000000000e+00 0.000000000000000000e+00
-4.688920760300528201e+01 -4.698616314345904499e+01 -4.695823058867681965e+01 -4.710992825701857356e+01
-4.691919176224829613e+01 -4.684636140521075731e+01 -4.689122412371213500e+01 -4.682300128852418908e+01
0.000000000000000000e+00 0.000000000000000000e+00 0.000000000000000000e+00 0.000000000000000000e+00
-5.141687860023256462e+01 -5.053352172787630536e+01 -5.099884659006205112e+01 -7.125654820475956441e+00
-6.432067394536137961e+00 -5.120853556554686037e+01 -5.099668132878515081e+01 -5.114781000911725783e+01
-5.129924837828169615e+01 -5.130231915726416503e+01 -5.143095569134288780e+01 -5.145009892453433054e+01
-5.123220158770102728e+01 -5.121367261106097857e+01 -5.127756192688971737e+01 -5.123071234321351852e+01
-5.091526217128412668e+01 -5.096475644812407779e+01 -5.079805526123096371e+01 -5.082694569957055819e+01
-5.008418320680612368e+01 -5.013611363791323328e+01 -5.011761057503821348e+01 -5.024914631096969231e+01
-4.851183512325039260e+01 -4.854070490128925996e+01 -4.861807235737701660e+01 -4.882788564711587043e+01
-4.728624665983389974e+01 -4.685605248159836833e+01 -4.688332846466326487e+01 -4.720731785784321488e+01
-4.659404124672916225e+01 -4.647734450715361731e+01 -4.682710641701510923e+01 -4.659781845154098079e+01
0.000000000000000000e+00 0.000000000000000000e+00 0.000000000000000000e+00 0.000000000000000000e+00
0.000000000000000000e+00 0.000000000000000000e+00 0.000000000000000000e+00 0.000000000000000000e+00
-6.010035309466032594e+00 -4.960774568098200632e+01 -4.915062167743175792e+01 -4.958303209855807125e+01
0.000000000000000000e+00 0.000000000000000000e+00 0.000000000000000000e+00 0.000000000000000000e+00
0.000000000000000000e+00 0.000000000000000000e+00 0.000000000000000000e+00 0.000000000000000000e+00
0.000000000000000000e+00 0.000000000000000000e+00 0.000000000000000000e+00 0.000000000000000000e+00
0.000000000000000000e+00 0.000000000000000000e+00 0.000000000000000000e+00 0.000000000000000000e+00
0.000000000000000000e+00 0.000000000000000000e+00 0.000000000000000000e+00 0.000000000000000000e+00
-4.601226717564001234e+01 -4.549129366666800678e+01 -4.547391028131390556e+01 -4.595363483874772470e+01
-4.483551196307079323e+01 -4.556558940992208306e+01 -4.541426394381888088e+01 -4.532609479245102335e+01
0.000000000000000000e+00 0.000000000000000000e+00 0.000000000000000000e+00 0.000000000000000000e+00
-4.784708459905385780e+01 -4.783641675564018669e+01 -4.784917674755863715e+01 -4.744394668181197972e+01
-4.732619835419500021e+01 -4.773427930870980873e+01 -4.757510313849314088e+01 -5.707142715721312598e+00
-5.304414912663661497e+00 -4.604491017641571204e+01 -4.581645499465653160e+01 -4.529148065068504536e+01
0.000000000000000000e+00 0.000000000000000000e+00 0.000000000000000000e+00 0.000000000000000000e+00
-4.161726538281686771e+01 -4.105648246873845864e+01 -4.161408651044924056e+01 -4.158902860210908159e+01
-4.179680695211809649e+01 -4.182263010374550305e+01 -4.184371179595234480e+01 -4.183534815031447351e+01
0.000000000000000000e+00 0.000000000000000000e+00 0.000000000000000000e+00 0.000000000000000000e+00
-4.503665943485074763e+01 -4.454489634110021257e+01 -4.451619389736649879e+01 -4.503203153657663904e+01
-4.378041002179082852e+01 -4.328833288500408827e+01 -4.333133314807173520e+01 -4.331127019320355487e+01
-4.947755246068965107e+01 -4.935801309102804879e+01 -4.946609727099899345e+01 -4.941194032094756494e+01
0.000000000000000000e+00 0.000000000000000000e+00 0.000000000000000000e+00 0.000000000000000000e+00
-4.645475566469345807e+01 -4.420414851018412605e+01 -4.645656790009736881e+01 -4.657929115148441213e+01
-4.891619746006385050e+00 -4.338446988657647552e+01 -4.490324266931156671e+01 -4.412883820578645100e+01
-4.878282515754739812e+00 -4.151111392855654714e+01 -4.240526437907113433e+01 -4.202724977747539725e+01
-3.975727381934515137e+01 -4.104906527699732521e+01 -4.116180116786438248e+01 -4.103105390418829757e+01
0.000000000000000000e+00 0.000000000000000000e+00 0.000000000000000000e+00 0.000000000000000000e+00
0.000000000000000000e+00 0.000000000000000000e+00 0.000000000000000000e+00 0.000000000000000000e+00
0.000000000000000000e+00 0.000000000000000000e+00 0.000000000000000000e+00 0.000000000000000000e+00
-4.064122758710457362e+01 -4.013953028260981171e+01 -4.172570465592388445e+01 -4.061768400817647517e+01
-4.917428813028096357e+01 -4.921164313103925991e+01 -4.908156243574243405e+01 -4.923184294296711982e+01
-4.822562984671147035e+01 -4.820260696236798736e+01 -4.812493611365061241e+01 -4.827598596493342598e+01
-4.677264721846265871e+01 -4.687411021921458598e+01 -4.687353699257521811e+01 -4.516332540405812779e+01
-4.244381815620717902e+01 -4.340513672542518719e+01 -4.416507301938152352e+01 -4.337955396923633522e+00
-3.656124526305378541e+00 -3.998715806365282788e+01 -3.850180392482156577e+01 -3.721209241294663173e+01
-2.489557276825298260e+00 -3.870132275596055393e+01 -3.834193821867440022e+01 -3.768523797636223804e+01
0.000000000000000000e+00 0.000000000000000000e+00 0.000000000000000000e+00 0.000000000000000000e+00
-2.787769064307760303e+01 -2.806095515133171858e+01 -2.807065443002526806e+01 -2.806050896221893964e+01
-3.275708131481191288e+01 -3.274548012783805007e+01 -3.291706516822770823e+01 -3.280246673605623187e+01
-3.714560587406732139e+01 -3.676810138979294607e+01 -3.714823483208061816e+01 -3.672977295484636073e+01
-4.974113668290326729e+01 -4.989137932477094495e+01 -4.970831203171300672e+01 -4.977327419440358369e+01
0.000000000000000000e+00 0.000000000000000000e+00 0.000000000000000000e+00 0.000000000000000000e+00
-4.808552278037198136e+01 -4.819258111939426215e+01 -4.801464857091777105e+01 -4.800807469386871418e+01
0.000000000000000000e+00 0.000000000000000000e+00 0.000000000000000000e+00 0.000000000000000000e+00
-3.744115365062212675e+01 -3.556816457809068766e+01 -3.558324294684356914e+01 -2.980398679797725769e+00
-3.191750098246147616e+01 -3.262500760976953273e+01 -3.279664193106734160e+01 -2.236722555924248734e+00
-1.513234984559408414e+00 -2.171389029641013124e+01 -2.252936015518928414e+01 -2.440502952993037766e+01
-2.203864970441485127e+01 -2.304482216199286881e+01 -2.307757731902752241e+01 -2.300320750267523806e+01
0.000000000000000000e+00 0.000000000000000000e+00 0.000000000000000000e+00 0.000000000000000000e+00
-3.713936719732073044e+01 -3.759562407566262010e+01 -3.756226020714405678e+01 -3.758554793065438560e+01
-5.020658317703856710e+01 -5.027185025291602471e+01 -5.017550444214311511e+01 -5.024023529002857202e+01
-5.016067660578101339e+01 -4.995877117059543338e+01 -4.998936820022231586e+01 -4.996112975286783353e+01
-4.900725927981335417e+01 -4.918383809552474872e+01 -4.903727581100952904e+01 -4.901515837902866224e+01
0.000000000000000000e+00 0.000000000000000000e+00 0.000000000000000000e+00 0.000000000000000000e+00
-3.793173843914742349e+01 -3.554346058055376290e+01 -3.792435376628683485e+01 -3.792817826405803316e+01
0.000000000000000000e+00 0.000000000000000000e+00 0.000000000000000000e+00 0.000000000000000000e+00
-8.213004536787682497e-01 -1.342396137881585361e+01 -1.283199747705842242e+01 -1.367155630673187794e+01
-4.808562386209235262e-01 -1.563759489170573858e+01 -1.533899426635991325e+01 -1.516104541314090071e+01
0.000000000000000000e+00 0.000000000000000000e+00 0.000000000000000000e+00 0.000000000000000000e+00
-3.675658054413915465e+01 -3.741031118231329344e+01 -3.736053893515494906e+01 -3.739217419174067913e+01
-5.080314146326099944e+01 -5.082335296851206863e+01 -5.066469198557373943e+01 -5.069057132255299081e+01
-5.074398710680262070e+01 -5.068057830375827422e+01 -5.082869175386315419e+01 -5.068438045567965844e+01
0.000000000000000000e+00 0.000000000000000000e+00 0.000000000000000000e+00 0.000000000000000000e+00
0.000000000000000000e+00 0.000000000000000000e+00 0.000000000000000000e+00 0.000000000000000000e+00
-3.816749680131736966e+01 -3.818290400332117684e+01 -3.817985095728271006e+01 -3.817731162378166232e+01
0.000000000000000000e+00 0.000000000000000000e+00 0.000000000000000000e+00 0.000000000000000000e+00
0.000000000000000000e+00 0.000000000000000000e+00 0.000000000000000000e+00 0.000000000000000000e+00
-7.809838962238896620e+00 -7.032032425086602423e+00 -2.096317369116209306e-01 -7.116516203993470846e+00
-7.216696880204891862e+00 -7.325488486138595157e+00 -6.701879288353701503e-01 -7.242874493377927436e+00
0.000000000000000000e+00 0.000000000000000000e+00 0.000000000000000000e+00 0.000000000000000000e+00
-5.087991425629281395e+01 -5.101910853779577337e+01 -5.093959821607148797e+01 -5.094984482399486581e+01
-5.100994120312982716e+01 -5.116514670919306695e+01 -5.091984760241199126e+01 -5.115773812552618693e+01
-5.115721876658170686e+01 -5.135414049355302524e+01 -5.141109736710637890e+01 -5.139498154160507681e+01
0.000000000000000000e+00 0.000000000000000000e+00 0.000000000000000000e+00 0.000000000000000000e+00
0.000000000000000000e+00 0.000000000000000000e+00 0.000000000000000000e+00 0.000000000000000000e+00
-2.864607526014452787e+00 -2.852193582185539977e+00 -2.874177690382480055e+00 -2.889400903219917716e+00
-2.705832209087199569e+00 -3.546758215110958012e+00 -2.820057912425220525e+00 -2.851216725309158040e+00
-5.063638799022903925e+00 -4.938165171237505646e+00 -6.024583674161307911e+00 -5.060128863561622836e+00
0.000000000000000000e+00 0.000000000000000000e+00 0.000000000000000000e+00 0.000000000000000000e+00
-5.204572047850704257e+04 -5.204459742947840277e+04 -5.204643282450832339e+04 -5.204768969680385635e+04
