-4.321809069798483449e+01 -4.696933441703419021e+01 -4.347652640371054389e+01 -4.402156112015129708e+01
-4.497642739177503302e+01 -4.395162712103444846e+01 -4.366084318554541710e+01 -4.489283371482027007e+01
-4.555157655793482263e+01 -4.577986423299748253e+01 -4.647937514233387191e+01 -4.573744414240891842e+01
-4.655164872059137338e+01 -4.742171911454470035e+01 -4.770907292773037511e+01 -4.649863148247252553e+01
-4.679551950246882086e+01 -4.694108940354912107e+01 -4.787182250460301702e+01 -4.773503402466224088e+01
0.000000000000000000e+00 0.000000000000000000e+00 0.000000000000000000e+00 0.000000000000000000e+00
-4.173286677176182735e+01 -5.240373262457026726e+01 -5.242582937229833817e+01 -5.247527809300710544e+01
0.000000000000000000e+00 0.000000000000000000e+00 0.000000000000000000e+00 0.000000000000000000e+00
-4.585088595059032457e+01 -5.455913183440151215e+01 -5.466447269967599709e+01 -5.464720696788388921e+01
-5.519138090630578830e+01 -5.529882785979296500e+01 -5.528158727953600504e+01 -5.522135359178768965e+01
0.000000000000000000e+00 0.000000000000000000e+00 0.000000000000000000e+00 0.000000000000000000e+00
-4.287910714801624579e+01 -4.249393594443333910e+01 -4.170361428771482792e+01 -4.212164064929844187e+01
0.000000000000000000e+00 0.000000000000000000e+00 0.000000000000000000e+00 0.000000000000000000e+00
-4.563658253660903341e+01 -4.701896829575758829e+01 -4.628691724917743500e+01 -4.593906924583997409e+01
-4.722255592861196050e+01 -4.746630887603204485e+01 -4.782520103057746752e+01 -4.265618847038258821e+01
-6.974574236575710628e+00 -3.806589077309502045e+01 -4.918306193206560550e+01 -4.173185161139369370e+01
-5.023266583529539275e+01 -5.069721002434187795e+01 -7.215549767304484163e+00 -4.210113679256082264e+01
-5.294117095719955302e+01 -3.734723104239704838e+01 -7.346874331886416698e+00 -4.802512990583490904e+01
-5.297383487560001925e+01 -5.309570726316250244e+01 -7.371886082451629463e+00 -4.451717953987719767e+01
0.000000000000000000e+00 0.000000000000000000e+00 0.000000000000000000e+00 0.000000000000000000e+00
-3.862160541526567670e+01 -3.791552698103431851e+01 -3.787235387128556852e+01 -3.811933058001626762e+01
-3.864598180983880127e+01 -4.018192813281459053e+01 -4.021461354160688728e+01 -3.920437464818547113e+01
-4.097211883526212262e+01 -4.114091393052349588e+01 -4.086244253400819559e+01 -4.179655654906449058e+01
-4.274074179705446852e+01 -4.372895894930379512e+01 -4.263380221737099873e+01 -4.262085648635584789e+01
0.000000000000000000e+00 0.000000000000000000e+00 0.000000000000000000e+00 0.000000000000000000e+00
-6.625857712303753644e+00 -4.553418089477099784e+01 -2.982213881038531511e+01 -5.005634016429305433e+01
-4.381126799221783585e+01 -5.106272894725574929e+01 -5.077758022009792427e+01 -5.093163699634553865e+01
-5.268265097569917543e+01 -5.277772817944015316e+01 -5.174430939921691674e+01 -5.314963323803119977e+01
-5.451862070299675622e+01 -4.360874824801491911e+01 -5.396891984001210574e+01 -5.432500152696332663e+01
0.000000000000000000e+00 0.000000000000000000e+00 0.000000000000000000e+00 0.000000000000000000e+00
-3.618954019660775145e+01 -3.527286720006355125e+01 -3.531255187645483318e+01 -3.546238541553812951e+01
-2.410879491528698537e+01 -3.671569631420932467e+01 -3.563373776711917174e+01 -3.620004485076051992e+01
0.000000000000000000e+00 0.000000000000000000e+00 0.000000000000000000e+00 0.000000000000000000e+00
-4.016812923844690886e+01 -4.168442082827368012e+01 -4.152119433429988504e+01 -4.161188994656357920e+01
0.000000000000000000e+00 0.000000000000000000e+00 0.000000000000000000e+00 0.000000000000000000e+00
-6.172708847898113582e+00 -4.120090514827283101e+01 -3.715837147049391831e+01 -4.825649468844658685e+01
-4.965022739345903346e+01 -5.019329418476269211e+01 -2.697418328114252972e+01 -4.996200770171365235e+01
0.000000000000000000e+00 0.000000000000000000e+00 0.000000000000000000e+00 0.000000000000000000e+00
-5.521593497103906145e+01 -5.453694141597092937e+01 -5.513569903946000039e+01 -5.526820118007693594e+01
-5.549527054459076680e+01 -5.488566667579977576e+01 -5.494074524911115276e+01 -5.530864821752249583e+01
-3.116292556635981370e+01 -3.253022054425005649e+01 -3.309954327013333852e+01 -3.311344891931484113e+01
-2.318212489581340741e+00 -3.179380482194198976e+01 -3.205024473993967860e+01 -2.941993553795570904e+01
-3.492278209728970495e+01 -2.896289526235878142e+01 -3.307626206169793193e+00 -3.002806566456689197e+01
-3.958807623181506585e+01 -3.978935346579917365e+01 -4.183534893135114174e+00 -3.953433566455381509e+01
-3.044026471134939982e+01 -3.945014368170684804e+01 -4.952079619497864016e+00 -3.097775632702159498e+01
-4.598096367156983888e+01 -3.290448973292365764e+01 -5.614954295851840804e+00 -4.680289155636436504e+01
0.000000000000000000e+00 0.000000000000000000e+00 0.000000000000000000e+00 0.000000000000000000e+00
0.000000000000000000e+00 0.000000000000000000e+00 0.000000000000000000e+00 0.000000000000000000e+00
0.000000000000000000e+00 0.000000000000000000e+00 0.000000000000000000e+00 0.000000000000000000e+00
-5.548428513156348174e+01 -5.495505360403409867e+01 -5.537646137748701136e+01 -5.478296220037241682e+01
-2.960274853313529420e+01 -2.963892840009674856e+01 -2.956498614312149442e+01 -2.218532241989386122e+01
-1.211176939134863684e+00 -2.339448008910079935e+01 -2.582194212187839355e+01 -2.512891136958427296e+01
-3.329657260347714498e+01 -2.545055320938455878e+01 -3.378287470171007101e+01 -3.341861210046233310e+01
-3.719550050175748623e+01 -3.768315699580546863e+01 -3.838510735390239148e+01 -3.842976691293826974e+01
0.000000000000000000e+00 0.000000000000000000e+00 0.000000000000000000e+00 0.000000000000000000e+00
-4.612605373143266263e+01 -3.847455725688621442e+01 -4.583063909332580010e+01 -4.615034858178498212e+01
-4.619735163742879536e+01 -4.580267122184093864e+01 -4.662967685557962483e+01 -4.596881959509874349e+01
0.000000000000000000e+00 0.000000000000000000e+00 0.000000000000000000e+00 0.000000000000000000e+00
-5.387095975832024664e+01 -5.352930402363002571e+01 -5.367705476324539404e+01 -5.389932768049160217e+01
-5.426711693681978943e+01 -5.467430349181756100e+01 -5.493431538861968022e+01 -5.441014680607992204e+01
0.000000000000000000e+00 0.000000000000000000e+00 0.000000000000000000e+00 0.000000000000000000e+00
0.000000000000000000e+00 0.000000000000000000e+00 0.000000000000000000e+00 0.000000000000000000e+00
0.000000000000000000e+00 0.000000000000000000e+00 0.000000000000000000e+00 0.000000000000000000e+00
-3.871754887670715561e+01 -3.923024519245183939e+01 -3.883912283502895235e+01 -3.910946827187824226e+01
-4.175012873314557993e+01 -4.160754205538209050e+01 -4.192426410083012911e+01 -4.190440848437434340e+01
-4.499799042879038069e+01 -4.503413031344376805e+01 -4.499978432449360355e+01 -4.405459538007620779e+01
-4.484087340485301354e+01 -4.572958033285708268e+01 -4.602216648278543687e+01 -4.509445513181489673e+01
0.000000000000000000e+00 0.000000000000000000e+00 0.000000000000000000e+00 0.000000000000000000e+00
-5.243740385717126173e+01 -5.223950301082087577e+01 -5.190672426435173747e+01 -5.181217240438244431e+01
0.000000000000000000e+00 0.000000000000000000e+00 0.000000000000000000e+00 0.000000000000000000e+00
-1.850513057075957946e+01 -1.890046670728800748e+01 -1.909988765602927074e+01 -1.940422228400412763e+01
-1.784213923816759362e+01 -1.470069399665012000e+01 -1.805003041351727688e+01 -1.888300162284236094e+01
-2.837613540055326666e+01 -2.848558704725788715e+01 -2.694529083343998366e+01 -2.944086163326397099e+01
-3.701584365634977303e+01 -3.670110103185290029e+01 -3.640178546381935831e+01 -3.771457840178197785e+01
-4.205563040208306091e+01 -4.207323797949512567e+01 -4.211863443787686379e+01 -4.217117590255646320e+01
-4.500225049040958680e+01 -4.502797053249608439e+01 -4.482561853425502107e+01 -4.450118114600562080e+01
-4.592733270608774632e+01 -4.577553076135475862e+01 -4.619105198150360536e+01 -4.575828076602218175e+01
-4.858692389622294172e+01 -4.855005080852069455e+01 -4.837701101018610927e+01 -4.790847521290029221e+01
-4.962756988572403571e+01 -5.014556547964254207e+01 -5.011141589424885012e+01 -4.952989034748688368e+01
-5.027299959323883627e+01 -5.014976234207193073e+01 -4.975596055088761460e+01 -4.956892239108977094e+01
-1.877210520633715163e+01 -1.956330049213812217e+01 -1.902239281036565899e+01 -1.924004484130289327e+01
-1.821923929107951778e+01 -1.872475382453561110e+01 -1.965591546945580603e+01 -1.924923553650032204e+01
0.000000000000000000e+00 0.000000000000000000e+00 0.000000000000000000e+00 0.000000000000000000e+00
-4.070319092440683306e+01 -4.038414934776619702e+01 -4.045874968941463123e+01 -4.089029849811304729e+01
-4.291498744586140646e+01 -4.293346844001209206e+01 -4.303321186347885430e+01 -4.306816484515790222e+01
-4.458295441648711233e+01 -4.521824571511064050e+01 -4.443093367723584208e+01 -4.450171539939340448e+01
-4.562046208288280269e+01 -4.577340097988314938e+01 -4.577614287967057294e+01 -4.541284688835858674e+01
0.000000000000000000e+00 0.000000000000000000e+00 0.000000000000000000e+00 0.000000000000000000e+00
-5.001188670439211137e+01 -4.922197715672783147e+01 -4.910427350212540176e+01 -4.929226776605606375e+01
-4.919392958923873493e+01 -4.994752874390342612e+01 -5.019451384108585046e+01 -4.904204538405352309e+01
-1.954868698017424578e+01 -1.954123344989773159e+01 -1.823737735862177800e+01 -1.845709791792234000e+01
0.000000000000000000e+00 0.000000000000000000e+00 0.000000000000000000e+00 0.000000000000000000e+00
0.000000000000000000e+00 0.000000000000000000e+00 0.000000000000000000e+00 0.000000000000000000e+00
0.000000000000000000e+00 0.000000000000000000e+00 0.000000000000000000e+00 0.000000000000000000e+00
-4.416752957720813555e+01 -4.435738647203950791e+01 -4.446231043512898395e+01 -4.391715875159836457e+01
-4.437159387304649982e+01 -4.479985236031716056e+01 -4.487047141921816973e+01 -4.493476008083042217e+01
-4.657025142993303035e+01 -4.650945964387786091e+01 -4.592313599183603401e+01 -4.620443005010445603e+01
-4.745986315705786041e+01 -4.805503234906804977e+01 -4.802002194094984588e+01 -4.773543151375561422e+01
-4.853444369653479384e+01 -4.879027456387991180e+01 -4.903439721741798962e+01 -4.852371302262734787e+01
-4.878120734540952697e+01 -4.969893113276842911e+01 -4.869698751138126624e+01 -4.939228504921629082e+01
