1.100338979295564457e+00 -5.877951233163546119e-02 -5.724259692498423480e-02 -5.686994521907937084e-02
8.426955364606256715e-01 -5.949385943752416583e-02 1.182316779667850204e+00 -3.087513185930871110e-02
3.955707809130160069e-01 -5.849089936885732560e-02 9.819225354377502102e-01 -1.481807058060327469e-02
5.731254031692342155e-01 -6.026318803779909250e-02 1.288514769715751962e+00 -4.273801301963850441e-02
3.558796930132415888e-03 -5.789970380257723759e-02 1.167414499665748950e+00 -6.000138594620911536e-02
1.011624837945153121e+00 -1.301897887520188715e-02 -5.591417306468678822e-02 9.842498263518595358e-01
6.213400370808964956e-02 2.555509155774797758e-01 4.341195862491267765e-02 1.139044651058272573e+00
7.730579963807638899e-01 3.502899538665391055e-01 8.492854746831545176e-01 1.142626089637149622e+00
1.136121422260355951e+00 3.819731944090398179e-01 -1.288217174381415912e-02 4.401515002038356994e-01
3.913965803417986155e-04 1.340186120281766868e+00 4.825441075314956252e-01 -5.873131569382591260e-02
1.158174634687469284e+00 -2.135133832081793220e-02 -5.717729336896375247e-02 5.887116400364424962e-01
-2.781221689883703677e-02 1.367618232692196401e+00 5.742952026548890643e-02 1.349266192114249474e+00
4.897223466652293050e-02 1.208020089190813495e+00 9.666916171062985008e-02 4.450687067696423860e-01
1.371072671914077334e+00 4.054950821676336914e-01 8.090189021455519436e-01 3.530588415672726299e-01
-3.387326702624823827e-02 1.184237639029410261e+00 1.437744813688008882e-01 -5.732540796893046547e-02
1.026604876418222068e+00 -3.083260896660235811e-02 -5.493219198713429618e-02 6.448814891572725028e-01
2.239297885092381493e-02 1.321174620982951575e+00 1.063595355287100669e-01 -3.919232660173579269e-02
-3.243504974270974839e-02 1.063793632762464192e+00 1.184123954181590666e+00 3.437846266363219216e-01
1.337140595107313645e+00 -2.377013367667849680e-02 3.459912227376599758e-01 4.571587285992028682e-01
-1.769891233278861331e-02 9.153076518800016270e-01 2.360590996489955414e-04 -5.869660854778134540e-02
-5.827008465961808908e-02 -1.029904535489316493e-02 -5.756070048696381586e-02 1.049153473259246239e+00
-5.658018833165458922e-02 9.279963158145214663e-01 -1.895910981354175656e-02 1.179060686681006720e+00
-5.574195942561610551e-02 1.258260087718969800e+00 -5.742893126094047312e-02 3.447777047949064921e-01
-5.741787627380524894e-02 -7.952918914449673762e-03 4.186861031432308478e-01 1.256702764638599756e+00
-5.850707373570583625e-02 1.079540616153374932e+00 -2.962641065335628807e-02 -5.972450731268141161e-02
