-5.393589948579335669e+01 -5.393302512474591737e+01 -5.393761512550202042e+01 -5.307363772018700132e+01
-5.092317152343502329e+01 -5.394550931970785967e+01 -5.397298959255217454e+01 -5.396175581217982398e+01
-5.415895618071088791e+01 -5.419276204760339510e+01 -5.419708257962896880e+01 -5.418298211765642236e+01
0.000000000000000000e+00 0.000000000000000000e+00 0.000000000000000000e+00 0.000000000000000000e+00
-6.214450124303830592e+01 -6.214349831027443116e+01 -6.213539243769947262e+01 -6.213993615117135505e+01
0.000000000000000000e+00 0.000000000000000000e+00 0.000000000000000000e+00 0.000000000000000000e+00
0.000000000000000000e+00 0.000000000000000000e+00 0.000000000000000000e+00 0.000000000000000000e+00
0.000000000000000000e+00 0.000000000000000000e+00 0.000000000000000000e+00 0.000000000000000000e+00
-8.554583529985247026e+01 -8.554663631529398060e+01 -8.558046694714435887e+01 -8.558956249320210929e+01
-8.562787145773749842e+01 -8.559221421412814834e+01 -8.561158794178538756e+01 -8.562268809920311696e+01
-5.357656162437886849e+01 -5.357970443372720837e+01 -5.357626664722312171e+01 -5.357543485303472863e+01
-4.354365533119933218e+01 -5.355947997345256084e+01 -5.353738357685041649e+01 -5.352488845771264181e+01
-5.418047465958316167e+01 -5.420426284217921875e+01 -5.420037660674798730e+01 -5.419720539893597788e+01
0.000000000000000000e+00 0.000000000000000000e+00 0.000000000000000000e+00 0.000000000000000000e+00
-6.188608029112239706e+01 -6.186710756242182896e+01 -6.187561214535090670e+01 -6.188239059675937170e+01
0.000000000000000000e+00 0.000000000000000000e+00 0.000000000000000000e+00 0.000000000000000000e+00
0.000000000000000000e+00 0.000000000000000000e+00 0.000000000000000000e+00 0.000000000000000000e+00
-8.555796345068917219e+01 -8.556881982822723387e+01 -8.554635515102090437e+01 -8.557006811634140320e+01
-8.527803422480074858e+01 -8.528116435870724388e+01 -8.528997752934802179e+01 -8.530792187505696234e+01
-8.542930051058023366e+01 -8.541087368690288883e+01 -8.537475733688840762e+01 -8.542174708086210444e+01
-5.301265571559956413e+01 -5.302887631641327459e+01 -5.297858295635696635e+01 -5.292682560761695498e+01
-3.521680680602970170e+01 -5.204349688392548501e+01 -5.203586506673056533e+01 -5.203313931913456969e+01
-5.459902846906943097e+01 -5.479784450230337711e+01 -4.290146730174853218e+01 -5.475801690601401361e+01
-5.819191221693348837e+01 -5.819509089286201942e+01 -5.235383872862828980e+01 -5.822070120275412819e+01
-6.140483511206663536e+01 -6.135881079388584425e+01 -6.137898597102315534e+01 -6.140505631415690857e+01
-6.351863421816076283e+01 -6.356535093893402433e+01 -6.356957317186390100e+01 -6.351371652014238833e+01
0.000000000000000000e+00 0.000000000000000000e+00 0.000000000000000000e+00 0.000000000000000000e+00
0.000000000000000000e+00 0.000000000000000000e+00 0.000000000000000000e+00 0.000000000000000000e+00
-8.456380622903427025e+01 -8.454886666562029518e+01 -8.457205845204777006e+01 -8.452394358883125847e+01
-8.511916684570917369e+01 -8.508048904531582934e+01 -8.512735508280907482e+01 -8.512867353137090731e+01
0.000000000000000000e+00 0.000000000000000000e+00 0.000000000000000000e+00 0.000000000000000000e+00
-3.056760601158865853e+01 -4.649949555147332347e+01 -4.649064544839287549e+01 -4.651680638953462221e+01
0.000000000000000000e+00 0.000000000000000000e+00 0.000000000000000000e+00 0.000000000000000000e+00
-5.853891290751300858e+01 -5.642490788907387866e+01 -5.852538310557836354e+01 -5.852108537052958326e+01
0.000000000000000000e+00 0.000000000000000000e+00 0.000000000000000000e+00 0.000000000000000000e+00
-5.672826619034372442e+01 -6.577855993878233676e+01 -6.577975741944878507e+01 -6.579222025144986219e+01
-7.295756634412792607e+01 -7.297645293956135504e+01 -6.222443065637385473e+01 -7.299266897876312044e+01
-7.944869173370821613e+01 -7.929107998415578606e+01 -6.768167108703588042e+01 -7.933269328731230985e+01
-8.295163953556344438e+01 -8.293429201670953432e+01 -8.293365890734536094e+01 -8.298953783032924036e+01
0.000000000000000000e+00 0.000000000000000000e+00 0.000000000000000000e+00 0.000000000000000000e+00
-3.798126012013523933e+01 -3.798104787673224791e+01 -3.800467615216453510e+01 -3.800168146638152677e+01
-2.536195095116883635e+01 -4.068495008025963244e+01 -4.075117254484262475e+01 -4.072464028037015282e+01
-4.095963427410706714e+01 -4.096399041921934980e+01 -4.096939348482217014e+01 -4.095457148612632636e+01
0.000000000000000000e+00 0.000000000000000000e+00 0.000000000000000000e+00 0.000000000000000000e+00
-3.957176951291799583e+01 -5.608589166178232688e+01 -5.601553539055429098e+01 -5.609681268483453920e+01
-5.986531539183837936e+01 -5.989888919022249070e+01 -4.985693683332666382e+01 -5.987638449721563916e+01
0.000000000000000000e+00 0.000000000000000000e+00 0.000000000000000000e+00 0.000000000000000000e+00
-8.222074632641636072e+01 -7.309154025749332106e+01 -8.229102259500170646e+01 -8.228257858756460053e+01
-8.461282326684383293e+01 -8.461472195599780832e+01 -7.776800640573578960e+01 -8.462462791741518231e+01
-8.603859720588562254e+01 -8.601618706383293045e+01 -8.580124614224477853e+01 -8.601255887092271735e+01
-3.459978356893697793e+01 -3.504678327873084243e+01 -3.502454532739061221e+01 -3.501045444421257713e+01
-1.942545106857429715e+01 -3.642214667305290021e+01 -3.638549678507749263e+01 -3.638482988917864702e+01
0.000000000000000000e+00 0.000000000000000000e+00 0.000000000000000000e+00 0.000000000000000000e+00
0.000000000000000000e+00 0.000000000000000000e+00 0.000000000000000000e+00 0.000000000000000000e+00
-2.985736516045952271e+01 -5.462854083501215285e+01 -5.451340342729244526e+01 -5.471114103748850255e+01
-5.151461185570610724e+01 -5.567100051488285573e+01 -5.564415189899118275e+01 -5.561173278923200058e+01
0.000000000000000000e+00 0.000000000000000000e+00 0.000000000000000000e+00 0.000000000000000000e+00
0.000000000000000000e+00 0.000000000000000000e+00 0.000000000000000000e+00 0.000000000000000000e+00
-8.665989011375386042e+01 -8.135582263648417722e+01 -8.665813044669795318e+01 -8.668168233419326896e+01
-8.705142828305021396e+01 -8.702113896105082347e+01 -8.702986964048632501e+01 -8.703593129607888557e+01
-7.683317852845751972e+00 -3.061792032215213055e+01 -3.040427196289814660e+01 -3.050832772008058669e+01
-3.279879386494316407e+01 -3.282432298181063146e+01 -1.322306015606692853e+01 -3.279177894646248603e+01
-3.064923653927949587e+01 -3.117187928047386336e+01 -3.118981898908845807e+01 -3.117343039424116213e+01
0.000000000000000000e+00 0.000000000000000000e+00 0.000000000000000000e+00 0.000000000000000000e+00
-1.921304979156804293e+01 -5.128862960380998004e+01 -5.124931520904993221e+01 -5.124954357051229437e+01
-3.950527223280841582e+01 -5.237955112000653912e+01 -5.196182552379954700e+01 -5.236608300103726066e+01
-5.268118834983143017e+01 -5.264674184160404735e+01 -4.829419529532288635e+01 -5.268380677497409437e+01
0.000000000000000000e+00 0.000000000000000000e+00 0.000000000000000000e+00 0.000000000000000000e+00
-8.784046204594103813e+01 -8.397490579659825016e+01 -8.784971009192445024e+01 -8.786937713874306155e+01
-8.802716002223164082e+01 -8.803122940184545087e+01 -8.799130526007758135e+01 -8.803544198267425713e+01
-3.682856544740771287e+00 -2.260382507838988175e+01 -2.265956598111768017e+01 -2.242201066354828498e+01
0.000000000000000000e+00 0.000000000000000000e+00 0.000000000000000000e+00 0.000000000000000000e+00
-3.179961358239796088e+00 -2.925553238530341460e+01 -2.864340192917630290e+01 -2.908947721444009460e+01
-3.797220822507370031e+01 -3.756199532977648659e+01 -5.872302265342895566e+00 -3.765990695168540014e+01
-4.641284514057945643e+01 -4.623913900712330616e+01 -1.002552084495666840e+01 -4.634522832787976654e+01
-4.962329235532342153e+01 -4.969017027037865120e+01 -2.642660286153795113e+01 -4.962631883793649479e+01
0.000000000000000000e+00 0.000000000000000000e+00 0.000000000000000000e+00 0.000000000000000000e+00
-8.928383780489043886e+01 -8.928817925200158356e+01 -8.928640723500544141e+01 -8.777809807289018806e+01
-8.880455352693975613e+01 -8.578436130698869988e+01 -8.885307931933081704e+01 -8.885239085970701467e+01
-8.884773772751303511e+01 -8.883969129278328580e+01 -8.882360415912644669e+01 -8.884544732448637205e+01
-1.235279784752247778e+01 -1.262880201778117062e+01 -1.243162283784797673e+01 -1.349260373312767047e+00
0.000000000000000000e+00 0.000000000000000000e+00 0.000000000000000000e+00 0.000000000000000000e+00
-1.656289578398154205e+01 -1.653646279875675873e+01 -1.419277563187426150e+00 -1.651895150488633845e+01
0.000000000000000000e+00 0.000000000000000000e+00 0.000000000000000000e+00 0.000000000000000000e+00
0.000000000000000000e+00 0.000000000000000000e+00 0.000000000000000000e+00 0.000000000000000000e+00
-4.986370969963572719e+01 -4.986913607523550240e+01 -4.985824404077423111e+01 -4.986845377635267340e+01
0.000000000000000000e+00 0.000000000000000000e+00 0.000000000000000000e+00 0.000000000000000000e+00
0.000000000000000000e+00 0.000000000000000000e+00 0.000000000000000000e+00 0.000000000000000000e+00
-8.916031233340500251e+01 -8.773850180033490176e+01 -8.914293060560449078e+01 -8.919826967641935767e+01
-8.948501244288922862e+01 -8.948462735270177859e+01 -8.917495739544989419e+01 -8.947951742279421694e+01
0.000000000000000000e+00 0.000000000000000000e+00 0.000000000000000000e+00 0.000000000000000000e+00
0.000000000000000000e+00 0.000000000000000000e+00 0.000000000000000000e+00 0.000000000000000000e+00
-1.699752033702932508e+01 -1.696297342535723729e+01 -1.694974735709701008e+01 -1.700761869593762299e+01
-1.731035928998998941e+01 -1.730093937511488633e+01 -1.732031327785682606e+01 -1.726739194058089666e+01
-1.742292571183683592e+01 -1.738174444913397210e+01 -1.745483916671957658e+01 -1.743629296625863390e+01
0.000000000000000000e+00 0.000000000000000000e+00 0.000000000000000000e+00 0.000000000000000000e+00
0.000000000000000000e+00 0.000000000000000000e+00 0.000000000000000000e+00 0.000000000000000000e+00
0.000000000000000000e+00 0.000000000000000000e+00 0.000000000000000000e+00 0.000000000000000000e+00
0.000000000000000000e+00 0.000000000000000000e+00 0.000000000000000000e+00 0.000000000000000000e+00
-9.003185883834640890e+01 -8.980723869969527584e+01 -9.003016584856507620e+01 -9.003029045573575218e+01
