-4.726826003128654463e+01 -4.725480803816606112e+01 -4.724069312438282964e+01 -4.369661372835754776e+01
-4.688527413247244624e+01 -4.688430267588408640e+01 -4.686675499458046090e+01 -4.101358575798117556e+01
-3.604658155191039981e+01 -4.652197272909404546e+01 -4.653748030391987101e+01 -4.653659938891583181e+01
-4.644889238208448745e+01 -4.644572577247308232e+01 -4.645259452192982508e+01 -4.644677040580796756e+01
-4.645006625942048117e+01 -4.642026456938503287e+01 -4.642610126394787784e+01 -4.647618207141957214e+01
-4.598239311647179761e+01 -4.631248851175230641e+01 -4.626807419597841431e+01 -4.631513988505783175e+01
-4.588923742571959963e+01 -4.587281190604876002e+01 -4.593049748647127473e+01 -4.570919964298763460e+01
0.000000000000000000e+00 0.000000000000000000e+00 0.000000000000000000e+00 0.000000000000000000e+00
-4.248224953524358227e+01 -4.259153258047036417e+01 -4.255941192243702886e+01 -4.261721623621992450e+01
-4.245309137794956911e+01 -4.237310784750558668e+01 -4.243014250054530834e+01 -4.233726912131668740e+01
0.000000000000000000e+00 0.000000000000000000e+00 0.000000000000000000e+00 0.000000000000000000e+00
-4.652309521813979387e+01 -4.654707916017602543e+01 -4.650844706720156552e+01 -3.672022035660263839e+01
-2.777080485772223994e+01 -4.595765884440193361e+01 -4.599855402384583414e+01 -4.600740008060937214e+01
-4.623930136877502406e+01 -4.624000563211355797e+01 -4.600759552881645220e+01 -4.625774462695319755e+01
-4.612628673005983870e+01 -4.642589994516931284e+01 -4.614987011287845320e+01 -4.621088939014796182e+01
-4.579046715601922557e+01 -4.595812615299362847e+01 -4.587045444116377979e+01 -4.576578383332716271e+01
-4.516719383346094219e+01 -4.523822759575173080e+01 -4.521142507664909971e+01 -4.533599461526875984e+01
-4.388309118217407701e+01 -4.391303325278531844e+01 -4.395985017073503087e+01 -4.396842729696372487e+01
-4.234994711167375669e+01 -4.246866927591241847e+01 -4.231905955374360673e+01 -4.247120472443386774e+01
-4.204759361978862842e+01 -4.203670843463021356e+01 -4.200797523949895407e+01 -4.198931143356247730e+01
0.000000000000000000e+00 0.000000000000000000e+00 0.000000000000000000e+00 0.000000000000000000e+00
0.000000000000000000e+00 0.000000000000000000e+00 0.000000000000000000e+00 0.000000000000000000e+00
-2.116955866075673143e+01 -4.440267230715416247e+01 -4.438557742410131368e+01 -4.434340608058048616e+01
0.000000000000000000e+00 0.000000000000000000e+00 0.000000000000000000e+00 0.000000000000000000e+00
0.000000000000000000e+00 0.000000000000000000e+00 0.000000000000000000e+00 0.000000000000000000e+00
0.000000000000000000e+00 0.000000000000000000e+00 0.000000000000000000e+00 0.000000000000000000e+00
0.000000000000000000e+00 0.000000000000000000e+00 0.000000000000000000e+00 0.000000000000000000e+00
0.000000000000000000e+00 0.000000000000000000e+00 0.000000000000000000e+00 0.000000000000000000e+00
-4.134070794374181901e+01 -4.124012317110792480e+01 -4.134321196420876987e+01 -4.137341332019862961e+01
-4.101609065381190078e+01 -4.097763915028608039e+01 -4.100119602899940929e+01 -4.087017168217573726e+01
0.000000000000000000e+00 0.000000000000000000e+00 0.000000000000000000e+00 0.000000000000000000e+00
-4.287742897929413743e+01 -4.286658078323154797e+01 -4.288224916371828499e+01 -4.289023368504771838e+01
-4.259781825131854305e+01 -4.260735598774820687e+01 -4.260924001192180555e+01 -1.521564542314728286e+01
-9.789980506650904246e+00 -4.130930449239733093e+01 -4.111057336601916035e+01 -4.053098384894934725e+01
0.000000000000000000e+00 0.000000000000000000e+00 0.000000000000000000e+00 0.000000000000000000e+00
-3.573469440659670937e+01 -3.572754637504117170e+01 -3.570544595814676114e+01 -3.565937141524509002e+01
-3.588625819311570098e+01 -3.585725266662575450e+01 -3.591391525474919888e+01 -3.590358034532419396e+01
0.000000000000000000e+00 0.000000000000000000e+00 0.000000000000000000e+00 0.000000000000000000e+00
-4.043586404892565156e+01 -4.041047572715306302e+01 -4.031667996659776065e+01 -4.052511682200886156e+01
-3.949480029414739590e+01 -3.940856486923277657e+01 -3.934613939408988870e+01 -3.946744191782972422e+01
-4.389916928925667605e+01 -4.383501389423014416e+01 -4.388256267440559100e+01 -4.388597970965181361e+01
0.000000000000000000e+00 0.000000000000000000e+00 0.000000000000000000e+00 0.000000000000000000e+00
-4.132725636153907089e+01 -4.143688216622829401e+01 -4.132407741192602657e+01 -4.136484096574357494e+01
-3.966226308168332793e+01 -3.965618901154073939e+01 -3.975256167221319004e+01 -6.890500581778220557e+00
-4.913435854453974905e+00 -3.623300078313370420e+01 -3.661354784341462221e+01 -3.661791339006813928e+01
-3.409814198385731743e+01 -3.526763348731441994e+01 -3.531263138865669760e+01 -3.516214202605539896e+01
0.000000000000000000e+00 0.000000000000000000e+00 0.000000000000000000e+00 0.000000000000000000e+00
0.000000000000000000e+00 0.000000000000000000e+00 0.000000000000000000e+00 0.000000000000000000e+00
0.000000000000000000e+00 0.000000000000000000e+00 0.000000000000000000e+00 0.000000000000000000e+00
-3.644659041636963792e+01 -3.641342907272523632e+01 -3.625913181071037883e+01 -3.633989945970235880e+01
-4.373475262642074313e+01 -4.363515902327156226e+01 -4.364832837521647946e+01 -4.375398833077485961e+01
-4.284817871244987941e+01 -4.283307543421615549e+01 -4.266578308638605677e+01 -4.290637203202218330e+01
-4.158062881355660068e+01 -4.165571899233977149e+01 -4.157430743597220157e+01 -4.134948054386854466e+01
-3.882892377413413953e+01 -3.891886221936793078e+01 -3.883104098759838507e+01 -3.658863899119222651e+01
-3.872123679492114334e+00 -3.455813928796204237e+01 -3.543779591181520772e+01 -3.460517009822982715e+01
-5.451577092831792370e+00 -3.319455324646737182e+01 -3.256568660554714256e+01 -3.282273485611232644e+01
0.000000000000000000e+00 0.000000000000000000e+00 0.000000000000000000e+00 0.000000000000000000e+00
-2.432766779158151493e+01 -2.435973808050577105e+01 -2.419095670360690065e+01 -2.429506868029025313e+01
-2.899075310984855847e+01 -2.892999546482085194e+01 -2.900675466143676218e+01 -2.891659857311675452e+01
-3.298896304515527333e+01 -3.312785559288452930e+01 -3.318108581856562012e+01 -3.297614333258672303e+01
-4.465016099145582729e+01 -4.436695837059750858e+01 -4.452135020995795145e+01 -4.464311923438247476e+01
0.000000000000000000e+00 0.000000000000000000e+00 0.000000000000000000e+00 0.000000000000000000e+00
-4.295646123095674085e+01 -4.300492835215856502e+01 -4.281343369730669934e+01 -4.285236236954401789e+01
0.000000000000000000e+00 0.000000000000000000e+00 0.000000000000000000e+00 0.000000000000000000e+00
-3.223175453050833994e+01 -3.197305157055086156e+01 -3.220962832858247538e+01 -3.046434181883821424e+00
-2.762804855511481250e+01 -2.782862845371327865e+01 -2.760125103819074610e+01 -2.221879089342701175e+00
-1.493592644685038051e+00 -1.881217487236025576e+01 -1.921381693555425230e+01 -1.972188871988781855e+01
-1.917695214092598732e+01 -1.913659673135331474e+01 -1.818056604051356828e+01 -1.910233560077508130e+01
0.000000000000000000e+00 0.000000000000000000e+00 0.000000000000000000e+00 0.000000000000000000e+00
-3.338441858500470971e+01 -3.341740287428709877e+01 -3.341196652820460855e+01 -3.330139800247084025e+01
-4.502713619589794547e+01 -4.505095515578019416e+01 -4.496534986967033376e+01 -4.515070908174195807e+01
-4.484798031635388327e+01 -4.500183057983075940e+01 -4.493255660034601817e+01 -4.507333821816687447e+01
-4.396042371798000659e+01 -4.413877073906560611e+01 -4.411727361718566698e+01 -4.398302660645679651e+01
0.000000000000000000e+00 0.000000000000000000e+00 0.000000000000000000e+00 0.000000000000000000e+00
-3.269755313585906009e+01 -3.212226660031647896e+01 -3.269260099410861642e+01 -3.271451261862411286e+01
0.000000000000000000e+00 0.000000000000000000e+00 0.000000000000000000e+00 0.000000000000000000e+00
-7.834181307825253127e-01 -1.127526583814903738e+01 -1.133900991006123071e+01 -1.118969365026896412e+01
-2.477865487397423738e+00 -1.217545189025164731e+01 -1.199903854621792831e+01 -1.205761334042670008e+01
0.000000000000000000e+00 0.000000000000000000e+00 0.000000000000000000e+00 0.000000000000000000e+00
-3.357343731352132465e+01 -3.361106547671175093e+01 -3.360681378198248836e+01 -3.355428303175909122e+01
-4.537478928495760044e+01 -4.548418101033149696e+01 -4.533416960584253985e+01 -4.542945948249011678e+01
-4.543778272216760428e+01 -4.536864451403792486e+01 -4.532875413300590139e+01 -4.529115672818696225e+01
0.000000000000000000e+00 0.000000000000000000e+00 0.000000000000000000e+00 0.000000000000000000e+00
0.000000000000000000e+00 0.000000000000000000e+00 0.000000000000000000e+00 0.000000000000000000e+00
-3.294782216270110098e+01 -3.294995010175960459e+01 -3.293888999177917754e+01 -3.294956073746982383e+01
0.000000000000000000e+00 0.000000000000000000e+00 0.000000000000000000e+00 0.000000000000000000e+00
0.000000000000000000e+00 0.000000000000000000e+00 0.000000000000000000e+00 0.000000000000000000e+00
-5.851521664352699048e+00 -5.981210303031439857e+00 -3.836978754742641495e-01 -5.907234656872478951e+00
-6.123187740220554787e+00 -6.099499250037594855e+00 -2.544308330167521781e+00 -6.121993691150906081e+00
0.000000000000000000e+00 0.000000000000000000e+00 0.000000000000000000e+00 0.000000000000000000e+00
-4.560822153306821036e+01 -4.574048662520066699e+01 -4.559276764443525565e+01 -4.562963625238209886e+01
-4.556216861901616255e+01 -4.566645341877158870e+01 -4.576707968876446841e+01 -4.565826410888290354e+01
-4.588448302132324130e+01 -4.586940935495493932e+01 -4.589587262928031208e+01 -4.589560261578680667e+01
0.000000000000000000e+00 0.000000000000000000e+00 0.000000000000000000e+00 0.000000000000000000e+00
0.000000000000000000e+00 0.000000000000000000e+00 0.000000000000000000e+00 0.000000000000000000e+00
-1.837846812459527079e+00 -1.831018818900052247e+00 -1.824191541703221953e+00 -1.841403823306432264e+00
-2.859340897542549609e+00 -2.846877079641270569e+00 -1.787206707648099080e+00 -1.809790651932291938e+00
-4.030395676598146792e+00 -4.005191236069741478e+00 -4.295463669863180733e+00 -4.028882983093414971e+00
0.000000000000000000e+00 0.000000000000000000e+00 0.000000000000000000e+00 0.000000000000000000e+00
-5.204063516364847601e+04 -5.204141197189565719e+04 -5.204244929005475569e+04 -5.203980802017208043e+04
