1.616528952720158063e+00 -6.025054530381945739e+01 -6.116444745831170593e+01 -8.131440398617169329e-02
1.318085355678143111e+00 -6.634146334386882415e+01 1.840406892111680293e+00 -5.848995370985629605e-02
1.441716671328380661e+00 -6.722459855353611147e+01 1.687536911069677625e+00 -6.356010807861527112e-02
2.354337221851640349e-01 -6.771696391105535895e+01 1.855115544668551442e+00 -3.073327438641880113e-02
-9.196673589086864782e-05 -6.675346268576741693e+01 1.909841576803310348e+00 6.613227753742421076e-03
-8.634313786175973338e-02 -6.600815922617150022e+01 1.851209074119143150e+00 -6.612577394594283930e+01
1.988255944319924806e+00 5.530245509848975144e-02 -6.033019368088126555e+01 1.507528908889137043e+00
8.531995073207220281e-01 4.527323575147114421e-02 1.039636687243359059e-01 1.879602766923937907e+00
1.665308356231365083e+00 1.752756714028243790e-01 5.174224054888917901e-02 2.782976782170293872e-01
1.322119628382302688e-02 8.446494694184010221e-01 9.232814137902097817e-01 1.861417796393732615e+00
1.482532228851007605e-01 8.735125578451108375e-01 1.211141127290313591e-01 1.763646454191114099e+00
1.958553132453906553e-01 1.538932734565689797e+00 -6.064289999507559148e-02 -6.640996796685544723e+01
7.286249075494999339e-01 8.219828659230921097e-02 -5.749189477430658002e+01 1.852487549488605278e+00
7.687564307904409810e-01 1.721640188145849404e+00 1.382261472345747422e-01 1.037092799767251661e+00
1.368885800129779673e+00 3.655778157003322093e-01 4.640670975607770199e-01 4.782816239212380749e-01
2.384271896531459933e-01 1.686997912988346116e+00 5.564417815818584190e-01 9.639669875503846519e-02
5.878960708458914192e-02 1.221816354771597224e+00 1.686720177486782157e+00 -2.303161403347592576e-02
-4.056350239129843938e-02 9.372258964181485741e-01 1.754740823526405036e+00 -6.512755236270110970e+01
1.679747310292317275e+00 7.768232948571411889e-01 -5.943231671775128433e+01 7.374983431376407050e-02
8.854772699717773365e-01 5.589049779889960767e-01 1.490567012934084445e+00 1.370689727127070434e-01
8.534576125445222372e-01 2.513970445446177954e-02 1.993544925739672236e+00 6.200559085390097147e-01
2.653301302760892669e-02 7.851924659700961762e-01 4.972457881458111073e-01 1.682702933122212752e+00
1.027477248220790979e-01 1.193206562558136064e+00 3.586666491989307648e-01 1.862361086883787431e+00
7.406261545208819852e-02 2.143585624757381236e+00 -3.484743543018293394e-02 -6.392575467540967082e+01
1.844952356343581013e+00 2.012657806220816831e-02 -6.567007655292019308e+01 8.975413474029677596e-01
9.005518254759577179e-02 2.320299762405902411e-01 1.390971681074557043e-01 1.751678673227032412e+00
1.938018786308502328e+00 2.362278174903482408e-01 6.503803114883797976e-02 9.453468715632908914e-01
2.164715805209985744e-01 1.606866541816196037e+00 8.430691241309350159e-02 1.340119621700232022e-01
1.005851996942735277e-01 1.161654742377017602e+00 1.827981490241183948e+00 1.038180387855472224e-03
-2.676647758985912021e-02 9.008216424898169983e-01 2.051337468516300166e+00 -6.385807141196345071e+01
-6.457875317225678202e+01 -6.822753207872984949e-02 -6.451077250144139441e+01 1.834663964604148934e+00
-6.495823402868769847e+01 1.867213852704113997e+00 1.151148369844092779e-02 9.838689460424810962e-01
-6.485024752238186352e+01 4.318431167717370900e-02 6.037154764202266183e-02 1.805993223280526472e+00
-6.481746546071101989e+01 1.076462697594638529e+00 1.034901874730570492e-01 1.946198316160191233e+00
-6.357508639735691247e+01 8.477545349889321624e-01 -5.166733788659315374e-02 1.699314366835220635e+00
-6.362607228195785325e+01 1.869331362307848465e+00 -4.210840958823056784e-02 -6.429711193983806083e+01
