0.000000000000000000e+00 0.000000000000000000e+00 0.000000000000000000e+00 0.000000000000000000e+00
-1.238934277424688535e+00 -4.542242641840735118e+00 -4.556992628612678509e+00 -4.632018236911807030e+00
-8.832873144187816550e+00 -8.729102319198799975e+00 -2.370832402160135466e+00 -8.807457642362290784e+00
0.000000000000000000e+00 0.000000000000000000e+00 0.000000000000000000e+00 0.000000000000000000e+00
-2.679026699965730174e+01 -2.679648181978266663e+01 -2.678952042496056762e+01 -2.678669085715431919e+01
-2.803985008758753494e+01 -2.804643992621602067e+01 -2.802688913164634954e+01 -2.808251280052008525e+01
-2.894531263184918046e+01 -2.888542498101060474e+01 -2.890419259752170333e+01 -2.885405579876242754e+01
-2.901448465619101924e+01 -2.900721833044774911e+01 -2.905501227209759207e+01 -2.903841877300461150e+01
0.000000000000000000e+00 0.000000000000000000e+00 0.000000000000000000e+00 0.000000000000000000e+00
0.000000000000000000e+00 0.000000000000000000e+00 0.000000000000000000e+00 0.000000000000000000e+00
0.000000000000000000e+00 0.000000000000000000e+00 0.000000000000000000e+00 0.000000000000000000e+00
0.000000000000000000e+00 0.000000000000000000e+00 0.000000000000000000e+00 0.000000000000000000e+00
-1.267655655673974735e+01 -3.400834034764335545e+00 -1.251955605836374019e+01 -1.287002222503286042e+01
-2.041672284619982847e+01 -2.039628117684834052e+01 -2.008190253310013773e+01 -2.037936480860656019e+01
-2.546724422814121880e+01 -2.546898021897672493e+01 -2.538552415014585861e+01 -2.546959978244152722e+01
-2.837313037485223077e+01 -2.836908929950569203e+01 -2.847856959841422864e+01 -2.840181053996919402e+01
-2.942028211921520509e+01 -2.945105015080985567e+01 -2.937785315245683293e+01 -2.939510752103175761e+01
0.000000000000000000e+00 0.000000000000000000e+00 0.000000000000000000e+00 0.000000000000000000e+00
-3.546802645876332605e+01 -3.545886627865083796e+01 -3.527267055756672676e+01 -3.529955219070355810e+01
-3.538361471999720465e+01 -3.553704002923532101e+01 -3.558023603833922266e+01 -3.549567290858009727e+01
0.000000000000000000e+00 0.000000000000000000e+00 0.000000000000000000e+00 0.000000000000000000e+00
0.000000000000000000e+00 0.000000000000000000e+00 0.000000000000000000e+00 0.000000000000000000e+00
-1.971455221398886692e+01 -4.354628067664966906e+00 -1.960529271927136463e+01 -2.007310567005148982e+01
-2.187887569047525105e+01 -2.167728880000929337e+01 -2.071085654461401049e+01 -2.168173680311288720e+01
0.000000000000000000e+00 0.000000000000000000e+00 0.000000000000000000e+00 0.000000000000000000e+00
-3.030878742791632874e+01 -3.028007491635375104e+01 -3.028827800971666662e+01 -3.031997077640792071e+01
-3.069793712849811129e+01 -3.073179240227367615e+01 -3.065545250076928241e+01 -3.066245797749937552e+01
0.000000000000000000e+00 0.000000000000000000e+00 0.000000000000000000e+00 0.000000000000000000e+00
-3.515025826315520874e+01 -3.496527047556141810e+01 -3.500377121981728124e+01 -3.506491891130585969e+01
-3.530908781339083191e+01 -3.544378785914452124e+01 -3.524508250650188756e+01 -3.541766438502954628e+01
-2.600507158154293919e+01 -2.600084386247652191e+01 -2.599013295866619089e+01 -2.601024818832444296e+01
-2.584116181243537369e+01 -2.582001787059913411e+01 -2.581618123903954043e+01 -2.528766761548670061e+01
-2.436427125371579550e+01 -5.276978822384232437e+00 -2.461156381023623752e+01 -2.438559483991653920e+01
-2.525038850427846171e+01 -2.498729946819604208e+01 -2.567991483860764390e+01 -2.567895058955718213e+01
0.000000000000000000e+00 0.000000000000000000e+00 0.000000000000000000e+00 0.000000000000000000e+00
-3.180261545957702296e+01 -3.175871875263579369e+01 -3.196190257658858869e+01 -3.198525467500205011e+01
-3.186986179639452743e+01 -3.217602715913024980e+01 -3.188960756829628451e+01 -3.207088200172304226e+01
-3.405471310684509234e+01 -3.318245731950661082e+01 -3.333070447874101205e+01 -3.332037785654074469e+01
-3.422560938602659064e+01 -3.429799086244040751e+01 -3.434612951695608274e+01 -3.418331060897371998e+01
0.000000000000000000e+00 0.000000000000000000e+00 0.000000000000000000e+00 0.000000000000000000e+00
0.000000000000000000e+00 0.000000000000000000e+00 0.000000000000000000e+00 0.000000000000000000e+00
-2.669971120016951360e+01 -2.673654954461840916e+01 -2.672948737642634498e+01 -2.645713135079607170e+01
-2.655377948840543212e+01 -6.244060848672546626e+00 -2.698670175728138432e+01 -2.650016130121837676e+01
-2.932324676103260686e+01 -2.939010443921145566e+01 -7.345289340748919038e+00 -2.961851088179500024e+01
-3.135253354430784256e+01 -3.123056166332133898e+01 -8.676989601330703294e+00 -3.169928631542834907e+01
-3.299480990287406001e+01 -3.333616589157045240e+01 -1.029022315786149022e+01 -3.297602741663133230e+01
0.000000000000000000e+00 0.000000000000000000e+00 0.000000000000000000e+00 0.000000000000000000e+00
0.000000000000000000e+00 0.000000000000000000e+00 0.000000000000000000e+00 0.000000000000000000e+00
0.000000000000000000e+00 0.000000000000000000e+00 0.000000000000000000e+00 0.000000000000000000e+00
-4.237764665764448324e+01 -4.237761203651482589e+01 -4.298173637435125727e+01 -4.236255946554046403e+01
-2.761897745418515626e+01 -2.764935876689973071e+01 -2.763229733193769988e+01 -2.764776184118307967e+01
-2.725986058555367464e+01 -2.728850998321960475e+01 -2.727711961139231889e+01 -2.726355569456177363e+01
0.000000000000000000e+00 0.000000000000000000e+00 0.000000000000000000e+00 0.000000000000000000e+00
-3.322297479267361098e+01 -3.335465973823112762e+01 -3.318423715332745161e+01 -3.317564676647214839e+01
0.000000000000000000e+00 0.000000000000000000e+00 0.000000000000000000e+00 0.000000000000000000e+00
-3.597861420292304757e+01 -1.219980705542621813e+01 -3.555503407085834056e+01 -3.612546249936644926e+01
-3.887078894004485363e+01 -3.892497889067406902e+01 -1.434486266002593169e+01 -3.923921755563631564e+01
-4.050133344474308217e+01 -4.058561576981973928e+01 -4.001372265124623340e+01 -4.066627800924944580e+01
-4.163254690262825619e+01 -4.174542288731583994e+01 -4.162852282261915349e+01 -4.181336752798263490e+01
-4.226961520575107301e+01 -4.212904246328184144e+01 -4.213557083781568480e+01 -4.223731565527670995e+01
-2.785765332297563646e+01 -2.786975610494729594e+01 -2.785167387843527109e+01 -2.786619758479600151e+01
0.000000000000000000e+00 0.000000000000000000e+00 0.000000000000000000e+00 0.000000000000000000e+00
-3.801366088541244892e+01 -3.796275326223555169e+01 -3.797794697823809429e+01 -3.806590692480361326e+01
-3.668344767113886462e+01 -3.678139575664401661e+01 -3.673623163807988590e+01 -3.668563364536502291e+01
0.000000000000000000e+00 0.000000000000000000e+00 0.000000000000000000e+00 0.000000000000000000e+00
0.000000000000000000e+00 0.000000000000000000e+00 0.000000000000000000e+00 0.000000000000000000e+00
-4.002267563722135435e+01 -1.665329061989869786e+01 -3.989880430588551263e+01 -4.056599302938520424e+01
0.000000000000000000e+00 0.000000000000000000e+00 0.000000000000000000e+00 0.000000000000000000e+00
-4.221085829556184166e+01 -4.205170019965741091e+01 -4.205823593006165595e+01 -4.206117295268369105e+01
-4.233327195888773531e+01 -4.219206622803928042e+01 -4.234125681272652741e+01 -4.218336472587967734e+01
0.000000000000000000e+00 0.000000000000000000e+00 0.000000000000000000e+00 0.000000000000000000e+00
-3.963974952839512156e+01 -3.961177789032679186e+01 -3.958527768758966658e+01 -3.960240600082837403e+01
-3.906110502971231568e+01 -3.914453709441017537e+01 -3.908676390941683820e+01 -3.909104938963053399e+01
-3.871137070882981135e+01 -3.844522661681232734e+01 -3.876942602000677596e+01 -3.850849110380678297e+01
-4.000942251171917974e+01 -4.000662104221419924e+01 -4.001846901793641820e+01 -4.002711324425543893e+01
-4.059043995417550832e+01 -4.059251002447572887e+01 -4.072922735162540420e+01 -4.063366696105430975e+01
-4.105710589177379433e+01 -4.059340201230145340e+01 -4.085887055090833542e+01 -4.075956454088953507e+01
-4.178046211242745755e+01 -4.159590968119341881e+01 -4.179245950580548907e+01 -4.161102874271187346e+01
-4.230256363957930432e+01 -4.212763204482698143e+01 -4.235335118913773300e+01 -4.212434645387124021e+01
0.000000000000000000e+00 0.000000000000000000e+00 0.000000000000000000e+00 0.000000000000000000e+00
-4.023708398476694725e+01 -4.000338215549732723e+01 -4.027215456355922640e+01 -4.027861215277984286e+01
-3.993449942447529821e+01 -3.995605296889918634e+01 -4.005735498671330674e+01 -3.997739568059027704e+01
-3.988559581407625387e+01 -3.978432564003426819e+01 -3.977709312096433081e+01 -3.986224250368280053e+01
0.000000000000000000e+00 0.000000000000000000e+00 0.000000000000000000e+00 0.000000000000000000e+00
-4.053418768100875269e+01 -4.061649269907428561e+01 -4.062003456257962597e+01 -4.054731274994556856e+01
-4.075209465472181591e+01 -4.091329136708843350e+01 -4.076339933254360659e+01 -4.077018954109354354e+01
-4.108434599674829713e+01 -4.101726830411924851e+01 -4.115813906260654420e+01 -4.111336066089437935e+01
0.000000000000000000e+00 0.000000000000000000e+00 0.000000000000000000e+00 0.000000000000000000e+00
-4.280087799669123427e+01 -4.293392840369000396e+01 -4.280839790190745475e+01 -4.289750868034506937e+01
-4.332809218069692747e+01 -4.328368987709868065e+01 -4.334280039178007371e+01 -4.330001618653491136e+01
0.000000000000000000e+00 0.000000000000000000e+00 0.000000000000000000e+00 0.000000000000000000e+00
-4.014094181933505467e+01 -4.014470969318835358e+01 -4.018677356185022376e+01 -4.019590478499682007e+01
-4.029651598449749628e+01 -4.022278060429183455e+01 -4.018764747613019495e+01 -4.033176164208749270e+01
-4.055000832560745039e+01 -4.048707979198948692e+01 -4.049389579367144876e+01 -4.061026009558229077e+01
-4.073695004732339697e+01 -4.075131577496124180e+01 -4.058157386820791146e+01 -4.069936034772505451e+01
0.000000000000000000e+00 0.000000000000000000e+00 0.000000000000000000e+00 0.000000000000000000e+00
-4.124967014943639754e+01 -4.132289953298449348e+01 -4.054479505785690918e+01 -4.130227618193300287e+01
0.000000000000000000e+00 0.000000000000000000e+00 0.000000000000000000e+00 0.000000000000000000e+00
0.000000000000000000e+00 0.000000000000000000e+00 0.000000000000000000e+00 0.000000000000000000e+00
-4.354704130374031479e+01 -4.357175597362959252e+01 -4.357172823215534407e+01 -4.350318114852027662e+01
