0.000000000000000000e+00 0.000000000000000000e+00 0.000000000000000000e+00 0.000000000000000000e+00
-1.594558900000010482e+01 -1.563573269058659854e+01 -1.568563279053660864e+01 -1.636543601844011420e+01
-1.788337390465425614e+01 -2.615080901774214439e+01 -2.714078152755018891e+01 -2.653990078156887478e+01
0.000000000000000000e+00 0.000000000000000000e+00 0.000000000000000000e+00 0.000000000000000000e+00
-6.940029431523319658e+01 -6.986065938245674545e+01 -6.974875528375444844e+01 -7.155054784941657431e+01
-7.453791542401879155e+01 -7.381420639309975229e+01 -7.321024431333287907e+01 -7.370546997941947609e+01
-7.610694310357712311e+01 -7.523943418190681598e+01 -7.463637327876034533e+01 -7.537928441806170099e+01
-7.634708800825437436e+01 -7.399879212749445401e+01 -7.649834364774089579e+01 -7.538518408740860366e+01
0.000000000000000000e+00 0.000000000000000000e+00 0.000000000000000000e+00 0.000000000000000000e+00
0.000000000000000000e+00 0.000000000000000000e+00 0.000000000000000000e+00 0.000000000000000000e+00
0.000000000000000000e+00 0.000000000000000000e+00 0.000000000000000000e+00 0.000000000000000000e+00
0.000000000000000000e+00 0.000000000000000000e+00 0.000000000000000000e+00 0.000000000000000000e+00
-3.542779902437737860e+01 -3.132424275267163338e+01 -1.039527397166786660e+00 -2.188010440039738569e+01
-3.984639155265658417e+01 -3.936558766784306584e+01 -1.958024862451255288e+00 -5.552163538788119013e+01
-6.695528843357504911e+01 -6.671473617026289560e+01 -4.688464384347641101e+01 -6.643792512982776088e+01
-7.306497284083866361e+01 -7.429727087085869641e+01 -7.510965667828874359e+01 -7.241312753869426899e+01
-7.614632671611606440e+01 -7.496676311755271627e+01 -7.690915254259543588e+01 -7.494419174997864275e+01
0.000000000000000000e+00 0.000000000000000000e+00 0.000000000000000000e+00 0.000000000000000000e+00
-8.942509789316162028e+01 -8.750746783214931668e+01 -8.796440806631304099e+01 -8.907400499712201736e+01
-8.900028783486260409e+01 -8.921262217648860826e+01 -8.979299911242192422e+01 -8.952798422957901892e+01
0.000000000000000000e+00 0.000000000000000000e+00 0.000000000000000000e+00 0.000000000000000000e+00
0.000000000000000000e+00 0.000000000000000000e+00 0.000000000000000000e+00 0.000000000000000000e+00
-5.159551356670643685e+01 -2.287490647048685233e+01 -5.114539003517982962e+01 -5.272128570600155228e+01
-4.739744555131960624e+01 -2.756299653574840303e+00 -5.270123992759074127e+01 -4.229547427663256798e+01
0.000000000000000000e+00 0.000000000000000000e+00 0.000000000000000000e+00 0.000000000000000000e+00
-7.866252815140913413e+01 -7.645154629075280184e+01 -7.662245565808557046e+01 -7.798189577809560546e+01
-7.929368781322754955e+01 -8.031997794259496004e+01 -7.918825112302697278e+01 -7.823979928754428670e+01
0.000000000000000000e+00 0.000000000000000000e+00 0.000000000000000000e+00 0.000000000000000000e+00
-8.803456040906918645e+01 -8.785259915390099650e+01 -8.783199961240080711e+01 -8.728980744254633350e+01
-8.862347618802256477e+01 -8.891475228344076243e+01 -8.864620732053896290e+01 -8.820001056651125282e+01
-6.358962253464650161e+01 -6.379077724168140406e+01 -6.372573791129303800e+01 -6.376375105761140816e+01
-6.311729729263014832e+01 -6.311939278882680071e+01 -6.295624960452671104e+01 -6.261629532583528146e+01
-6.158587051842976479e+01 -5.660951818432369009e+01 -6.084227231857347107e+01 -6.097512625443172851e+01
-4.738546598009629918e+01 -3.429465224589418604e+00 -6.356372902276864068e+01 -4.277293173342025057e+01
0.000000000000000000e+00 0.000000000000000000e+00 0.000000000000000000e+00 0.000000000000000000e+00
-5.903565089051645032e+01 -7.994068297517067379e+01 -8.200270602428322775e+01 -8.364592861665258283e+01
-8.112661583180421587e+01 -8.306880776586808679e+01 -8.179661459053711781e+01 -8.164864268593692032e+01
-8.433521251504816973e+01 -8.350871212054482839e+01 -8.521151771272171516e+01 -8.491852828700447731e+01
-8.656680335394342762e+01 -8.538558428621472274e+01 -8.738230668508842314e+01 -8.575566409938856793e+01
0.000000000000000000e+00 0.000000000000000000e+00 0.000000000000000000e+00 0.000000000000000000e+00
0.000000000000000000e+00 0.000000000000000000e+00 0.000000000000000000e+00 0.000000000000000000e+00
-6.509578202069383224e+01 -6.433461447998635663e+01 -6.598157821308464577e+01 -6.708253323186150396e+01
-6.694048299694327397e+01 -6.657128629787823115e+01 -6.611960310211311764e+01 -6.888406366167072292e+01
-7.449596536311493367e+01 -3.988266860628539412e+00 -7.082964934287740277e+01 -5.956824310888789853e+01
-6.392962557453363814e+01 -6.398708337525511780e+01 -4.443462655181809495e+00 -6.426788900993965115e+01
-4.854908197125955382e+01 -7.980061976904868004e+01 -4.798444437964248799e+00 -6.241039268419122266e+01
0.000000000000000000e+00 0.000000000000000000e+00 0.000000000000000000e+00 0.000000000000000000e+00
0.000000000000000000e+00 0.000000000000000000e+00 0.000000000000000000e+00 0.000000000000000000e+00
0.000000000000000000e+00 0.000000000000000000e+00 0.000000000000000000e+00 0.000000000000000000e+00
-1.065997242242613510e+02 -1.061050113870882683e+02 -1.060768583122961530e+02 -1.062775184095007290e+02
-6.698200695210975653e+01 -6.862424910499774455e+01 -6.874359130005568375e+01 -6.879809432691348547e+01
-6.557758240733586774e+01 -6.780819091622291239e+01 -6.715146431380100012e+01 -6.576803372389535696e+01
0.000000000000000000e+00 0.000000000000000000e+00 0.000000000000000000e+00 0.000000000000000000e+00
-8.685222202358713162e+01 -6.260417190050140590e+01 -8.513908432178872943e+01 -8.112601019354411847e+01
0.000000000000000000e+00 0.000000000000000000e+00 0.000000000000000000e+00 0.000000000000000000e+00
-6.897171991807350366e+01 -5.036651911932623626e+00 -6.844273684539501801e+01 -7.584337606944258425e+01
-8.711370105461028857e+01 -7.358768301298684378e+01 -5.183742724288583403e+00 -9.283311760257990386e+01
-1.029506835888184497e+02 -1.027945143776053527e+02 -6.301463751014554049e+01 -1.028238471248100154e+02
-1.049744257186889200e+02 -1.048965716049804797e+02 -1.041529199792347811e+02 -1.048862807553019820e+02
-1.055983497625378362e+02 -1.058775297761363277e+02 -1.059221771596816808e+02 -1.051596472288181872e+02
-6.838556471488192301e+01 -6.855249205864583928e+01 -6.795089752658881821e+01 -6.807023972164672898e+01
0.000000000000000000e+00 0.000000000000000000e+00 0.000000000000000000e+00 0.000000000000000000e+00
-9.384590148612062421e+01 -9.424914148622870869e+01 -9.359726254954665592e+01 -9.408688665738149837e+01
-9.258598418469718183e+01 -8.880329830853878548e+01 -9.051770653149725376e+01 -9.065276869272358340e+01
0.000000000000000000e+00 0.000000000000000000e+00 0.000000000000000000e+00 0.000000000000000000e+00
0.000000000000000000e+00 0.000000000000000000e+00 0.000000000000000000e+00 0.000000000000000000e+00
-9.266044107693572585e+01 -5.229807889226655071e+00 -5.949049859947954388e+01 -7.707859826324835240e+01
0.000000000000000000e+00 0.000000000000000000e+00 0.000000000000000000e+00 0.000000000000000000e+00
-1.052053733916911824e+02 -1.050894213643437212e+02 -1.051625869594426774e+02 -1.054397019324564013e+02
-1.060273574164910144e+02 -1.061088377838957229e+02 -1.054666232979816698e+02 -1.058697526941534051e+02
0.000000000000000000e+00 0.000000000000000000e+00 0.000000000000000000e+00 0.000000000000000000e+00
-9.781103549152753374e+01 -9.709289072109086760e+01 -9.689328213615110030e+01 -9.680750042364805097e+01
-9.776696443013703686e+01 -9.587291916047611551e+01 -9.512809849646323812e+01 -9.536870342375269161e+01
-9.438855847572159519e+01 -9.412758561852855621e+01 -9.413048080149465591e+01 -9.577303043747141942e+01
-9.821380737600958355e+01 -1.008136651538581674e+02 -9.665339422888024501e+01 -1.014340792853657831e+02
-1.020075766048538242e+02 -1.015737628172809650e+02 -1.000240776538034169e+02 -1.029009213555751359e+02
-1.020016812647154723e+02 -6.201089774674695576e+01 -1.018047108053977325e+02 -1.036411840548876455e+02
-1.048547102960528150e+02 -1.046128930452770476e+02 -1.040025280244742873e+02 -1.052746081351284033e+02
-1.060711774543303960e+02 -1.056418272022169447e+02 -1.059630454056088240e+02 -1.055963254777431359e+02
0.000000000000000000e+00 0.000000000000000000e+00 0.000000000000000000e+00 0.000000000000000000e+00
-9.877965794291658597e+01 -9.869460510424988797e+01 -9.897112417955423780e+01 -9.897260385261050430e+01
-9.851083371362271635e+01 -9.822351551227355060e+01 -9.833390100264583111e+01 -9.968946019519037804e+01
-9.872038765289279638e+01 -9.934093328245950261e+01 -9.906297580029783489e+01 -9.913496484406383047e+01
0.000000000000000000e+00 0.000000000000000000e+00 0.000000000000000000e+00 0.000000000000000000e+00
-1.012439376620267097e+02 -1.011895554488567655e+02 -1.006624211444065935e+02 -1.007150090330915475e+02
-1.008874031814313241e+02 -1.012964257008768811e+02 -1.013464781726235344e+02 -1.023215222003550338e+02
-1.017099908214963619e+02 -1.024177595169905572e+02 -1.023650127078483791e+02 -1.024305369674385418e+02
0.000000000000000000e+00 0.000000000000000000e+00 0.000000000000000000e+00 0.000000000000000000e+00
-1.077278098950107932e+02 -1.076547546174462298e+02 -1.073318924745359624e+02 -1.076186539027612810e+02
-1.084318313799870452e+02 -1.084155365605899277e+02 -1.088008416901522537e+02 -1.082164200771931064e+02
0.000000000000000000e+00 0.000000000000000000e+00 0.000000000000000000e+00 0.000000000000000000e+00
-9.964008511716230032e+01 -9.998348755766703277e+01 -9.955229301025465816e+01 -9.955702442596449941e+01
-1.008386247092147840e+02 -1.008013337727532530e+02 -1.000229674332914698e+02 -9.995945360617035647e+01
-1.016277762306715289e+02 -1.008240964031652993e+02 -1.016494108110922525e+02 -1.016156727602018748e+02
-1.027536197167694780e+02 -1.019972673587839154e+02 -1.027167923314273423e+02 -1.019069424914932540e+02
0.000000000000000000e+00 0.000000000000000000e+00 0.000000000000000000e+00 0.000000000000000000e+00
-1.021939985579805068e+02 -1.022432425170295573e+02 -1.022906763880240959e+02 -1.022647966175488108e+02
0.000000000000000000e+00 0.000000000000000000e+00 0.000000000000000000e+00 0.000000000000000000e+00
0.000000000000000000e+00 0.000000000000000000e+00 0.000000000000000000e+00 0.000000000000000000e+00
-1.087834269869558881e+02 -1.091381988418702065e+02 -1.086635783484293967e+02 -1.091023623913154523e+02
