1.608602651782479409e+00 -8.960872609596610971e-02 -8.878743095715423139e-02 -5.824424981772319265e-02
1.147198515914997108e+00 -8.745923611565535605e-02 1.828484476974643114e+00 -3.437104379918904523e-02
-2.119093777134880771e-02 -8.783328072508224393e-02 1.727206167419523375e+00 1.700108290497459873e-01
1.772891034987908787e+00 -8.724107691586904800e-02 1.255963039001398052e+00 -2.937758157602543899e-02
-2.052994558296305366e-02 -8.642741688696797819e-02 1.911717576072210489e+00 -8.553746031964615248e-02
1.348195728681186978e+00 -3.809267082389437148e-02 -8.867556445550323074e-02 1.777868603268135672e+00
1.625562152652747061e+00 5.884892002213116396e-02 -1.069307528945761046e-02 1.836481704307736662e-01
4.072469204101290818e-02 1.821843017925762753e+00 1.228734525479075135e+00 1.059520550777743320e-01
1.857294700100602158e+00 -1.842495017109100838e-02 1.339110557348907049e+00 5.974093752802415308e-02
-2.692538039811505704e-02 1.733478450770473245e+00 1.195357027717234955e+00 -8.770370935350267627e-02
1.873350848092897758e+00 1.154750486674377546e-01 -8.897859399528799951e-02 2.326056841348589713e-03
9.814336461412597190e-01 2.450374091344588098e-02 1.671794926529044156e+00 3.812725350862403162e-01
4.025276284427196094e-01 1.839976349942159306e+00 1.057081365916640481e+00 -2.830528860337746394e-02
3.103535100655782086e-01 8.495863548277106381e-02 1.673647710053730808e+00 1.226143669903112382e-01
-3.848759299995595934e-02 1.949038473878784705e+00 1.119848677172419871e+00 -8.744983371956784046e-02
1.548382146889351052e+00 -4.074573434899710772e-02 -8.887005798507527365e-02 1.134067790848023005e+00
3.410329765056183127e-02 7.054488089983962373e-01 4.577551565934966926e-01 1.767519257777015351e+00
2.681682954266365604e-01 8.826358266391973739e-01 4.204868325839792448e-02 1.955725724044300007e+00
3.159685999149890456e-01 1.183947977453616573e+00 4.178097872706994231e-02 1.878397781846798731e+00
6.309658503601621726e-01 1.747155888375006016e+00 8.761414888345837870e-02 -8.635045804285462756e-02
1.976288152725811376e+00 -1.725663274814300983e-03 -9.060752658989153219e-02 1.133801468934619638e+00
4.277108115918666353e-01 2.057129816495408825e+00 5.095934025632059550e-01 2.395947989816353541e-02
2.255499572529880148e-01 9.714374313513309822e-01 1.927941897708121743e+00 1.134671520040601705e-01
6.741322091912822778e-02 1.093601872347709891e+00 1.716088477579813087e+00 2.529096845173833819e-01
1.508387707970900229e-02 1.262610092304055298e+00 1.890868780212740408e+00 -7.965727284197884894e-02
-8.817901164483546439e-02 -3.905407968157151299e-02 -8.871810023275418511e-02 1.874163304030078692e+00
-8.765522228570891972e-02 1.175337101744060142e+00 4.216310526179109855e-03 1.842689789636395181e+00
-8.473453582672517415e-02 1.237935913513284136e+00 -8.278061759670784364e-03 2.063198550985059221e+00
-8.607426475716853376e-02 1.480017778070140899e+00 1.174571240081393906e-03 1.941442680578163049e+00
-8.050857412088022191e-02 2.027138525320177909e+00 -7.746221377568626720e-03 -7.992945497700107427e-02
