-5.985597010260330225e-02 -5.521553264557076091e+01 -5.621085879415446840e+01 1.748575062685910675e+00
1.521295438060176641e+00 -6.054841690617097782e+01 -2.902833655394615811e-02 6.939744002704629766e-01
-5.719015646180389614e-03 -5.967651377007491220e+01 1.565011443138892011e-01 1.881308944005007255e+00
9.362925540587686835e-02 -6.024106882584816702e+01 -7.026935815924774398e-02 1.700501679170286051e+00
1.043473104515968641e+00 -5.967661369085115552e+01 -5.715213547593378518e-02 2.238134584813676664e+00
1.693129464276973195e+00 -5.978784539832418687e+01 -5.842114339451848909e-02 -5.903616001701588800e+01
-9.860274951999250734e-03 1.783724385148184544e+00 -5.719235265517887257e+01 1.025578709371766761e+00
1.765456913094682667e+00 1.386124001301573989e-02 2.963576080873658522e-02 1.103756246843881295e+00
-5.472495092913276515e-02 1.868663271432707607e+00 8.761094113092444957e-02 -1.296877380767452390e-02
-4.570455490816311556e-02 1.197036856872321975e+00 1.658367928304460337e+00 8.924161068355738191e-01
1.625555829497973725e+00 4.893190796122825342e-02 3.532130894364539642e-01 2.458104912395875450e-03
1.250593390684232142e+00 -1.654485486229580540e-02 1.857636596293651632e+00 -5.938425568391097187e+01
-1.856801736014371262e-02 2.192423511955890802e+00 -5.512657628105358043e+01 1.093130812804823160e+00
2.584504108081002172e-01 8.277715351971720592e-02 2.148417053607643845e-01 1.550677320651536295e+00
3.325570447439260002e-01 9.182899901009812238e-01 8.661764670172388686e-03 1.914867572444863164e+00
4.720761233825840342e-01 1.850781216621630643e+00 -3.590503800002105284e-02 1.055053613953253810e+00
1.428942714853214113e+00 2.908831605401562131e-02 2.418095752374338214e-01 1.954620754506396274e+00
1.879428125392621940e+00 6.012341436715745724e-02 -4.512145440937718327e-02 -5.802910104336075392e+01
1.285925997196389892e-01 1.463525466930745589e+00 -5.628225541627148942e+01 7.165683410661959248e-03
1.610420290955592859e-01 1.040790759241009278e+00 1.866747993806238348e+00 1.942155352116759978e-02
8.190637310730272680e-02 7.961227373490630255e-01 1.942566031488170752e+00 5.153515252549247666e-02
-2.958376031957563393e-02 6.683339928312524991e-01 1.978974753736702175e+00 7.692498036097232816e-01
1.920132822566916309e+00 1.497665924414513794e-02 6.595098001702962565e-01 8.350362704179552231e-02
1.533883092900419909e+00 -5.700025510603599910e-02 2.003907885330481697e+00 -5.884862232138124227e+01
-1.527147517501481651e-02 1.158765701379217861e+00 -5.853696356623398600e+01 1.996473484198466375e+00
-1.328813199112902250e-02 1.139309111988429990e+00 8.049885404137455125e-02 1.864944682591619607e+00
1.189186584121684209e-01 1.299649656237042095e+00 -6.071561677100044407e-02 1.657855560182532439e+00
1.636935376314655466e-01 1.698648433890959986e+00 -1.223234888408765431e-02 3.753210698279610402e-01
9.192034100446823119e-01 2.846774558290057211e-01 9.249566057565360433e-01 1.738447233197927044e+00
1.845036639624344943e+00 1.168873543900150330e-01 4.571840118050834456e-01 -4.951116472812166336e+01
-5.913385210765767397e+01 1.648038555963023954e+00 -5.887846003695754860e+01 -5.898807024989920211e-02
-5.980629084766916748e+01 1.197925870634753531e+00 1.814395783501484116e+00 9.674049833346844542e-04
-5.918237566705044372e+01 1.220910650054576996e+00 1.801189041403333135e+00 -6.274373404033632695e-02
-5.967652118767655622e+01 1.042138957045241510e+00 1.932094432578119303e+00 -3.460248083027187005e-02
-5.987069031005820108e+01 9.248643440762091550e-02 1.606139567562442805e+00 4.038232063602925637e-01
-4.039253168519905302e+01 4.678776059617537758e-02 1.686258915609113895e+00 -4.070027103660650880e+01
