-2.812525574785730842e-01 -2.936176365048948078e-01 -3.205510896217960148e-01 -2.840061163747486517e-01
-2.835656849680145419e-01 -3.314342926087153751e-01 -2.886607911246223401e-01 -3.204971022228383370e-01
-3.238380702037484404e-01 -2.851392242157659851e-01 -2.879536315537950530e-01 -2.852035795926350370e-01
-3.271109368089911151e-01 -3.250723561034800646e-01 -2.880179636556249867e-01 -3.273000981604599624e-01
-3.314299685923947081e-01 -3.314493937093516140e-01 -2.421515343492885719e-01 -3.277445704980024854e-01
-2.826565362471264442e-01 -2.820382484776304266e-01 -2.831407374422229006e-01 -2.846363413044450952e-01
-2.866997303705922651e-01 -2.852486501773589533e-01 -2.847042027857509816e-01 1.471377964809168226e+01
-2.773207345403605473e-01 -2.799281269678288164e-01 -2.960652695709883320e-01 -2.946767045569249621e-01
-2.647968015983454548e-01 -3.258632318320198729e-01 -2.677148846042374797e-01 -3.293646636955356310e-01
-3.306831860846808357e-01 -3.293241505705613026e-01 -3.315290049502772618e-01 -3.295907212554771704e-01
-2.867061226725758361e-01 -3.299761053892685259e-01 -2.869333145996952883e-01 -2.837295427303803685e-01
-3.302428697946289682e-01 -2.874571774033303773e-01 -2.988176276017054378e-01 -3.301286607722075939e-01
-3.298009321238591918e-01 -3.298205623021723820e-01 -2.772830881448880014e-01 -2.769552988235690627e-01
-2.756500344273513092e-01 -2.721067358014079840e-01 -2.743255012331808906e-01 1.472681200957816827e+01
-2.638945239734852843e-01 -3.313516183311861485e-01 -2.611205930921042251e-01 -2.731309281080037121e-01
-3.300857252336128478e-01 -2.868932095959389472e-01 -3.300564503544048400e-01 -3.185714834122211347e-01
-3.299795224113251657e-01 -3.299187053680746606e-01 -3.300201425561012925e-01 -2.534326254965427183e-01
-3.294849417175850781e-01 -3.295982750186597365e-01 -3.295950448062969773e-01 -2.872769894066162788e-01
-3.294109387565975489e-01 -2.831599311242533057e-01 -2.845191492889230789e-01 -3.184096924607581203e-01
-3.315416095190422130e-01 -3.293934095719792676e-01 -2.704704381800993040e-01 -3.293457108206061523e-01
-3.313513924959410328e-01 -2.741957351695767930e-01 -3.312633708314431935e-01 -3.313560460283308529e-01
-3.299086549257390644e-01 -3.215772333347488021e-01 -3.312315335051264631e-01 -3.299503816944343582e-01
-3.304492002868012479e-01 -3.311274950795649041e-01 -3.302449828515945929e-01 -3.305256902933920715e-01
-3.313616983892402335e-01 -3.290994591694406113e-01 -3.306368035643867387e-01 1.468208774196660649e+01
-3.291214190620906921e-01 -1.016181983904446973e-01 -3.309057177183766241e-01 -3.290718895172634051e-01
