-1.124373885424848930e-02 -1.127337615159736996e-02 -1.116034103498042551e-02 1.089643980523853362e+00
-7.645476516076710888e-03 -8.289964104913408183e-03 -8.176207771805967667e-03 3.329742143187760739e+00
2.906440732787758829e+00 4.737850666499190955e-02 5.735385067356070510e-02 5.159430155692994527e-03
1.059636832380801870e-02 2.654228538171260823e-03 2.587774568210206905e+00 3.096008287821369956e-02
2.288967082595717351e+00 -1.314361504310749239e-02 -1.331370865102769578e-02 -1.368613483904038836e-02
8.534770744820742439e-02 -7.580326689673726193e-03 1.284422868038416835e-02 1.441642338997391581e+00
4.286314357062566416e-02 1.144371300506924760e-01 9.236107988418536252e-02 9.031656561039800302e-01
3.006964303742894806e+00 7.410321705002599346e-01 5.397360379026078236e-01 5.564708165711058641e-01
2.672225789140358909e-01 1.424854891840907190e+00 8.562224774371627323e-01 5.818185272277078823e-01
4.325108003297375436e-01 4.387183070153397035e-01 1.119956526160828414e+00 3.605056480489383930e-02
2.753405054858033552e+00 1.472617255786701884e+00 1.892155506917165830e-01 2.940751319868627478e-01
5.561188927182271202e-01 1.605514009600301495e-01 2.009154671488181165e+00 2.136005321273085344e-01
2.217411886787170883e-01 2.874132886221423266e-01 2.132180446073693059e+00 2.152982621967448607e-01
1.703573085696652722e-01 8.752147343388324563e-01 2.102545002953697117e-01 1.718021178729047582e+00
8.549122692887864416e-03 1.237144278374463280e+00 1.568924448242766984e-04 2.392693229195551677e-02
1.517761981685069594e+00 1.742332325090772960e-01 2.114461740539370360e-01 1.948270549008177088e+00
7.649284706092386310e-01 2.573495979674217393e-01 1.092511325452871079e-01 2.670080199674759402e+00
7.228188717345734871e-01 2.557881679898409422e-01 1.642659512071674155e-01 2.418402707454636147e+00
7.770053240519558813e-01 1.675911369396673178e+00 1.913847400899056639e-01 8.076206312511616803e-01
-5.595904097453233486e-03 -5.672347177716419164e-03 9.406271998928462663e-01 -5.876043087247432434e-03
-1.390936300099900221e-02 -1.345994848712969705e-02 -1.380559618853278644e-02 7.666037168730516216e-01
6.220407308097806662e-03 1.506657207481052252e+00 -3.381324482615354586e-03 -6.862850086783381029e-03
-7.308899480552841221e-03 4.685653129349385271e-01 -7.991433175205347669e-03 -8.695778019989459234e-03
-6.817158076141104084e-03 9.405613540355373114e-01 -5.654435735655632088e-03 -6.206258536722297769e-03
-8.820421809858066189e-03 9.066122728650068963e-01 -8.920889060234011778e-03 -8.964083874125916909e-03
