1.720000000000000284e+01
1.369999999999999929e+01
7.733333333333324511e+00
5.824999999999979750e+00
1.001999999999998359e+01
1.106666666666665400e+01
9.699999999999977973e+00
6.512499999999961986e+00
9.077777777777743751e+00
5.569999999999967422e+00
1.609090909090864052e+00
2.016666666666624419e+00
3.230769230768828493e-01
2.378571428571390811e+00
4.199999999999964650e+00
5.393749999999966960e+00
3.194117647058787757e+00
9.055555555555128144e-01
1.647368421052592957e+00
2.954999999999963212e+00
1.290476190476151919e+00
2.413636363636326720e+00
3.582608695652138131e+00
4.387499999999966427e+00
5.079999999999967208e+00
5.946153846153815259e+00
6.811111111111080696e+00
7.610714285714256455e+00
8.303448275862040262e+00
8.626666666666638505e+00
8.958064516129006449e+00
9.571874999999975486e+00
1.010303030303028038e+01
1.061176470588232945e+01
1.111999999999997613e+01
1.148333333333331119e+01
1.188108108108105831e+01
1.188421052631576735e+01
1.045128205128202481e+01
9.539999999999974278e+00
9.999999999999975131e+00
1.047380952380949815e+01
1.089999999999997549e+01
1.106363636363634129e+01
1.129111111111108912e+01
1.155869565217389194e+01
1.192765957446806446e+01
1.209166666666664547e+01
1.245102040816324518e+01
1.180199999999998006e+01
1.210588235294115655e+01
1.243846153846151736e+01
1.148679245283016392e+01
1.057037037037034466e+01
1.001454545454542888e+01
1.036071428571426090e+01
1.069298245614032439e+01
9.853448275862042749e+00
1.008305084745760105e+01
9.581666666666642129e+00
9.896721311475385363e+00
1.006290322580642815e+01
1.029365079365076951e+01
1.056874999999997655e+01
1.049076923076920842e+01
1.076515151515149249e+01
1.003731343283579669e+01
9.507352941176446137e+00
8.905797101449248743e+00
9.189999999999972857e+00
9.283098591549270751e+00
9.554166666666642271e+00
8.984931506849289207e+00
9.263513513513489173e+00
8.473333333333307849e+00
8.019736842105237073e+00
8.294805194805169535e+00
7.701282051282023922e+00
7.350632911392378510e+00
7.623749999999970939e+00
7.809876543209848698e+00
7.470731707317045611e+00
7.683132530120454717e+00
7.940476190476163154e+00
8.169411764705856172e+00
8.296511627906950181e+00
8.509195402298823652e+00
8.571590909090884836e+00
8.716853932584244902e+00
8.331111111111084711e+00
8.545054945054918250e+00
8.169565217391276946e+00
8.388172043010726497e+00
8.605319148936143137e+00
8.823157894736814555e+00
9.015624999999973355e+00
9.223711340206159903e+00
9.433673469387729327e+00
9.566666666666641561e+00
9.754999999999974136e+00
9.754999999999974136e+00
9.863999999999974122e+00
9.985999999999975785e+00
1.031199999999997630e+01
1.060399999999997611e+01
1.061599999999997657e+01
1.072299999999997766e+01
1.092599999999997706e+01
1.138199999999998013e+01
1.125799999999997603e+01
1.125799999999997958e+01
1.193099999999997785e+01
1.212799999999998057e+01
1.251099999999998147e+01
1.201999999999998003e+01
1.201299999999997858e+01
1.207799999999997986e+01
1.268299999999998207e+01
1.335699999999998155e+01
1.350299999999998057e+01
1.339899999999998315e+01
1.333899999999998265e+01
1.336299999999998356e+01
1.336699999999998667e+01
1.337499999999998579e+01
1.344999999999998330e+01
1.341099999999998538e+01
1.285799999999998278e+01
1.285999999999998167e+01
1.232299999999998441e+01
1.188299999999998313e+01
1.137399999999998101e+01
1.058799999999997610e+01
9.996999999999975017e+00
9.282999999999974605e+00
8.738999999999974122e+00
8.056999999999973738e+00
8.035999999999974719e+00
7.595999999999974328e+00
8.332999999999975316e+00
8.332999999999975316e+00
8.331999999999972317e+00
7.772999999999973042e+00
7.781999999999973383e+00
7.899999999999972822e+00
7.731999999999973561e+00
7.781999999999973383e+00
7.292999999999972616e+00
7.386999999999972921e+00
7.366999999999974236e+00
7.799999999999972289e+00
7.266999999999972815e+00
7.201999999999972424e+00
7.849999999999973888e+00
8.514999999999975699e+00
8.334999999999972431e+00
8.324999999999972644e+00
7.711999999999971322e+00
7.891999999999971926e+00
7.397999999999971266e+00
7.864999999999971791e+00
7.862999999999972012e+00
7.907999999999971941e+00
7.952999999999971870e+00
7.947999999999971088e+00
8.186999999999972744e+00
8.152999999999970271e+00
8.828999999999973980e+00
9.372999999999972687e+00
9.372999999999972687e+00
8.884999999999973141e+00
9.014999999999972147e+00
8.466999999999973880e+00
9.074999999999974420e+00
8.954999999999975202e+00
9.731999999999976225e+00
1.028099999999997571e+01
9.608999999999975117e+00
1.026499999999997748e+01
1.053299999999997638e+01
1.052199999999997537e+01
9.974999999999974776e+00
1.043199999999997551e+01
1.047299999999997766e+01
9.799999999999975842e+00
9.817999999999976524e+00
9.904999999999974492e+00
9.918999999999975614e+00
1.007299999999997375e+01
1.005599999999997252e+01
1.060499999999997733e+01
1.061599999999997479e+01
1.061599999999997479e+01
1.061699999999997246e+01
1.006899999999997419e+01
1.007299999999997375e+01
1.008499999999997421e+01
1.001799999999997404e+01
1.001299999999997326e+01
1.008099999999997287e+01
