1.870664976643723332e+00 -1.809634665533751985e+01 -1.790149045624514557e+01 -1.188585356935907555e-02
1.361567568850512444e+00 -1.965743024351973389e+01 1.870720498873452931e+00 -4.052308293815209267e-02
5.665938137726354157e-02 -1.978821202314840377e+01 1.812862836816293344e+00 -3.077902104406388117e-02
-3.562935025111983040e-02 -1.965018672095531116e+01 1.698606575638779814e+00 -1.710591914915817954e-02
-4.917818452812286467e-02 -1.925511883055979467e+01 1.767341346209509778e+00 -1.985297712809147797e+01
1.159286484974173081e+00 3.125949338347933787e-02 -1.819683268260787301e+01 1.886827953660379587e+00
1.898884461650948152e+00 7.118391741232917881e-03 4.936269324039682660e-01 2.920798064402813088e-01
2.299958748794731639e-02 8.272760052151826304e-01 8.448409774807822403e-01 2.022752390206800754e+00
1.343272305625872465e-01 7.718229576936700420e-01 -4.722962620968843006e-02 1.709799431870049569e+00
2.477684889069061425e-01 1.717866138843884949e+00 -5.704374656299595302e-04 -2.006602313154471773e+01
1.693259860313499621e+00 4.385534230112552168e-01 -1.994586137899177558e+01 4.829507449746756609e-01
3.864289017821209704e-01 3.236194228110823162e-02 1.712032933769604304e+00 1.859696096975950175e-01
1.440142373843362467e-01 1.791033834935447988e+00 7.824527842087871665e-01 1.604204545026787290e-02
1.357871153221757166e-01 5.971020444896898427e-01 1.762834059808507270e+00 9.525241002401488299e-02
2.235994566684284396e-02 5.310148505310314793e-01 1.846800826533248729e+00 -1.759005620531008063e+01
1.771318393693744886e+00 -5.252419549039119562e-02 -1.874229016791874614e+01 4.895359531408991494e-01
7.540554878652090676e-02 6.149615281109542808e-01 2.015681803755746959e-01 1.721527426729368537e+00
6.530506152119126828e-02 7.950466911191340635e-01 1.113962986642410558e-01 1.808183858724091486e+00
8.002215104850714245e-02 6.890708060068185814e-01 9.871917563486441727e-02 1.753401183303505029e+00
2.643437090452816496e-01 1.843411955546208070e+00 2.583030427531688919e-03 -1.607769670814198548e+01
1.904927034583500323e+00 2.120623608505267307e-02 -1.924751548746415608e+01 6.429279167698062070e-01
1.358639935977347946e-01 2.075367931136086863e+00 1.781388028850952043e-01 5.239728539125397544e-02
1.186399884888529321e-01 7.696012183406901741e-01 1.616553479100765189e+00 9.136071421246325097e-02
4.523149945765917584e-02 8.137919352973558285e-01 1.791539752388229045e+00 1.922879461854523075e-01
3.355193555660789754e-03 5.881721461620480484e-01 1.658978559364308936e+00 -1.582009127816736971e+01
-1.841956635247573004e+01 -5.560493359165305516e-02 -1.765121980488872211e+01 1.942891343412965321e+00
-1.943584043027025032e+01 6.865363339173132795e-01 7.319004886518477859e-02 1.834657840034318310e+00
-2.005189927169136155e+01 8.512274338114843575e-01 -4.966731676465176853e-02 1.939727859358622464e+00
-1.995297362509191785e+01 5.933196329963326132e-01 -5.959972314411601801e-03 1.678022282418982325e+00
-1.664514722697389715e+01 2.012913872008611715e+00 -3.093089336543419429e-02 -1.656009080080500340e+01
