4.270740556432620849e+00 7.021276022768923930e+00 4.327287657840741097e+00 1.185524483495144032e+01
7.604128524185510329e+00 7.605746600154346559e+00 7.546594106231061083e+00 7.611876532404251883e+00
7.660143631486944216e+00 7.646849094456454665e+00 7.644121475900483631e+00 7.631964944888432356e+00
7.596837110475198607e+00 7.496632321268037913e+00 7.490867650105179187e+00 7.482807459149552365e+00
-6.139422346070275149e-02 -5.935048183187949244e-02 1.715560180970809157e+01 3.507309635398489167e+00
7.532953817331110358e+00 1.209149733488982825e+01 7.558846623247496233e+00 7.550557784507084591e+00
7.594726347418136569e+00 7.583849402632583114e+00 7.525434964598272991e+00 7.545650159471453122e+00
8.753984550097776207e+00 7.712137552506900917e+00 7.605806404989949421e+00 7.603989887696634753e+00
7.528307117511909397e+00 7.552604511411611377e+00 7.705016272847955427e+00 7.486570232014086557e+00
2.865011944674046962e+00 4.947146188598053662e+00 7.644877948547855517e+00 6.211293439272457917e+00
7.527639797361803886e+00 1.018025301284800577e+01 1.653415117374612331e+00 7.534076444137199680e+00
7.564596363199770579e+00 7.576960281716987211e+00 7.546208919646273827e+00 7.548837573052602501e+00
7.546529762602173896e+00 7.668757470185101788e+00 7.532336955920977850e+00 1.044142593038417743e+01
8.742069036826157102e+00 7.741160887231053778e+00 7.715293913357420763e+00 8.782964624914814777e+00
8.632651187973335638e+00 7.572989305389508985e+00 7.789200457133283351e+00 7.778005548062845165e+00
4.718381610303426399e+00 7.378207573361359906e+00 6.702224882285321428e+00 7.971433745583837549e+00
7.528818349973213309e+00 8.446650224318817735e+00 7.507417339180245008e+00 7.521818648772511828e+00
7.532206775858483638e+00 7.522779803077482619e+00 7.521933119465860074e+00 9.256735439912608499e+00
7.858875129225349809e+00 8.725979066979304477e+00 7.562472173963667998e+00 8.702402260736583628e+00
5.595572469111950831e+00 8.660159090683366756e+00 8.664229545488058903e+00 8.664318504064814519e+00
7.501359860455389494e+00 5.003208328714890740e+00 3.015395812313633073e+00 7.491417745335310130e+00
7.480343859108788074e+00 7.704452512357548244e+00 7.490607891630951087e+00 7.485903068215451484e+00
7.481140704235398786e+00 7.504819127367783338e+00 7.496161845357480757e+00 8.478936669289440786e+00
7.825033405154565358e+00 8.721981691039351503e+00 7.512377973874210468e+00 7.521583783501328391e+00
4.989930929818424232e+00 4.783556901154465635e+00 7.728508894714332556e+00 3.393373747074472924e+00
