-5.168163113797937802e-01 -5.166203467857078957e-01 -5.190000200984982159e-01 -5.215794897762272564e-01
-5.246083686215916586e-01 -5.215341207420041147e-01 -5.220910169259714850e-01 -5.250900855417415247e-01
-5.214244480675425120e-01 -5.192415411535717951e-01 -5.219012919472737488e-01 6.222039222878840370e+00
-5.252354191994234034e-01 -5.254137626881341117e-01 -5.223551870445961587e-01 -5.260527789300651902e-01
-5.267280750643568155e-01 -5.231191409478117560e-01 -5.254050167604040755e-01 -5.259619485213666845e-01
-5.218964855648441370e-01 -5.193414714992591330e-01 -5.192031171319679839e-01 -5.176713522376034105e-01
-5.239277830888695586e-01 -5.242668210093431869e-01 -5.233238693250011897e-01 -5.213646943626517594e-01
-5.186530949233641996e-01 -5.181307887851122063e-01 -5.207121287945850607e-01 -5.199773818938386860e-01
-5.208823037257809263e-01 -5.191649469634330716e-01 -5.212894426547860505e-01 -5.185829629492477721e-01
3.198493604200114970e-01 -5.209497893725885120e-01 -5.241145688303092687e-01 -3.148861035857253299e-01
-5.155085181850838083e-01 -5.151507648825169872e-01 -5.167266546903269697e-01 -5.127463300294454740e-01
-5.238992662222793362e-01 -5.235060599185024088e-01 -5.236805911374822209e-01 -5.240468398352728929e-01
-5.270705781652217370e-01 -5.243555539236777197e-01 -5.263224113704547680e-01 -5.263358827858856115e-01
-5.220252166981078634e-01 -5.212391634005192342e-01 -5.248837956295804297e-01 -5.236351515067033668e-01
-5.184854848584148357e-01 3.268151846281097117e-01 -5.267698965377353160e-01 -5.183808796356734749e-01
-5.186664314828978162e-01 -5.161985549843185472e-01 -5.144676043298919144e-01 -5.192779116074107693e-01
-5.213117420739543650e-01 -5.224880121444691605e-01 -5.189227359843180398e-01 -5.208982066616831830e-01
-5.174551925581659662e-01 -5.184059974853658659e-01 -5.150822293081221970e-01 -5.165834803929216790e-01
-5.109949287318424904e-01 -5.146037733884711862e-01 -5.140133774943724809e-01 -5.118189266349038036e-01
-5.154583647208388353e-01 -5.164097244021410571e-01 -5.144352821857635094e-01 -5.151809394881259330e-01
-5.176479227781274339e-01 -5.208353401476653044e-01 -5.197524565981653799e-01 -5.191365657830753211e-01
-5.166962288067892262e-01 -5.185015942347463991e-01 -5.155567090618263792e-01 -5.140723339985088236e-01
-5.106576480446406441e-01 -5.116243723415150324e-01 -5.127001694145426614e-01 -5.083044820812641085e-01
-5.092569792360470693e-01 -5.092279201549079204e-01 -5.108859295895133990e-01 -5.074883395738745140e-01
-5.083347880417836695e-01 -5.093477886875868998e-01 -5.127988928066701257e-01 -5.129895755696014525e-01
