8.883632832855300476e-01 -7.049488472890244606e-02 -7.072145899734753882e-02 -7.198014145882586368e-02
2.385947300512229197e-01 -7.321113278130127189e-02 6.851526875565554509e-01 1.774992763840486099e-01
1.486572326012134404e-01 -4.594461888225465085e-02 5.525826372819047094e-01 -1.782828469322507436e-02
6.361728766440921667e-01 -3.543027135714438974e-02 1.981355067634591183e-01 3.656870169929530429e-02
3.800740361288637570e-01 -3.456773001926305433e-02 8.746630849517221806e-01 3.649136039433496514e-01
-2.373106045335309985e-02 -2.415045851556868808e-02 9.719496698617332564e-01 -2.211203976656733045e-02
1.745208152276055136e-01 -3.390090034709393463e-02 -5.854233744861046806e-02 5.703092954632689171e-01
7.999484882586704870e-01 7.106495501682257021e-02 9.940070789915322891e-02 -5.490299480091773154e-02
3.268723339402809791e-01 8.115508571942228189e-01 1.769372948461627182e-01 1.284524981719616932e-01
6.708097770543440808e-01 1.474722223680599575e-01 3.691066421526106867e-01 3.269263027722701387e-01
3.010952418964108479e-01 7.334862692761214831e-01 2.472203294167392151e-01 2.230608172082688689e-01
6.346826432642761751e-03 6.217522325471473987e-01 8.713092733229134135e-01 -2.997216425449010860e-02
7.082102506226428673e-01 -2.209571506582673830e-02 -5.011795028573359095e-02 2.061984183876604815e-01
1.728745425807959590e-01 1.041075704718328193e-01 7.541867341626355969e-01 3.045188562004770283e-01
8.004387823761369147e-02 5.856622952651496794e-01 2.572909257702328534e-02 5.379184345084420810e-02
1.762278260432889876e-01 6.843236457581458598e-02 5.408475041412794670e-01 1.684552582095264761e-01
1.929115842343726711e-02 8.042192146231290639e-01 1.838030733730361410e-01 1.577931146882131097e-01
-4.099402965227125911e-02 7.471017091043802294e-01 4.633294894022232380e-01 -4.064556427476323508e-02
1.761996938871935592e-01 -5.362052367674071535e-02 -5.119667347087726583e-02 5.829020806797607923e-01
1.945336047384041145e-01 1.191877853842447099e-01 -3.707145170691359543e-02 7.920747521355719911e-01
6.507308875555830596e-01 2.278508487446616881e-01 8.655723281764414467e-02 4.622605574107257476e-01
-1.578248442302856644e-02 7.236737643030858314e-01 9.318341819348188726e-02 9.400553088101962218e-02
1.076261929135638104e-02 6.526283882288063110e-01 4.294809299240072709e-01 9.579939861052232386e-01
1.203862029679450968e-01 6.434297180445708308e-01 -1.311161165272097147e-02 -3.986744137481570277e-02
8.608855124447990503e-01 9.935174969551302526e-02 -5.380019059283887295e-02 -3.675056340375762454e-02
2.532111299589212550e-01 7.979701078621244392e-02 7.837899100588220369e-01 1.190593578312320738e-01
1.232841357098424240e-01 -1.588014528310490586e-02 9.045926112966965471e-01 6.701263463769716600e-01
-2.174970701029080647e-02 1.166194946484409023e+00 1.155476579751002902e-01 -8.656877500549900462e-03
-4.352636238297193788e-02 7.239348488039408780e-01 5.666665879399066519e-01 4.552741994498074596e-02
-4.016514537484836000e-02 2.653051262350926143e-01 6.186514175257086245e-01 -4.026852368082826233e-02
-7.349355980185176551e-02 -7.402893233053431388e-02 -7.319966356563223364e-02 6.724856355485424597e-01
-4.486102861849064483e-02 -4.390228521949406798e-02 6.279398033241777310e-02 7.758860393971120928e-01
-4.716258561988237452e-02 6.608978039594660958e-02 3.865191192754199173e-02 1.097901521066493968e+00
-4.848022390573626661e-02 3.474554149938438585e-01 -4.879293142897796198e-02 8.264963421484224915e-01
-4.633391544179003146e-02 3.019908149677045794e-01 -4.610389440474157996e-02 7.489323044158301412e-01
-4.690925373368936419e-02 6.658718246134636143e-01 -4.783050541063055272e-02 -4.821480048526341489e-02
