-1.080006234008390742e-01 -2.966074044459310888e-01 -2.956307078679019651e-01 -3.041098109402919358e-01
-2.124123827797074204e-01 -2.833564641861780475e-01 -2.777463101228115905e-01 -2.828725011846055515e-01
-1.633067750051514500e-01 -2.873187698320056604e-01 -2.942602485416465630e-01 -2.940600321860699085e-01
-2.616904405714840509e-01 -2.953477193710995485e-01 -3.018076649030153047e-01 -2.768880344135126736e-01
-1.086620772560785014e-01 -2.930613021609619340e-01 -2.925118072348859566e-01 -3.003767847958548898e-01
-2.685176785036877956e-01 -2.782264909408322384e-01 -2.692371440151052897e-01 7.345960199544859570e+00
1.237860833756344370e+00 -2.576948672475887214e-01 -2.578142140620720557e-01 -2.568154549815392929e-01
-3.567070692387808162e-02 -2.554536296401060946e-01 -2.540416482616448812e-01 -2.544929488100964865e-01
-2.023572442667029292e-01 -2.594808738733240250e-01 -2.604343692983505654e-01 -2.902886829475707087e-01
-2.385490706421958818e-01 -2.341607035728177910e-01 -2.260186890735534637e-01 -2.364181562672034165e-01
-2.827033521570420649e-01 -2.816897115406739593e-01 -2.857666496415339208e-01 -2.921121574581034830e-01
-2.391720367832122496e-01 -2.419929313937694837e-01 -2.863232365095531029e-01 5.903554191036597842e+00
6.772045023838599853e-01 -2.418827157976415620e-01 -2.425888459915877260e-01 -1.818657317311574706e-01
-8.535434799386469595e-02 -2.562280494218345250e-01 -2.837209521341559348e-01 -2.001521097447478692e-01
-1.966648324074060372e-01 -2.285343004690492674e-01 -2.234336891937634129e-01 -2.209108733140431602e-01
-3.005736862308548973e-01 -2.848089301751469682e-01 -2.905718496304615095e-01 -2.928939880260798545e-01
-1.835749879351359082e-01 -1.929591113182256290e-01 -2.560737957853860824e-01 -1.846073617657758015e-01
-2.047397975883111509e-01 -2.220786315611921746e-01 -2.221436945757006842e-01 -2.061754480268398748e-01
-2.575688666542825800e-01 -1.937825101972050490e-01 -1.944980930906963779e-01 1.783196849970329900e-01
-2.478202615870504499e-01 -1.981797924695619662e-01 -2.280936156049725438e-01 -2.485123497524148184e-01
-3.025888166153266057e-01 -2.755879725581485418e-01 -3.027392082964056041e-01 -2.762199037677849356e-01
-2.498010607790206450e-01 -1.980875664541765779e-01 -2.517169598710255474e-01 -2.502881935718773154e-01
-2.404932666357238180e-01 -2.344578155505594452e-01 -1.797857627803989833e-01 -1.811567197655060968e-01
-2.529703536590777735e-01 -1.684232034741383888e-01 -1.631407281544587917e-01 -2.530729547620352848e-01
-2.529307143893828047e-01 -1.320216057326704107e-01 -2.543392848812714990e-01 -2.670236323635913900e-01
