5.680228489536447434e-01 -5.145618639042223025e-02 -5.027121406813112731e-02 -5.013443401507660518e-02
-2.003426218595428382e-02 -4.081422845849760200e-02 4.908921944756144407e-01 3.250681649632199827e-02
4.546296777765029828e-01 -3.607322807288695921e-02 1.492682483142850902e-01 -3.522177683341071869e-02
-9.935199798343733596e-03 -4.452966151216164459e-02 4.804932253543689469e-01 2.044402812652720142e-02
4.993078515116115557e-01 -4.017528012996755132e-02 1.275936399957587897e-01 -2.408799122702356271e-02
-1.411416169858536497e-02 -3.977492809178829331e-02 6.362337542519492795e-01 -4.166408869148987421e-02
3.829589031507381058e-01 -3.821524605849103279e-02 -3.629059888101657250e-02 3.335034914707386833e-02
2.416928272624108143e-01 4.563812271125550768e-01 1.758123796276873096e-01 -1.782579527706659728e-02
3.802090713241754183e-01 1.050921242715723361e-02 3.940842952355521622e-01 -2.153649285077542316e-02
1.096560094228800214e-01 5.428176871417451643e-01 2.148451492857715861e-01 1.141380684011796508e-02
5.819755793274805633e-01 -2.110868990224556117e-03 1.282861611188375606e-01 -1.970044924324781954e-02
-3.866410082276974108e-02 5.084589888717061523e-01 1.691630200009764107e-01 -4.134163705352325580e-02
2.282078833629694881e-01 -4.296520177103754778e-02 -4.484635191521786635e-02 4.431256808810931092e-01
7.092627342770629895e-01 2.382023565138103802e-02 4.339396364806610146e-02 3.582593585489656229e-01
7.952728032987017859e-02 1.337411305609551189e-02 9.473622786956563402e-02 3.066804494540599224e-01
3.531954482450662680e-01 3.667699002648664997e-01 3.533857292333717481e-01 5.646509217544787296e-02
2.494430082046105585e-02 1.865422491738078295e-02 4.479484779430003005e-01 6.573142406060584163e-03
6.014054791289338842e-02 4.247791131729341529e-01 5.382264086788859231e-02 -4.010573069439834354e-02
4.874466844520116138e-01 -4.989235140024692039e-02 -4.929419816526271758e-02 8.950143665565797602e-02
9.850500274129597722e-02 7.413147680898302117e-02 5.981570724912435022e-01 4.348018753548010817e-01
1.498330125763291387e-01 1.225356960521654659e-01 -5.746942605811942821e-03 1.112248216459970518e+00
9.497657776923200679e-01 -7.606249563607543271e-03 1.570350602502849358e-01 1.160774528499634167e-01
-3.784850928279462606e-03 1.492715302992848325e-01 4.618530411304866967e-01 5.989100231913152550e-01
-6.519589782392484247e-03 5.908667640200898630e-01 4.328918307757937539e-02 -4.049769980620827187e-02
3.911225727824628184e-01 3.454484296366813322e-03 -1.844691626935453937e-02 4.404648429408852817e-01
3.306991277970317000e-01 4.144395243803148526e-02 9.661019920900953961e-02 4.147280654392702659e-01
3.691255955635321939e-01 3.688262863355618038e-01 1.279102510383480495e-01 4.046837045142749889e-01
1.228876964607397843e-01 -1.060371092884307594e-02 1.347513431490195424e-01 5.210246955182024076e-01
2.862718711397845353e-02 3.640525120550304194e-01 3.643295674869957423e-01 1.287872359971168890e-01
3.209350268540899637e-02 2.297505614402627072e-01 5.735325671984590201e-01 -3.781458621595805425e-02
-1.950478546913937336e-02 2.312332007148762691e-01 -1.854191540393223744e-02 -1.876476102065533988e-02
-2.436370109916503185e-02 2.770944880423018009e-02 7.628476363981011588e-01 7.663486412156558791e-02
-3.915482398871174274e-02 -1.443156584728711410e-02 4.672839493037725944e-01 6.279328949860003561e-01
-4.289388727453517791e-02 3.633726763124388026e-01 3.932489338077616720e-02 8.067124365062326996e-01
-3.822039051547091587e-02 2.107061411614288282e-01 -1.589131219934372674e-02 5.675448336279786954e-01
-3.727853499224301204e-02 8.216305861266656185e-01 -3.918778761379070052e-02 -3.704723062991978344e-02
