-3.276029370695811987e-02 -2.060640066561317818e-01 -1.974353784393215738e-01 -2.030776636487962028e-01
-7.213669901103578752e-01 -1.835450639156673003e-01 -1.913643160958951595e-01 -1.711322387967690040e-01
-4.815290506215260669e-01 -3.296780042844210667e-01 -7.115105786118316455e-01 -8.409316671401337318e-02
2.445847059766034226e-01 -5.305516725865693228e-01 -2.935155007003282801e-01 -4.487995160005420758e-01
-1.136441930909360964e-01 -7.304003497067241835e-01 -7.337133724432051141e-01 -7.382593007044586653e-01
3.991730354471923481e-01 5.357918612579802564e-02 -2.374000171875179088e-01 -7.191294297077828468e-03
-6.122300437629345504e-01 -5.976774324295099916e-01 1.099633998577978167e+00 -2.168942590056118780e-01
-3.446951274257913922e-01 -7.084370010161523679e-01 1.530815764607290186e+00 -1.761372398191355937e-01
5.978726413251109761e-01 -3.544244317544923417e-01 -6.545086589663531296e-01 3.487031859991848726e-01
-7.130385139360839730e-01 -4.116529036532390329e-01 3.383964431798452410e-01 -7.186843181934554625e-01
-2.524367855031661168e-01 8.977917644238070372e-01 -2.616906030481701562e-01 -2.542611099405062136e-01
-3.032086830098575936e-01 -4.427528976115364667e-01 1.547775206312329210e+01 -2.981495369218643554e-01
4.324912170862859478e-02 1.493381588923300196e+00 -3.018250794377395074e-01 -1.059595823744149262e-01
-6.461606852463536166e-01 -1.397293069126960829e-01 1.118453885241683210e+00 -3.483089878739679124e-01
-7.123260357997471814e-01 -7.328190334353916757e-01 -1.100985341578313015e-01 -7.124453880700130082e-01
-7.336234721378602774e-01 -5.725640021203243224e-01 -7.258451976371365078e-01 1.517103092614827953e-01
-6.772334394140766545e-01 -1.744751186474795546e-01 -7.145706874727236757e-01 -7.125405823345924983e-01
-7.115100828833755831e-01 2.686687521591618610e-02 -7.125456028889933791e-01 -2.952445776345736239e-01
-7.116897324736831676e-01 1.151104011930214333e-01 -7.096242034339068638e-01 -7.130617451048093525e-01
-2.101571464801706979e-01 3.547037341778782604e-01 -6.695726929592618060e-01 -7.118417241912060600e-01
-7.416374605844007206e-01 4.039358898446262502e-01 -7.412861190444357540e-01 -7.389821305262495033e-01
-7.367667900903644984e-01 -7.399219463735092761e-01 -8.580300961622483458e-02 -7.157460330446950847e-01
-7.332580021529530034e-01 -2.363226421374375608e-01 -7.385976724124182491e-01 -7.378114073665882344e-01
-7.061923762359441081e-01 -7.111265007701116359e-01 -6.407674783662767881e-01 -7.104572274954606970e-01
-7.150466139262184884e-01 1.595427076247338816e-01 -7.106039305786429061e-01 -2.262866278491816319e-01
