-2.350000000000004263e+01
-6.300000000000022027e+00
-8.666666666666801300e-01
-3.100000000000036060e+00
1.799999999999970957e+00
4.983333333333309412e+00
8.457142857142835979e+00
1.007499999999998153e+01
1.057777777777776329e+01
1.184999999999998899e+01
1.300909090909089905e+01
1.383333333333332327e+01
1.503076923076922178e+01
1.529999999999999361e+01
1.612666666666665805e+01
1.691874999999999574e+01
1.755882352941176094e+01
1.822222222222221788e+01
1.621052631578946901e+01
1.658999999999999631e+01
1.707142857142856940e+01
1.755454545454545112e+01
1.748260869565217135e+01
1.792083333333333073e+01
1.791599999999999682e+01
1.810384615384615259e+01
1.647037037037036455e+01
1.666785714285713738e+01
1.706896551724137368e+01
1.704999999999999361e+01
1.746451612903225481e+01
1.780937499999999574e+01
1.772121212121211542e+01
1.661176470588234722e+01
1.556571428571428051e+01
1.441111111111110432e+01
1.430810810810810096e+01
1.324736842105262191e+01
1.367179487179486053e+01
1.407249999999999091e+01
1.445853658536584341e+01
1.478571428571427759e+01
1.513023255813952694e+01
1.405909090909089976e+01
1.425111111111110240e+01
1.450217391304346926e+01
1.480212765957445953e+01
1.511666666666665471e+01
1.415510204081631329e+01
1.335199999999998433e+01
1.246274509803919806e+01
1.278461538461536762e+01
1.306603773584904182e+01
1.234259259259257568e+01
1.153636363636361750e+01
1.097321428571426516e+01
1.103333333333331545e+01
1.039482758620687797e+01
1.065423728813557602e+01
1.058166666666664923e+01
1.086721311475408136e+01
1.113387096774191853e+01
1.118730158730157065e+01
1.133437499999998366e+01
1.161846153846152241e+01
1.171666666666665080e+01
1.106417910447759390e+01
1.117058823529409928e+01
1.063188405797099456e+01
1.088142857142855213e+01
1.044647887323941760e+01
1.071666666666664902e+01
1.062876712328765372e+01
1.083243243243241594e+01
1.107733333333331771e+01
1.130263157894735393e+01
1.153246753246751766e+01
1.176410256410254895e+01
1.128607594936707237e+01
1.143874999999998110e+01
1.097654320987652454e+01
1.119146341463412853e+01
1.081566265060239296e+01
1.103214285714284060e+01
1.123647058823527622e+01
1.134302325581393589e+01
1.154482758620688010e+01
1.104999999999998295e+01
1.070112359550560122e+01
1.022666666666664881e+01
1.043406593406591654e+01
1.063478260869563385e+01
1.030537634408600489e+01
1.051276595744679021e+01
1.019157894736840397e+01
1.036874999999998259e+01
9.993814432989672980e+00
9.687755102040798150e+00
9.387878787878770837e+00
9.093999999999983430e+00
9.093999999999983430e+00
9.611999999999982336e+00
9.788999999999981938e+00
9.428999999999984283e+00
9.818999999999983075e+00
9.344999999999984652e+00
8.935999999999983956e+00
8.442999999999983629e+00
7.968999999999981654e+00
8.120999999999980901e+00
8.184999999999980957e+00
7.738999999999981227e+00
7.798999999999981725e+00
7.304999999999981064e+00
7.344999999999981100e+00
7.362999999999980005e+00
6.814999999999979963e+00
6.336999999999978428e+00
6.338999999999980872e+00
6.338999999999980872e+00
5.840999999999980652e+00
5.856999999999979778e+00
5.697999999999979082e+00
5.338999999999979096e+00
5.291999999999978499e+00
4.913999999999979273e+00
4.485999999999979337e+00
5.038999999999981050e+00
4.618999999999981121e+00
4.621999999999980346e+00
4.657999999999980822e+00
4.651999999999980595e+00
4.658999999999980268e+00
4.799999999999979394e+00
4.799999999999979394e+00
4.799999999999979394e+00
5.350999999999982215e+00
5.044999999999980389e+00
5.563999999999981405e+00
5.065999999999981185e+00
4.448999999999979416e+00
4.430999999999979622e+00
3.708999999999978314e+00
3.702999999999978087e+00
4.321999999999978748e+00
3.894999999999978257e+00
3.866999999999978677e+00
3.681999999999978179e+00
3.122999999999977572e+00
3.122999999999976684e+00
3.673999999999978172e+00
4.291999999999980275e+00
4.295999999999980723e+00
4.288999999999980162e+00
4.811999999999980737e+00
5.424999999999980282e+00
5.919999999999980389e+00
5.575999999999980972e+00
5.515999999999979586e+00
4.878999999999979131e+00
4.959999999999980425e+00
4.955999999999979977e+00
4.421999999999980169e+00
4.016999999999979032e+00
4.040999999999979053e+00
3.542999999999978389e+00
3.642999999999978034e+00
4.256999999999979245e+00
4.371999999999979458e+00
4.913999999999980162e+00
4.923999999999979060e+00
5.421999999999979281e+00
5.407999999999979046e+00
5.164999999999979607e+00
5.200999999999980083e+00
5.168999999999979167e+00
5.184999999999979181e+00
4.694999999999979856e+00
4.618999999999980233e+00
5.175999999999980616e+00
4.740999999999980119e+00
5.295999999999980723e+00
5.290999999999980830e+00
5.785999999999981824e+00
5.788999999999980162e+00
5.797999999999980503e+00
5.758999999999980801e+00
5.269999999999980922e+00
5.389999999999981917e+00
5.883999999999981689e+00
6.491999999999983118e+00
5.940999999999982961e+00
5.888999999999984247e+00
5.888999999999982471e+00
5.866999999999983118e+00
6.358999999999984887e+00
6.310999999999983068e+00
6.370999999999983565e+00
6.864999999999984226e+00
7.347999999999982101e+00
