-3.805110108157192667e-02 -2.997001000000000526e-02 -2.997001000000000526e-02 1.382586623642334800e+01
2.426744352446174258e+00 2.552043968764627468e+00 5.603452398380415644e+00 2.032281571836842105e+01
5.776047369141821264e+00 5.210018863796180177e+00 4.469335911082041868e+00 1.429656138735647453e+01
1.299202586115962710e+01 1.252001313993121023e+01 1.114809361277382216e+01 1.005957433858301719e+01
9.136600947860250344e+00 1.050015411527516385e+01 1.343760394346828058e+01 1.086586914911350021e+01
-4.201278959171473454e-02 -3.837897116931457409e-02 -3.994003999000000915e-02 1.674237249190592181e+01
9.987719762939764934e+00 1.928025105581043164e+01 4.502054123354846560e+00 8.391449476248112660e+00
1.196081845700780910e+01 1.097401302026444014e+01 1.081029085246708377e+01 1.156427857471179976e+01
1.260543621322474550e+01 1.260174216912644596e+01 1.254211651627060142e+01 1.269905322990724628e+01
1.198190129935999515e+01 1.362396118847568616e+01 1.158530307803541604e+01 1.079474689865854842e+01
1.136333687648444890e+00 -6.084821556531409131e-02 -6.369551899381106774e-02 1.443165085316752716e+01
8.468432425238544781e+00 8.724258135167348271e+00 7.743099534627974734e+00 1.208264359875062510e+01
1.201129617564362029e+01 1.201207935535476956e+01 1.201539445433422593e+01 1.095815979315837652e+01
1.063147908034122047e+01 9.074333550256028502e+00 9.711641547003040387e+00 1.272290359690934736e+01
1.222295538913723867e+01 1.342146923065606323e+01 1.171874581699801787e+01 1.172937173910067443e+01
-6.248059019815432186e-02 -6.155745940380263903e-02 -5.595131495570652980e-02 1.512942756079899986e+01
7.237881401691812933e+00 1.211480920032927955e+01 5.508435449319371457e+00 2.649318249994762287e+00
1.184798986361662010e+01 1.054923372981228091e+01 1.209750632626905542e+01 1.210948527611378545e+01
9.976263551363553361e+00 1.176489833952320296e+01 9.091116458046624160e+00 1.239053359159028211e+01
8.923712923435722644e+00 1.291218542143758796e+01 2.661306102169902932e+00 9.166068102855867039e+00
-7.111121176759634122e-02 1.887251853122348777e+01 -6.793339440858373046e-02 -7.180886783218606850e-02
1.237889006371639011e+00 1.444275000273746556e+01 -6.436895061182598687e-02 -6.356018585443129476e-02
1.207479849845456199e+00 1.426957451404226873e+01 -6.873036899536849598e-02 -6.540134883584892977e-02
-5.985019985006000826e-02 1.909543055769488973e+01 -5.152721255087765878e-02 -5.041436468322936515e-02
-4.990009995001001841e-02 -5.708916691242375829e-02 1.856916628135125791e+01 -4.990009995001001841e-02
