-4.255905504031428088e-01 -4.253666250316551212e-01 -4.261337504450001257e-01 -4.259460074698449006e-01
-4.195356043926153911e-01 -4.184145785371036208e-01 -4.202573395382073751e-01 -4.280555626916254242e-01
-4.271026020301190163e-01 -4.278717529251193641e-01 -4.274832182644336398e-01 -1.664226347128155148e-01
1.569664212741847864e+00 -4.271468264690001515e-01 -4.262933229217465980e-01 -4.263084850255213221e-01
2.453312913470897527e-01 -4.235215802781355232e-01 -4.241836467587197790e-01 -4.236183548791924158e-01
-4.265925558365047943e-01 -4.274245292829273457e-01 -4.269768175779649622e-01 -4.271455623930492940e-01
-4.250901141131139815e-01 -4.257781052867526395e-01 -4.249283900083591914e-01 -4.260332415987689858e-01
-4.249698814632070221e-01 -4.218192090639949487e-01 -4.251965131395593622e-01 -4.248447828709455143e-01
2.339667391765381854e+00 -4.256377592357802331e-01 -4.259221359031429843e-01 -4.252480796776167971e-01
-4.232963433884919802e-01 -4.226038877907440927e-01 6.894868256336128987e+00 -4.235454311646185133e-01
-4.239943677311019954e-01 -4.246051291305243947e-01 -4.245946119103229943e-01 -4.240675490773718748e-01
-4.236023488513053215e-01 -4.186105795752389502e-01 -4.170469032497908790e-01 -4.180256498966519740e-01
-4.260786439784744473e-01 -4.261358703914173152e-01 -4.183060824798708333e-01 -4.267157715369299109e-01
-3.844103268057904588e-01 -4.246009587203611879e-01 -2.617173550330093024e-01 -4.220719919683397769e-01
-4.207892684913036585e-01 -4.195652951703469080e-01 -3.691954813919763323e-01 -4.207486279973823851e-01
-4.236300534038530685e-01 -4.242906691308053757e-01 -4.236366410549960437e-01 -4.241880580914432763e-01
-4.239974500632478494e-01 1.791979558337131184e-01 -4.238064883377357095e-01 -4.232791354912548432e-01
-4.261930034607608886e-01 -4.254069145394726581e-01 -4.256563171415432834e-01 8.305662049374232581e+00
-4.269891390929189123e-01 6.381142781598369673e+00 -4.098181506920162698e-01 -3.865887409672127961e-01
-4.212610226673110247e-01 -4.187127442013643952e-01 -3.883880146334766081e-01 -3.863937676674361055e-01
-4.237024280728541870e-01 -3.566162089016844394e-01 -4.245029705085366922e-01 -4.240117740902740739e-01
-4.259993069599404270e-01 -4.240128417716769738e-01 -4.247202530298581635e-01 -4.252211052560622706e-01
-4.243099681649889487e-01 5.135408615528816334e+00 -4.245540129899897375e-01 -4.245864984759813998e-01
-4.256596465979361477e-01 -4.059883669989424182e-01 -4.257101451647249957e-01 -4.258583808263762815e-01
-4.235189834353792482e-01 -4.225438142499384209e-01 -4.228568735962273117e-01 -4.226487950865940313e-01
