-1.782107387814922672e-02 -3.705072585147643760e-02 -3.865106573552043456e-02 8.351628911660116117e-01
1.139056606569668340e+00 -3.931720842478621941e-02 -6.969018218958628573e-03 8.984164492205296559e-01
1.048655393020117869e-03 -1.536511130096523611e-02 -1.439170195368071579e-02 4.625058590172560491e-01
1.410102414340948795e-01 -4.339825110345812975e-02 6.444652246444736443e-01 7.530469487021572705e-01
1.778462404357906423e-01 -4.143766069831071597e-02 -2.357083158530503403e-02 8.934302489957189897e-01
1.112477364028626958e+00 -6.174493161127825314e-02 -6.174923238836116379e-02 -6.171364783099950874e-02
-1.505704811820887667e-02 8.573552778477010472e-01 -3.700926439109899352e-02 3.187646379604274216e-01
2.250063088322991622e-01 -3.851267314541857723e-02 3.378057998450126245e-03 1.080430509853129495e+00
8.809227522838256608e-01 8.518460865578885155e-01 -4.152102362435571015e-02 3.072313986426639665e-01
-1.402552746356906105e-02 8.248376719652210642e-01 2.746790779999793569e-02 1.837303476919784906e-01
7.948727268684397940e-01 -2.204253344838682377e-02 4.986752424746664081e-02 1.961434190865090077e-01
1.823077993872551650e-01 3.389581977396230461e-02 9.657417597627536709e-01 -1.841921651173274513e-02
2.326660572116928671e-01 9.897157561214016130e-01 -3.962214818358106988e-02 1.529162302353108960e-01
-3.695622677283873919e-02 2.423975290502253521e-01 6.679111375839920095e-01 2.649345642819905255e-01
1.506451242199692953e+00 -3.733856766040830055e-02 2.191068701607886970e-01 2.924890708019159957e-01
3.037893383160802929e-02 1.308478763402862066e+00 6.894019865844985481e-03 2.505716895127060861e-01
3.244853839111923599e-01 -2.364958911518502335e-02 8.026376908790280873e-02 8.989611950841243093e-01
1.011187319752252511e+00 3.071868786078039149e-01 -2.233834739296126567e-02 -3.923997532221688150e-02
-1.304390216372751030e-02 5.729514755546727400e-01 -4.112011565920944273e-02 8.770472403293851915e-01
7.688259862413518997e-01 8.577350394964420310e-01 1.907784351780909826e-01 3.652970987756370413e-01
1.987828191383500254e-01 -3.656014891417714435e-02 4.261519332080622724e-01 1.237561009990891359e+00
1.027012089202465200e-01 1.058654137408003404e+00 2.384110074030208054e-02 3.536266556794583904e-01
7.901237661596131057e-01 2.100682193085770533e-02 8.664590890761353359e-02 -1.073718666387922342e-02
3.333855288513451476e-01 -3.815932231082904552e-02 7.993118731378328068e-01 -3.878580223933120880e-02
1.662343606285106301e-01 1.154532466554880843e+00 -3.722465870616960965e-02 9.309037613231595509e-01
8.138557424016680530e-03 5.114240042151538823e-01 2.482590988394555165e-01 -1.997138039822549116e-02
1.001401928543034670e+00 1.134280872084108549e-01 9.521407396357448594e-01 -3.795789489931318539e-02
-4.161903572944936763e-02 1.814472643342045499e-01 6.461630266532490952e-01 7.693327421623288170e-03
1.783442287002022508e-01 6.691890259887499359e-02 3.548470521629857877e-01 1.000913584898533326e+00
8.516007107060554748e-01 -3.883475583600458705e-03 5.299474828536902826e-02 -2.729989077512499224e-02
-3.193178525593573513e-02 1.080297833806941554e+00 -2.918360973081393639e-02 -6.299044901332607679e-03
-3.821315666133291017e-02 1.005038500654901634e+00 1.055861220637262621e+00 -3.914494640988573637e-02
-3.638578469227819745e-02 4.770799423982252999e-03 1.053849857754837416e+00 -3.927361551501636766e-02
-4.057695596934014770e-02 8.366775626161498947e-01 3.543314578570023743e-01 -4.066122307427382648e-02
-4.057797711127239526e-02 2.740897492300145913e-02 9.385916389643926827e-01 9.355303287868406426e-02
-2.802209420527144307e-02 -2.812818662230284414e-02 8.332380881785249604e-01 -2.936698532351332200e-02
