3.568813689936534583e+00 1.184884708719220026e+00 1.761844024284778154e+00 1.026894755431695172e+00
4.190923373143927932e+00 1.981036818951817491e+00 4.203341219387251471e+00 1.767582228988253679e+00
3.977399436601299243e+00 2.031384958719373302e+00 4.032463002829073773e+00 1.648051779237851955e+00
1.713978388065866110e+00 1.919503446905803212e+00 5.013994367377208938e+00 2.625975733683367785e+00
4.587998159902150874e+00 1.038043406658997470e-01 3.300650240638089428e-01 -2.518368414191406862e-02
1.135019682068713953e+00 9.762306418674152608e-01 1.860568758449643534e+00 4.498522674133830890e+00
4.412650732766301154e+00 1.721542587162214089e+00 2.654483115234178570e+00 3.159897002717891645e+00
2.674154347362199591e+00 4.958321654075982243e-01 3.799725323345588546e-01 2.955509668719258909e-01
3.108956635292519977e+00 4.591889813863635261e+00 3.085190044771127571e+00 1.790245565158174790e+00
1.323070263624646747e+00 2.519510989555774128e+00 3.647598460334696924e+00 1.105571932671474356e+00
4.728386990953136859e+00 2.708607674356609429e+00 1.619405216940566605e+00 1.732406357439135736e+00
3.127463174656113676e+00 1.716265067521580256e+00 3.500301416254881559e+00 3.531623652838089988e+00
9.825796928086206750e-01 4.813896569261923442e-01 6.845593800857301403e-01 3.585429435238624674e+00
2.462420769141385968e+00 2.334154873341568237e+00 2.468212752726905101e+00 3.829037466731351369e+00
1.520890936563677132e+00 2.878621554686984219e+00 1.156617817538055260e+00 7.279661065619756899e-01
4.935084658041244410e+00 9.850014223490900500e-01 1.142377310797351830e+00 1.303632108321872707e+00
1.241381976785992158e+00 1.168533348563771224e+00 2.555780793155492336e+00 4.547194430116761055e+00
2.949804881431906445e+00 6.603772578359473400e+00 9.309906274957817640e-01 3.095226758566838932e+00
1.510517127915189661e+00 2.962069141150354579e+00 2.912880431728351205e+00 1.063105539904435792e+00
1.654433571881233966e+00 2.708808229210070362e+00 2.705082085378685886e+00 9.431421421619654577e-01
1.095126806216425219e+00 1.631779608759113875e+00 1.974142373043303644e+00 4.727574456597611885e+00
1.446636675471753897e+00 6.542869564548878358e+00 1.360441801760776226e+00 2.677100846545811041e+00
1.199508929364648147e+00 2.603584080006570378e+00 1.751471152038772017e+00 2.358242368597762706e+00
1.635795846940252041e+00 1.226967124836335188e+00 7.293462809052473350e-01 2.190932589620681714e+00
1.628934924601226353e+00 2.315170006564272409e+00 1.423823644158362045e+00 5.548296464003483752e-01
