1.032440872267888832e+00 -4.037445979374599397e-02 -4.133963086337157783e-02 -3.065710271319412039e-02
1.982091722502671072e+00 -4.255063834288651259e-02 -4.160663917284233848e-02 -4.240652177176780502e-02
-4.254620646020647323e-02 -4.244522983235293756e-02 -4.249161341256868507e-02 1.993003476283185638e+00
2.800482378709942544e-01 -4.764138343256237723e-02 -4.703868588760855285e-02 -4.781117319528919996e-02
6.310706618666709136e-03 -4.739590966598835470e-02 -4.667406516748093259e-02 -4.674961657225883832e-02
6.888763754628139668e-02 3.109093228409818832e-01 3.209719525008213753e-02 5.598593335567279006e-01
9.097351985447072950e-03 1.246280347845207803e-01 4.602111948073022568e-02 1.298378978224957070e+00
2.997980088619636163e-01 5.535223597454312638e-02 3.526392782343228810e-02 3.078740842987444659e-01
-1.365086125328550393e-02 -3.588818296110469347e-02 3.017652636775669528e-01 5.947238221631275801e-01
4.178750588046657444e-01 -4.146151188683241257e-02 -3.805629845638695830e-02 -3.305040484072273299e-02
6.168938379434343172e-02 4.218556128965538776e-01 5.472544437585574045e-02 3.958466365418872313e-01
1.027520554534294916e+00 4.435570541951854018e-02 6.186197301740825952e-03 1.807598789916498375e-02
3.480170058605822070e-01 2.735879476600056037e-02 1.087281903578353859e+00 3.492567068292303789e-01
1.293542578849160921e-02 4.741166435045190419e-01 -2.423927460824711749e-02 -8.886774335212250381e-03
2.711193241004346555e-01 -1.908220918761658474e-02 2.808757395103282928e-01 -3.172535865110321512e-02
5.043885525720835650e-02 1.055449510314238726e+00 1.811671949648125182e-02 7.385433662650647824e-02
3.739961750872277668e-01 1.902134601859292382e-02 7.875568112153558120e-02 2.169634717298000171e-01
2.328143082330911759e-02 3.272810591574326113e-03 3.097175820033641891e-01 4.456454071836249940e-03
-3.551191518786223772e-02 -4.436693616242230742e-02 2.094740320528486244e+00 -4.489150232120987100e-02
-3.862075500889387142e-02 2.548083052750916844e-01 -1.010225300765705062e-02 -3.715793480267561011e-02
1.002815877312120407e-01 2.021779129810522768e+00 5.197490366180326782e-02 1.158298512951601994e-01
4.285078055790438045e-02 5.208919109590820495e-02 8.279828556986975618e-01 1.805404782233477334e-01
-3.894871201562448426e-02 -3.772032903679357896e-02 1.562682405581025780e+00 -2.639057518563682481e-02
-4.101465627419326188e-02 -4.098950175704101778e-02 6.403679531594598240e-01 -4.165049290651078734e-02
-4.676825735725721050e-02 2.751459146780372775e-02 -4.698226151711872717e-02 -4.628136126747071227e-02
