-4.604751157860216271e-01 -4.747520885555708281e-01 -4.750539204284764394e-01 -4.750879752131543787e-01
-4.613940969983030271e-01 -4.609261289383229099e-01 -4.759451057306940958e-01 -4.611428211755294049e-01
-4.774190124945783542e-01 -4.631022372361852657e-01 -4.638552246129956091e-01 -4.640017843732724412e-01
-4.683760418001968739e-01 -4.645355834737379119e-01 -4.646480193121637625e-01 -4.703119676831565288e-01
-3.548653407007629212e-01 -4.723026250252935210e-01 -4.752241708278955312e-01 -4.606652789899705613e-01
-4.743293005109063265e-01 -4.600085193944609685e-01 -4.601855207800718550e-01 -4.601490291263417021e-01
-4.580871114876793326e-01 -4.584200393199341361e-01 -4.583765671341748504e-01 -4.590469072436217379e-01
-4.564778715702504375e-01 -4.574858267499435360e-01 -4.567852867677815731e-01 -4.578754681880515265e-01
-4.598579151754252359e-01 -4.595479962359421133e-01 -4.585906263003266536e-01 -4.581461020725961508e-01
-4.574630213948510660e-01 -4.586866269750560221e-01 -4.589404390272918688e-01 -4.581470337745269239e-01
-4.546046263218845862e-01 -4.545648488472781024e-01 -4.771633485105540307e-01 -4.540508144929244483e-01
-4.517341048719915597e-01 -4.545417080004801047e-01 -4.535870375649010411e-01 -4.538217764010920585e-01
-4.443841701415179313e-01 -4.557909387068765916e-01 -4.546089702591405990e-01 -4.558728165137940769e-01
-4.590620066199241900e-01 -4.596893402733465139e-01 -4.597038878878518253e-01 -4.594988069696895328e-01
-4.757654754108645023e-01 -4.726409189615680684e-01 -4.607134363129254950e-01 -4.613351271094918715e-01
-4.766699794435938498e-01 -4.733400276966051035e-01 -4.749849984248128432e-01 -4.543917811614465174e-01
-4.468159341334673740e-01 -4.506962439350943872e-01 -4.503962773206969805e-01 -4.482815737147726742e-01
-4.517163685242270854e-01 -4.588367815870815214e-01 -4.519171141607529196e-01 -3.320120743338316749e-01
-4.505909261366454754e-01 -4.502455056805816369e-01 -4.495826675127907457e-01 -6.047994599186469478e-02
-4.465534007560028051e-01 -4.717490223903877400e-01 -4.502538563144917738e-01 -4.465534000544600368e-01
-4.569981908459075370e-01 -4.209903960684043822e-01 -4.669133963373042207e-01 -4.562035280605427623e-01
-4.494754702504364929e-01 -4.482890614626744430e-01 -4.269931196425195696e-01 -4.483097164397734091e-01
-4.514810938222849068e-01 -4.517909701914989973e-01 -4.513013089324247606e-01 -4.493623809106517264e-01
-4.732261021225694364e-01 -4.516284698015217702e-01 -4.509340401439632662e-01 -4.604538562783788147e-01
-4.779635075091635543e-01 -4.469097132107386905e-01 -4.779647421175202693e-01 -4.781171767910015191e-01
