Starting position: Point(x=2, y=0)
Exit: Point(x=4, y=6)
Maze:
[[1 1 0 1 1 1 1]
 [1 1 0 1 0 1 1]
 [1 0 0 0 0 0 1]
 [1 0 1 1 1 0 1]
 [1 1 1 1 0 0 1]
 [1 0 0 0 0 1 1]
 [1 1 1 1 2 1 1]]
Policy 0:
α=0.01, γ=0.9, ϵ=0.01
[[   0.            0.            0.            0.        ]
 [   0.            0.            0.            0.        ]
 [   0.            0.            0.            0.        ]
 [   0.            0.            0.            0.        ]
 [   0.            0.            0.            0.        ]
 [   0.            0.            0.            0.        ]
 [   0.            0.            0.            0.        ]
 [   0.            0.            0.            0.        ]
 [   0.            0.            0.            0.        ]
 [-113.17799926 -113.09243247 -113.09799739 -113.16569956]
 [-113.3704752  -113.34774438 -113.40427221 -113.39640525]
 [   0.            0.            0.            0.        ]
 [ -25.49889886  -25.45804647  -25.46429967  -25.48366462]
 [   0.            0.            0.            0.        ]
 [-119.4371777  -118.94799505 -118.75179796  -63.87910219]
 [-115.85934732 -114.94458559 -115.98289047  -58.30520789]
 [ -51.25675879 -112.29263618 -112.31260956 -112.27820903]
 [   0.            0.            0.            0.        ]
 [   0.            0.            0.            0.        ]
 [ -25.24183914  -25.23169221  -25.19378817  -25.19685269]
 [   0.            0.            0.            0.        ]
 [   0.            0.            0.            0.        ]
 [   0.            0.            0.            0.        ]
 [ -42.86485257 -105.4802659  -104.85884244 -105.04223535]
 [   0.            0.            0.            0.        ]
 [   0.            0.            0.            0.        ]
 [ -24.68943096  -24.75593058  -24.78371888  -24.80371138]
 [   0.            0.            0.            0.        ]
 [   0.            0.            0.            0.        ]
 [ -97.65262156  -97.62765203  -97.66074712  -97.25920284]
 [ -33.52801513  -97.28635439  -97.2169739   -97.27877276]
 [   0.            0.            0.            0.        ]
 [ -43.43059381  -43.4755289   -43.95458697   -3.96280678]
 [ -23.90577079  -24.08531923  -23.98998762   -1.42645937]
 [   0.            0.            0.            0.        ]
 [   0.            0.            0.            0.        ]
 [   0.            0.            0.            0.        ]
 [ -87.34375883  -86.25616377  -87.06885532  -24.13732304]
 [ -75.25467826  -75.30664953  -75.04591937  -15.3926167 ]
 [ -60.50275678   -8.55286099  -59.60518246  -61.00485752]
 [   0.            0.            0.            0.        ]
 [   0.            0.            0.            0.        ]
 [   0.            0.            0.            0.        ]
 [   0.            0.            0.            0.        ]
 [   0.            0.            0.            0.        ]
 [   0.            0.            0.            0.        ]
 [   0.            0.            0.            0.        ]
 [   0.            0.            0.            0.        ]
 [   0.            0.            0.            0.        ]]


Policy 1:
α=0.01, γ=0.99, ϵ=0.01
[[  0.           0.           0.           0.        ]
 [  0.           0.           0.           0.        ]
 [  0.           0.           0.           0.        ]
 [  0.           0.           0.           0.        ]
 [  0.           0.           0.           0.        ]
 [  0.           0.           0.           0.        ]
 [  0.           0.           0.           0.        ]
 [  0.           0.           0.           0.        ]
 [  0.           0.           0.           0.        ]
 [-31.76951958 -31.93145108 -31.91247307 -31.92065573]
 [-32.15124305 -32.14156195 -32.15283598 -32.14642484]
 [  0.           0.           0.           0.        ]
 [ -8.23999694  -8.23787693  -8.21443403  -8.21969778]
 [  0.           0.           0.           0.        ]
 [-32.23909727 -32.47299416 -32.26763097 -11.84094363]
 [-31.63859626 -31.82841378 -32.14940236  -9.68267556]
 [ -7.84678786 -31.47026261 -31.24517617 -31.0572988 ]
 [  0.           0.           0.           0.        ]
 [  0.           0.           0.           0.        ]
 [ -8.11995257  -8.10081418  -8.08088367  -8.06463698]
 [  0.           0.           0.           0.        ]
 [  0.           0.           0.           0.        ]
 [  0.           0.           0.           0.        ]
 [ -6.35855369 -29.62723323 -29.37149602 -28.82534712]
 [  0.           0.           0.           0.        ]
 [  0.           0.           0.           0.        ]
 [ -7.70715283  -7.86711739  -7.85635748  -7.84564411]
 [  0.           0.           0.           0.        ]
 [  0.           0.           0.           0.        ]
 [-28.0423071  -28.04871654 -28.04392994 -27.98464138]
 [ -5.19918689 -27.46911301 -27.79079228 -27.73904275]
 [  0.           0.           0.           0.        ]
 [-13.01441153 -12.98230117 -12.78231232  -1.91389329]
 [ -7.4718829   -7.53560194  -7.37765927  -1.00842414]
 [  0.           0.           0.           0.        ]
 [  0.           0.           0.           0.        ]
 [  0.           0.           0.           0.        ]
 [-24.1976569  -25.06500675 -24.67244863  -4.28227023]
 [-21.41376481 -21.26305385 -21.48730983  -3.49408845]
 [-17.57974377  -2.72920454 -17.76954268 -17.44224128]
 [  0.           0.           0.           0.        ]
 [  0.           0.           0.           0.        ]
 [  0.           0.           0.           0.        ]
 [  0.           0.           0.           0.        ]
 [  0.           0.           0.           0.        ]
 [  0.           0.           0.           0.        ]
 [  0.           0.           0.           0.        ]
 [  0.           0.           0.           0.        ]
 [  0.           0.           0.           0.        ]]


Policy 2:
α=0.1, γ=0.9, ϵ=0.01
[[  0.           0.           0.           0.        ]
 [  0.           0.           0.           0.        ]
 [  0.           0.           0.           0.        ]
 [  0.           0.           0.           0.        ]
 [  0.           0.           0.           0.        ]
 [  0.           0.           0.           0.        ]
 [  0.           0.           0.           0.        ]
 [  0.           0.           0.           0.        ]
 [  0.           0.           0.           0.        ]
 [-78.26722272 -89.95416876 -89.5733583  -89.39569406]
 [-89.72973338 -89.69243676 -89.85859894 -89.85216503]
 [  0.           0.           0.           0.        ]
 [-21.1473543  -21.19619353 -21.030572   -20.88751337]
 [  0.           0.           0.           0.        ]
 [-76.69486744 -86.42827826 -92.11636449  -3.08610187]
 [-68.46308544 -92.8035533  -83.9625991   -3.42959336]
 [ -3.82349019 -86.87610033 -72.86939504 -55.4216411 ]
 [  0.           0.           0.           0.        ]
 [  0.           0.           0.           0.        ]
 [-20.41292351 -20.44132111 -20.28893153 -20.18596896]
 [  0.           0.           0.           0.        ]
 [  0.           0.           0.           0.        ]
 [  0.           0.           0.           0.        ]
 [ -4.19052407 -55.8816313  -67.70835326 -74.97468343]
 [  0.           0.           0.           0.        ]
 [  0.           0.           0.           0.        ]
 [-16.25974773 -19.25727842 -19.0389238  -19.13454173]
 [  0.           0.           0.           0.        ]
 [  0.           0.           0.           0.        ]
 [-68.97826274 -75.89796478 -75.80673999 -63.37026577]
 [ -4.35138962 -60.55148808 -73.44019766 -61.92738216]
 [  0.           0.           0.           0.        ]
 [-28.1680661  -26.73374796 -24.77803511  -2.38730845]
 [-18.18775242 -17.45826099 -13.34547053  -1.24728406]
 [  0.           0.           0.           0.        ]
 [  0.           0.           0.           0.        ]
 [  0.           0.           0.           0.        ]
 [-55.09026942 -50.6729293  -55.17268804  -4.16080884]
 [-57.0648343  -47.15212932 -51.53844932  -3.81345096]
 [-41.02016645  -3.24707728 -33.99556823 -37.5881802 ]
 [  0.           0.           0.           0.        ]
 [  0.           0.           0.           0.        ]
 [  0.           0.           0.           0.        ]
 [  0.           0.           0.           0.        ]
 [  0.           0.           0.           0.        ]
 [  0.           0.           0.           0.        ]
 [  0.           0.           0.           0.        ]
 [  0.           0.           0.           0.        ]
 [  0.           0.           0.           0.        ]]


Policy 3:
α=0.1, γ=0.99, ϵ=0.01
[[  0.           0.           0.           0.        ]
 [  0.           0.           0.           0.        ]
 [  0.           0.           0.           0.        ]
 [  0.           0.           0.           0.        ]
 [  0.           0.           0.           0.        ]
 [  0.           0.           0.           0.        ]
 [  0.           0.           0.           0.        ]
 [  0.           0.           0.           0.        ]
 [  0.           0.           0.           0.        ]
 [-26.73765666 -40.68257001 -40.54745774 -40.65560113]
 [-40.92415919 -41.00910208 -40.99875397 -40.96286758]
 [  0.           0.           0.           0.        ]
 [-13.62458113 -13.23341309 -13.10560108 -13.32489289]
 [  0.           0.           0.           0.        ]
 [-31.69098978 -34.23307181 -41.20622795  -5.32445452]
 [-37.25896557 -40.80059925 -29.01332316  -5.2610466 ]
 [ -5.09579483 -37.5413428  -31.57024946 -27.91141898]
 [  0.           0.           0.           0.        ]
 [  0.           0.           0.           0.        ]
 [-13.64571461 -13.24799788 -13.59630294 -13.35893326]
 [  0.           0.           0.           0.        ]
 [  0.           0.           0.           0.        ]
 [  0.           0.           0.           0.        ]
 [ -4.83199512 -32.22537428 -33.73349619 -34.98117632]
 [  0.           0.           0.           0.        ]
 [  0.           0.           0.           0.        ]
 [-11.85657077 -12.53787809 -12.98064054 -12.55298388]
 [  0.           0.           0.           0.        ]
 [  0.           0.           0.           0.        ]
 [-36.78473822 -36.85008746 -36.81664445 -25.91972877]
 [ -4.46655408 -33.03755503 -34.83402774 -30.19256026]
 [  0.           0.           0.           0.        ]
 [-16.15766729 -14.62911266 -13.58421098  -1.94909966]
 [ -7.48408689 -11.51046764  -8.43724234  -1.04203151]
 [  0.           0.           0.           0.        ]
 [  0.           0.           0.           0.        ]
 [  0.           0.           0.           0.        ]
 [-27.64436428 -32.80506717 -29.97939491  -3.98891545]
 [-26.62128427 -26.53220441 -26.68783939  -3.42483026]
 [-19.06436297  -2.74697389 -19.60676899 -20.85757043]
 [  0.           0.           0.           0.        ]
 [  0.           0.           0.           0.        ]
 [  0.           0.           0.           0.        ]
 [  0.           0.           0.           0.        ]
 [  0.           0.           0.           0.        ]
 [  0.           0.           0.           0.        ]
 [  0.           0.           0.           0.        ]
 [  0.           0.           0.           0.        ]
 [  0.           0.           0.           0.        ]]

