1.766378397540933731e+00 -4.693663528371061489e+00 -4.622410534005336302e+00 -1.430686356546900795e-02
1.230142128427996973e+00 -4.595526832527854211e+00 1.921770712008816773e+00 -2.304548750088770276e-02
-4.581246230724590057e-02 -4.655164291202699367e+00 1.815413821678732553e+00 2.642501859044887325e-01
1.883956881597007138e+00 -4.718687240000011940e+00 1.136977094677899425e+00 -3.885420459667512233e-02
-5.178675523036976175e-02 -4.743241460989240821e+00 1.737324545973310430e+00 -4.657384251969741484e+00
1.131644482252755157e+00 3.143577966143706534e-03 -4.570657164518598492e+00 1.445563661568250780e+00
1.861321906673234716e+00 5.200715497069771653e-02 5.224477953597510271e-02 6.895070082764712116e-02
-4.712029957564992100e-02 1.816502132058356755e+00 1.204018159610376504e+00 1.487474573213556917e-01
1.965560635159284475e+00 -3.894691589547406158e-02 1.265248079479793786e+00 1.528192546398501606e-01
-5.056644363232172534e-02 1.868688135775275594e+00 1.212466512910025607e+00 -4.708303011482526834e+00
1.937439545124266527e+00 1.407323506709405592e-01 -4.580921800948547506e+00 -6.315731566250519513e-02
9.512178863774879423e-01 2.888530767859026627e-02 1.941152522182407303e+00 1.648653246087989632e-01
7.729767664802602578e-01 1.605835937983962625e+00 1.077212201646988943e+00 -7.549570397005908595e-02
6.265457650599974837e-01 4.221436287662704706e-02 1.865422503781103858e+00 1.639332473964998371e-01
5.209455433282394327e-03 1.528616748357794819e+00 8.622778583229459004e-01 -4.716699668594408479e+00
1.261615580088065514e+00 -1.219690758725490952e-02 -4.699890841633903804e+00 1.918169291445561031e+00
2.049609152868565598e+00 1.352543179796904527e-01 -4.894078933389191255e-02 1.217540894756768965e+00
6.937412766595642440e-03 5.842879921547872168e-01 3.007972166020697613e-01 1.894291656736187601e+00
1.960813545259991297e+00 6.798509516034114686e-01 9.263982945004527181e-02 9.769630020247831448e-01
1.970470445502164047e-01 1.725375999462466892e+00 3.987841548407035086e-01 -4.812612416306521368e+00
1.928978615504924443e+00 2.355306165681191402e-02 -4.514576705221182706e+00 3.959057552101612892e-02
1.383936660509164529e+00 -4.727781510584637414e-02 1.895640072408641297e+00 1.096590038609664752e+00
-9.406670644484206242e-03 1.858659207634815624e+00 2.263841469734201306e-01 1.454260408083673184e+00
1.920438344028702726e+00 3.839675734818989161e-01 4.662388983104096690e-02 9.568876905781742437e-01
3.801415014694704050e-03 1.915549499291528956e+00 5.385179746502443549e-02 -4.587617093636156440e+00
-4.527568132764107744e+00 -3.021284371383820000e-02 -4.485835732097648965e+00 1.826417013984107385e+00
-4.690415433660914957e+00 7.682593689334760167e-02 4.054638714337616134e-02 1.946644378203659986e+00
-4.521770486294184543e+00 1.812818711324671428e+00 -5.814180771955528709e-02 1.277256060394170056e+00
-4.479775893235342643e+00 -2.372389880018977749e-03 1.754643282617415478e-01 2.069522632272211116e+00
-4.460192725678785663e+00 1.729548727347759440e+00 -1.600541905468675112e-03 -4.512159270285375001e+00
