0.000000000000000000e+00 0.000000000000000000e+00 0.000000000000000000e+00 0.000000000000000000e+00
-3.182763055110550567e+02 -2.493376885400361971e+02 -2.493676585500361966e+02 -2.423309015700351665e+02
-2.493675885700362187e+02 -2.493975585800361614e+02 -2.611081008310376887e+02 -2.561640353400376853e+02
0.000000000000000000e+00 0.000000000000000000e+00 0.000000000000000000e+00 0.000000000000000000e+00
0.000000000000000000e+00 0.000000000000000000e+00 0.000000000000000000e+00 0.000000000000000000e+00
-3.259996433415867614e+02 -2.550942155600374690e+02 -2.551241855700374970e+02 -2.551457455300375159e+02
-2.551242455300374559e+02 -2.551542155400375123e+02 -2.685857101415792840e+02 -2.559046000000377603e+02
-3.218049789056058216e+02 -2.566028655100378160e+02 -2.571968752945779215e+02 -2.424607700000358932e+02
-2.567226156100378489e+02 -2.567525856200378485e+02 -2.676663507060391680e+02 -1.812437700000275242e+02
0.000000000000000000e+00 0.000000000000000000e+00 0.000000000000000000e+00 0.000000000000000000e+00
0.000000000000000000e+00 0.000000000000000000e+00 0.000000000000000000e+00 0.000000000000000000e+00
0.000000000000000000e+00 0.000000000000000000e+00 0.000000000000000000e+00 0.000000000000000000e+00
-3.232739441207461368e+02 -2.582617859000382055e+02 -2.582917559100382050e+02 -2.583217259200382045e+02
0.000000000000000000e+00 0.000000000000000000e+00 0.000000000000000000e+00 0.000000000000000000e+00
-1.631547500000233981e+02 -8.696000000001292563e+01 -8.697000000001293074e+01 -8.698000000001292165e+01
0.000000000000000000e+00 0.000000000000000000e+00 0.000000000000000000e+00 0.000000000000000000e+00
0.000000000000000000e+00 0.000000000000000000e+00 0.000000000000000000e+00 0.000000000000000000e+00
-1.704848846407699270e+01 -1.695829738208263748e+01 -1.702808773173284962e+01 -1.765246512541251889e+01
-1.726315889703620954e+01 -1.567818357758525849e+01 -1.707876879332523856e+01 -1.605766631891783547e+01
-1.633547432676995825e+01 -1.746542745146513553e+01 -1.775081673200057253e+01 -1.588038183185495278e+01
0.000000000000000000e+00 0.000000000000000000e+00 0.000000000000000000e+00 0.000000000000000000e+00
-3.679053999882984840e+02 -2.987737100000424562e+02 -3.183106955110550871e+02 -3.183506355510450021e+02
0.000000000000000000e+00 0.000000000000000000e+00 0.000000000000000000e+00 0.000000000000000000e+00
0.000000000000000000e+00 0.000000000000000000e+00 0.000000000000000000e+00 0.000000000000000000e+00
0.000000000000000000e+00 0.000000000000000000e+00 0.000000000000000000e+00 0.000000000000000000e+00
-3.757846060420811227e+02 -3.124414810600449641e+02 -3.260340333415867917e+02 -3.260739733815768204e+02
0.000000000000000000e+00 0.000000000000000000e+00 0.000000000000000000e+00 0.000000000000000000e+00
-3.725651429222314164e+02 -3.106748260096044305e+02 -3.218393689056058520e+02 -3.218793089455958238e+02
0.000000000000000000e+00 0.000000000000000000e+00 0.000000000000000000e+00 0.000000000000000000e+00
-3.732634848012017414e+02 -3.222786494254659146e+02 -3.223185894654559434e+02 -3.223585295054459721e+02
0.000000000000000000e+00 0.000000000000000000e+00 0.000000000000000000e+00 0.000000000000000000e+00
-3.741954676395523620e+02 -3.227980297853760590e+02 -3.228379698253660877e+02 -3.053237758700438462e+02
-3.228278799153460454e+02 -3.054082759000439182e+02 -3.307283531398767877e+02 -2.581918658700382139e+02
0.000000000000000000e+00 0.000000000000000000e+00 0.000000000000000000e+00 0.000000000000000000e+00
-2.282165750400313868e+02 -1.555570000000223558e+02 -1.631737500000234036e+02 -1.556440000000224018e+02
-1.632537300000234097e+02 -1.632737200000234168e+02 -1.755205030400249484e+02 -8.702000000001294211e+01
-8.703000000001293301e+01 -8.704000000001293813e+01 -9.460073000001398213e+01 -1.821069522455247025e+01
-1.557212884432392030e+01 -1.729506785238835320e+01 -1.824749505464539112e+01 -1.585916767207799438e+01
-1.506534262646254696e+01 -1.535774429307432598e+01 -1.573491763259202614e+01 -1.661921449914950344e+01
-1.853617561169036065e+01 -1.674493512617694790e+01 -1.658767579624056765e+01 -1.796746665390093511e+01
-3.686891877695500739e+02 -3.451213528172939959e+02 -3.687590079894200699e+02 -3.687691108207900470e+02
-3.685996172597899658e+02 -3.491293044400477470e+02 -3.622910857972973417e+02 -3.687994582370900503e+02
-4.178765232982200928e+02 -3.684600169398898970e+02 -3.654288768390492805e+02 -3.689486882892701942e+02
0.000000000000000000e+00 0.000000000000000000e+00 0.000000000000000000e+00 0.000000000000000000e+00
-4.247038041947291163e+02 -3.758745725820811572e+02 -3.759244726820312508e+02 -3.759833218819312037e+02
-4.245260696447560917e+02 -3.577324625700495062e+02 -3.758336215820811503e+02 -3.760242728819312106e+02
0.000000000000000000e+00 0.000000000000000000e+00 0.000000000000000000e+00 0.000000000000000000e+00
-4.216532125584093365e+02 -3.530978659100486539e+02 -3.726060939222313664e+02 -3.726559940221814031e+02
0.000000000000000000e+00 0.000000000000000000e+00 0.000000000000000000e+00 0.000000000000000000e+00
-4.220769292049141086e+02 -3.557381644254690514e+02 -3.733044358012018051e+02 -3.732267814577807599e+02
-4.249929855735032334e+02 -3.737240760011019347e+02 -3.939433652623707189e+02 -3.709709870070505531e+02
-3.318251580598637247e+02 -3.544943163700489777e+02 -3.785184404439472132e+02 -3.743020286395523613e+02
0.000000000000000000e+00 0.000000000000000000e+00 0.000000000000000000e+00 0.000000000000000000e+00
0.000000000000000000e+00 0.000000000000000000e+00 0.000000000000000000e+00 0.000000000000000000e+00
-2.804735057050263549e+02 -2.157509700000298380e+02 -2.282436750400313485e+02 -2.282736450500313765e+02
0.000000000000000000e+00 0.000000000000000000e+00 0.000000000000000000e+00 0.000000000000000000e+00
0.000000000000000000e+00 0.000000000000000000e+00 0.000000000000000000e+00 0.000000000000000000e+00
0.000000000000000000e+00 0.000000000000000000e+00 0.000000000000000000e+00 0.000000000000000000e+00
-1.116184800000007016e+01 -1.278766029195454834e+01 -1.188261613734253785e+01 -1.240261362842500859e+01
-2.051293317967898844e+01 -1.823552858285339795e+01 -1.826593139962284340e+01 -1.887654369747070504e+01
0.000000000000000000e+00 0.000000000000000000e+00 0.000000000000000000e+00 0.000000000000000000e+00
0.000000000000000000e+00 0.000000000000000000e+00 0.000000000000000000e+00 0.000000000000000000e+00
-4.617451603443960266e+02 -3.968086295945819870e+02 -4.179233791982200046e+02 -4.179832293980701934e+02
0.000000000000000000e+00 0.000000000000000000e+00 0.000000000000000000e+00 0.000000000000000000e+00
-4.678799656239276032e+02 -4.246456360597290995e+02 -4.247506600947291417e+02 -4.248235045944292665e+02
-4.676736947117303771e+02 -4.015103349646034303e+02 -4.245859144662290419e+02 -4.248703604944292351e+02
0.000000000000000000e+00 0.000000000000000000e+00 0.000000000000000000e+00 0.000000000000000000e+00
-3.702416539044870660e+02 -3.986062849540527964e+02 -3.285844834714899889e+02 -4.201991345781747782e+02
-3.748134951646957802e+02 -3.294626045313901841e+02 -3.393707732807109210e+02 -4.148564217544744110e+02
-4.196434689867498946e+02 -3.997058481254730395e+02 -3.332267059042105188e+02 -4.201581930253282735e+02
-4.215489470045474718e+02 -4.219450144990414060e+02 -3.357397475536915863e+02 -4.215221657334574275e+02
-3.237864590505450906e+02 -3.273995131994093981e+02 -3.366762413494536190e+02 -4.049145810673139181e+02
-3.258725178692705526e+02 -3.316935672835624018e+02 -3.313653836031509172e+02 -3.723049779880507799e+02
-3.322321863511731408e+02 -2.796093994884962513e+02 -2.958631781980377013e+02 -3.559522899200492816e+02
-2.800181506781262897e+02 -2.651591240000348080e+02 -2.841268532504967084e+02 -3.055691940000440354e+02
-2.080035000000287368e+02 -2.278739149800312873e+02 -2.403983255200325004e+02 -2.446914400000363798e+02
-2.591109961300384157e+02 -2.591409661400384152e+02 -1.744889300000247658e+02 -2.534376000000390832e+02
-8.677000000001288527e+01 -8.680000000001288640e+01 -1.974266961300299101e+02 -9.643000000001507033e+01
0.000000000000000000e+00 0.000000000000000000e+00 0.000000000000000000e+00 0.000000000000000000e+00
-2.112915335490621516e+01 -2.404094809683613221e+01 -3.396196109658885742e+00 -2.041553942615628259e+01
0.000000000000000000e+00 0.000000000000000000e+00 0.000000000000000000e+00 0.000000000000000000e+00
-5.055412279886338638e+02 -4.708241075334242396e+02 -4.708938978830743736e+02 -4.419823008710150134e+02
-4.527910738562032975e+02 -4.359017645502980827e+02 -4.600384446503486515e+02 -4.130729014841913909e+02
0.000000000000000000e+00 0.000000000000000000e+00 0.000000000000000000e+00 0.000000000000000000e+00
-5.025534269286344511e+02 -4.678129755683275448e+02 -4.679321359339277251e+02 -4.680195463232280417e+02
-5.023191049315905730e+02 -4.424720915906165715e+02 -4.677434674888125983e+02 -4.680717166332279930e+02
0.000000000000000000e+00 0.000000000000000000e+00 0.000000000000000000e+00 0.000000000000000000e+00
-4.094591272965957387e+02 -4.402364321774360860e+02 -3.745609838144315518e+02 -3.561920419367642694e+02
-3.745707243539717979e+02 -3.717985437316901312e+02 -3.789493592233167760e+02 -3.303828644966304751e+02
-3.289236244110301186e+02 -4.219236086465686526e+02 -3.474782518730683591e+02 -3.318328851895422531e+02
-3.309265440650419805e+02 -4.237388369692780543e+02 -3.384700472260402648e+02 -3.325190708242894289e+02
-3.125188881328425623e+02 -3.298515772698870023e+02 -3.376114005960967575e+02 -3.339176434734453096e+02
-3.315937670836624420e+02 -3.316526162835624518e+02 -3.377579156442495218e+02 -3.249025117315305806e+02
-3.102602022485286852e+02 -3.283941568611727462e+02 -3.357919089110129107e+02 -3.324306013511731521e+02
0.000000000000000000e+00 0.000000000000000000e+00 0.000000000000000000e+00 0.000000000000000000e+00
-1.517650400000208037e+02 -2.278468149800312688e+02 -1.629738300000233835e+02 -1.736631400000258054e+02
0.000000000000000000e+00 0.000000000000000000e+00 0.000000000000000000e+00 0.000000000000000000e+00
-8.678000000001287617e+01 -8.679000000001288129e+01 -2.428818244078198418e+01 -2.464664578463663958e+01
-2.413423845315448801e+01 -2.850242477966830279e+01 -2.423122916178198238e+01 -2.198428160484588645e+01
-4.111193742369084703e+01 -6.610662753729084073e+00 -4.155806894445177591e+01 -3.246069794669317332e+01
-5.060301375777802377e+02 -4.998347166760405003e+02 -5.061496286963314333e+02 -5.062521165359326005e+02
-5.363638929220479667e+02 -4.832012144908194387e+02 -5.038325693014318176e+02 -5.063090698149326272e+02
0.000000000000000000e+00 0.000000000000000000e+00 0.000000000000000000e+00 0.000000000000000000e+00
0.000000000000000000e+00 0.000000000000000000e+00 0.000000000000000000e+00 0.000000000000000000e+00
-5.354952578295356034e+02 -5.024779710179043946e+02 -5.026103802076344209e+02 -5.027128680472355882e+02
-5.326774908569105946e+02 -4.775749476500683386e+02 -5.023987817308365607e+02 -5.027698213262356148e+02
0.000000000000000000e+00 0.000000000000000000e+00 0.000000000000000000e+00 0.000000000000000000e+00
-4.419872960305433480e+02 -4.758212681673600173e+02 -4.095112976065958037e+02 -4.095810879562459945e+02
0.000000000000000000e+00 0.000000000000000000e+00 0.000000000000000000e+00 0.000000000000000000e+00
0.000000000000000000e+00 0.000000000000000000e+00 0.000000000000000000e+00 0.000000000000000000e+00
0.000000000000000000e+00 0.000000000000000000e+00 0.000000000000000000e+00 0.000000000000000000e+00
0.000000000000000000e+00 0.000000000000000000e+00 0.000000000000000000e+00 0.000000000000000000e+00
0.000000000000000000e+00 0.000000000000000000e+00 0.000000000000000000e+00 0.000000000000000000e+00
-2.555066863485207307e+02 -3.308250529784729679e+02 -2.668800965635232956e+02 -2.662966051300350045e+02
-2.178509364915219351e+02 -2.791391830663782230e+02 -2.980459930154028143e+02 -2.709125207441582575e+02
0.000000000000000000e+00 0.000000000000000000e+00 0.000000000000000000e+00 0.000000000000000000e+00
-1.628747711700232799e+02 -8.733000000001300123e+01 -8.734000000001300634e+01 -8.735000000001301146e+01
0.000000000000000000e+00 0.000000000000000000e+00 0.000000000000000000e+00 0.000000000000000000e+00
0.000000000000000000e+00 0.000000000000000000e+00 0.000000000000000000e+00 0.000000000000000000e+00
-5.447170010792862627e+01 -9.682207547079363152e+00 -5.424052240602258479e+01 -4.560224646325158915e+01
0.000000000000000000e+00 0.000000000000000000e+00 0.000000000000000000e+00 0.000000000000000000e+00
-5.363582036560550250e+02 -5.112278325364854368e+02 -4.663236046055974953e+02 -5.364417244859735092e+02
-5.060894466400883402e+02 -5.362692503912301163e+02 -5.138112975676041287e+02 -5.364756783891962186e+02
-5.361704662386821383e+02 -4.656167371855395913e+02 -5.267065003770511566e+02 -5.363447368122974694e+02
-5.347167152795245784e+02 -5.348974302639892358e+02 -5.147709371219269769e+02 -5.371111735171817827e+02
-4.768957804777870706e+02 -5.076481416202929040e+02 -5.309661498518371445e+02 -5.362976840841660078e+02
-4.659419467552488641e+02 -4.660340857422486351e+02 -4.669724411777737600e+02 -5.292789368465834059e+02
-4.875215205702467642e+02 -5.071226599761498619e+02 -4.506699721962053786e+02 -4.631412925169896084e+02
-4.895086731639120217e+02 -4.605925145692808087e+02 -4.554207424914148419e+02 -4.734380748179972898e+02
-4.891589299542233675e+02 -4.698810390767824856e+02 -4.674364986450174229e+02 -4.722963391253485952e+02
-4.809228737467600467e+02 -4.808005789535876033e+02 -4.794083938000761691e+02 -4.813781747463054330e+02
-4.819715330972737775e+02 -4.822087932314376530e+02 -4.845919469407390352e+02 -4.828417851157244627e+02
-4.833859046447182095e+02 -4.843169921269565066e+02 -4.853923558867241468e+02 -4.819703839852074907e+02
0.000000000000000000e+00 0.000000000000000000e+00 0.000000000000000000e+00 0.000000000000000000e+00
-2.793141910920361966e+02 -2.714903965799736056e+02 -1.737060520455316350e+02 -2.555483919371495105e+01
-2.021044047131901493e+02 -1.734176629089595565e+02 -1.647950235759765576e+02 -2.318180324051429508e+01
-1.449725187162966051e+02 -1.547660000000221885e+02 -1.468075057283824378e+02 -2.070761853643386274e+01
-1.241096581275746473e+02 -1.045344536524448671e+02 -1.201181033075265390e+02 -1.812803838716435934e+01
-8.249418458351532024e+01 -7.600024800436246153e+01 -8.426157300569462905e+01 -1.543542470137479938e+01
-8.848136414839308372e+01 -1.262193783633090050e+01 -7.624794852805304401e+01 -6.334499197176641871e+01
-5.845696209709435607e+02 -5.843480765052379411e+02 -5.835229843884731054e+02 -5.840310004603937841e+02
0.000000000000000000e+00 0.000000000000000000e+00 0.000000000000000000e+00 0.000000000000000000e+00
-4.650884558847012613e+02 -5.310619244351967154e+02 -5.034970770688419179e+02 -5.035767976281423444e+02
0.000000000000000000e+00 0.000000000000000000e+00 0.000000000000000000e+00 0.000000000000000000e+00
0.000000000000000000e+00 0.000000000000000000e+00 0.000000000000000000e+00 0.000000000000000000e+00
-5.000514202854511723e+02 -5.319886697134213591e+02 -4.958805070542432532e+02 -4.957161127972417489e+02
0.000000000000000000e+00 0.000000000000000000e+00 0.000000000000000000e+00 0.000000000000000000e+00
-4.860598761842894078e+02 -4.871296600167718793e+02 -4.900837413054378544e+02 -4.905467237333362505e+02
-5.051226107955870930e+02 -4.805557617156572405e+02 -4.884995810172804340e+02 -4.918115631051721266e+02
-4.907481314943208872e+02 -4.682648096955184656e+02 -5.015820349669554616e+02 -4.714207791186541385e+02
0.000000000000000000e+00 0.000000000000000000e+00 0.000000000000000000e+00 0.000000000000000000e+00
0.000000000000000000e+00 0.000000000000000000e+00 0.000000000000000000e+00 0.000000000000000000e+00
0.000000000000000000e+00 0.000000000000000000e+00 0.000000000000000000e+00 0.000000000000000000e+00
0.000000000000000000e+00 0.000000000000000000e+00 0.000000000000000000e+00 0.000000000000000000e+00
-2.004003822198729097e+02 -2.782694191134385520e+01 -2.902742447604886706e+02 -2.417049682262200747e+02
0.000000000000000000e+00 0.000000000000000000e+00 0.000000000000000000e+00 0.000000000000000000e+00
0.000000000000000000e+00 0.000000000000000000e+00 0.000000000000000000e+00 0.000000000000000000e+00
0.000000000000000000e+00 0.000000000000000000e+00 0.000000000000000000e+00 0.000000000000000000e+00
0.000000000000000000e+00 0.000000000000000000e+00 0.000000000000000000e+00 0.000000000000000000e+00
-8.988710189636651648e+01 -8.252673926314210462e+01 -9.012044670920053591e+01 -9.014288063411827068e+01
-5.832488627075492786e+02 -5.830268761645602353e+02 -5.829712550494692778e+02 -5.832871713831416400e+02
0.000000000000000000e+00 0.000000000000000000e+00 0.000000000000000000e+00 0.000000000000000000e+00
0.000000000000000000e+00 0.000000000000000000e+00 0.000000000000000000e+00 0.000000000000000000e+00
0.000000000000000000e+00 0.000000000000000000e+00 0.000000000000000000e+00 0.000000000000000000e+00
0.000000000000000000e+00 0.000000000000000000e+00 0.000000000000000000e+00 0.000000000000000000e+00
-5.403865566779412575e+02 -5.514925966908731425e+02 -5.401926861831258293e+02 -5.399422594478780866e+02
-5.402718891825518313e+02 -5.405440101198594220e+02 -5.406317659560286302e+02 -5.406663304420328586e+02
0.000000000000000000e+00 0.000000000000000000e+00 0.000000000000000000e+00 0.000000000000000000e+00
-5.102577294196748880e+02 -4.920310306576965331e+02 -5.126296316059502942e+02 -5.169858759142016424e+02
-4.310563006109464936e+02 -4.730050178762944597e+02 -5.033558999957116384e+02 -3.909415494852010653e+01
-3.665288620900248020e+02 -4.872108076148393820e+02 -4.876006698037913338e+02 -3.748735902267684850e+01
-4.425745213033183063e+02 -3.834777976963752053e+02 -3.447175109900979351e+02 -3.577063533152422536e+01
-4.312939268981519376e+02 -3.564812751717111041e+02 -4.167692573017654922e+02 -3.394513309019848890e+01
-3.845297226983319661e+02 -3.626680480999602878e+02 -2.421622006458624696e+02 -3.202992230620969138e+01
-3.928256454636736521e+02 -2.999050047559693510e+01 -2.260491674662664252e+02 -3.458689422387736840e+02
-4.061698513025251032e+02 -3.594844001568723115e+02 -2.978929669955387567e+02 -3.639431844098115221e+02
0.000000000000000000e+00 0.000000000000000000e+00 0.000000000000000000e+00 0.000000000000000000e+00
-4.303230176578821897e+02 -4.295511223740898572e+02 -4.298078982252450828e+02 -4.300844947947230708e+02
0.000000000000000000e+00 0.000000000000000000e+00 0.000000000000000000e+00 0.000000000000000000e+00
0.000000000000000000e+00 0.000000000000000000e+00 0.000000000000000000e+00 0.000000000000000000e+00
-5.804975638301245908e+02 -5.816113648394177744e+02 -5.814085011460957730e+02 -5.814484360905548783e+02
-5.790895189749054452e+02 -5.804049958666267912e+02 -5.790335838862399669e+02 -5.804632981569508274e+02
-5.768050957475944642e+02 -5.773504052820787820e+02 -5.775819233652165394e+02 -5.771081584462599494e+02
-5.748025938196477682e+02 -5.737335642978707710e+02 -5.745821294359001286e+02 -5.967584589558930475e+02
-5.628282017383335187e+02 -5.630480342083212690e+02 -5.652029562395466655e+02 -5.890158898717315878e+02
-5.261378232501440380e+02 -5.699039655068384036e+02 -5.557096030274924487e+02 -5.590790702108616870e+02
0.000000000000000000e+00 0.000000000000000000e+00 0.000000000000000000e+00 0.000000000000000000e+00
-5.536959878269918818e+02 -5.534086102840329886e+02 -5.537515469140396362e+02 -5.534485982950851621e+02
0.000000000000000000e+00 0.000000000000000000e+00 0.000000000000000000e+00 0.000000000000000000e+00
-4.607978300699458032e+02 -4.059127947592758545e+01 -4.656272304649963303e+02 -3.822462529814803815e+02
0.000000000000000000e+00 0.000000000000000000e+00 0.000000000000000000e+00 0.000000000000000000e+00
-4.637773159570333519e+02 -3.833248392170904140e+02 -4.307480845060247816e+02 -4.316428786464031191e+02
0.000000000000000000e+00 0.000000000000000000e+00 0.000000000000000000e+00 0.000000000000000000e+00
-4.460890461452854652e+02 -3.278146241876202680e+02 -4.059685568693548134e+02 -4.194513317241812729e+02
-4.414580232725750761e+02 -2.640389030648544235e+02 -4.057312527738647532e+02 -3.988328362168678041e+02
-4.059083075287451265e+02 -4.047885242793159364e+02 -4.093114794427815468e+02 -4.100502498140320995e+02
-4.178740127081744049e+02 -4.193678035874341390e+02 -4.218141805183657311e+02 -4.201177250528226068e+02
-4.216288571539177497e+02 -4.267348018991962135e+02 -4.263139014598633025e+02 -4.197516909422606659e+02
-4.224458400449923943e+02 -4.196542976085923442e+02 -4.250318374387710492e+02 -4.246821181098016496e+02
-4.264377398227210278e+02 -4.265768334527309662e+02 -4.279656143740151037e+02 -4.267948932999182148e+02
0.000000000000000000e+00 0.000000000000000000e+00 0.000000000000000000e+00 0.000000000000000000e+00
0.000000000000000000e+00 0.000000000000000000e+00 0.000000000000000000e+00 0.000000000000000000e+00
0.000000000000000000e+00 0.000000000000000000e+00 0.000000000000000000e+00 0.000000000000000000e+00
-5.790867897531917379e+02 -6.005602052280233920e+02 -5.759583401287487732e+02 -5.762053630027780855e+02
0.000000000000000000e+00 0.000000000000000000e+00 0.000000000000000000e+00 0.000000000000000000e+00
-3.598781579967948687e+02 -5.548213457141404206e+02 -5.609329697493983531e+02 -5.613314478788838642e+02
0.000000000000000000e+00 0.000000000000000000e+00 0.000000000000000000e+00 0.000000000000000000e+00
-4.581141700235588132e+02 -5.522075807720136709e+02 -5.517974371445745874e+02 -5.520253303849276563e+02
0.000000000000000000e+00 0.000000000000000000e+00 0.000000000000000000e+00 0.000000000000000000e+00
-4.869137433848893011e+02 -4.197734753388979811e+01 -3.949604673771502235e+02 -5.272366751834522347e+02
-5.372144403489027127e+02 -5.360666332532077831e+02 -4.435233459851280600e+02 -5.363827338021239939e+02
0.000000000000000000e+00 0.000000000000000000e+00 0.000000000000000000e+00 0.000000000000000000e+00
-4.462082065108854749e+02 -4.462779968605357226e+02 -4.463477872101859703e+02 -4.479082141987387331e+02
-4.753983201220642059e+02 -4.518280074700896876e+02 -4.461560362008855236e+02 -4.562627862406018266e+02
-4.751639981250202709e+02 -3.962483953578283149e+02 -4.459497652886882406e+02 -4.402554719888132695e+02
0.000000000000000000e+00 0.000000000000000000e+00 0.000000000000000000e+00 0.000000000000000000e+00
-4.159529460657641948e+02 -4.230099836584549280e+02 -4.193096895494362002e+02 -4.195863059594730089e+02
0.000000000000000000e+00 0.000000000000000000e+00 0.000000000000000000e+00 0.000000000000000000e+00
-4.274267764916897931e+02 -4.278043219074935450e+02 -4.233434634112746267e+02 -4.212277638406484925e+02
0.000000000000000000e+00 0.000000000000000000e+00 0.000000000000000000e+00 0.000000000000000000e+00
0.000000000000000000e+00 0.000000000000000000e+00 0.000000000000000000e+00 0.000000000000000000e+00
-6.363599777770573382e+02 -6.365089323134371853e+02 -6.366578868498172596e+02 -6.378866384187831500e+02
-6.170565438369675348e+02 -6.168913447559842780e+02 -6.362805668902667549e+02 -5.969810029564381466e+02
-5.881053726291402199e+02 -6.105738304549020086e+02 -5.893561914969500322e+02 -5.828810843775388548e+02
-5.802385971796176136e+02 -5.800140814049838127e+02 -5.800435776394567711e+02 -4.745427738947130933e+02
-5.191961700041987342e+02 -5.615409816030219190e+02 -5.699341617381111291e+02 -4.731439883657247947e+01
-5.636235603121743907e+02 -4.549816001457311359e+02 -4.706930064068831712e+02 -4.643492232271651687e+01
-5.729024391060355583e+02 -5.435963142099101333e+02 -5.535537157331641538e+02 -4.547182800042386219e+01
-5.081411829969607084e+02 -4.634686153630962053e+02 -4.631886997950386444e+02 -4.441387750791796662e+01
-5.342773916636652984e+02 -4.325105587974731236e+01 -3.742473781270648487e+02 -5.089058081715898538e+02
-5.334054968613618257e+02 -5.327447884018556579e+02 -4.021793578482526641e+02 -5.333263916079877163e+02
-5.308190634750125128e+02 -5.408126478680106857e+02 -5.327893270753049819e+02 -5.303745696830635552e+02
0.000000000000000000e+00 0.000000000000000000e+00 0.000000000000000000e+00 0.000000000000000000e+00
-5.048893076058624274e+02 -4.838765120587117963e+02 -4.754552734010642325e+02 -4.755094240530632987e+02
-5.051506487828809782e+02 -4.492054726942888578e+02 -4.752436749242662017e+02 -4.753706684645063092e+02
-5.034778831496300882e+02 -4.750381462902573162e+02 -4.724338470417549161e+02 -4.757443351789160033e+02
0.000000000000000000e+00 0.000000000000000000e+00 0.000000000000000000e+00 0.000000000000000000e+00
-5.093620364759756285e+02 -5.084061513304333744e+02 -5.081735989722188265e+02 -5.084010865940045960e+02
0.000000000000000000e+00 0.000000000000000000e+00 0.000000000000000000e+00 0.000000000000000000e+00
0.000000000000000000e+00 0.000000000000000000e+00 0.000000000000000000e+00 0.000000000000000000e+00
0.000000000000000000e+00 0.000000000000000000e+00 0.000000000000000000e+00 0.000000000000000000e+00
0.000000000000000000e+00 0.000000000000000000e+00 0.000000000000000000e+00 0.000000000000000000e+00
-6.206875458422094880e+02 -6.099917531714939969e+02 -6.203993065439901784e+02 -6.202616230965517161e+02
0.000000000000000000e+00 0.000000000000000000e+00 0.000000000000000000e+00 0.000000000000000000e+00
0.000000000000000000e+00 0.000000000000000000e+00 0.000000000000000000e+00 0.000000000000000000e+00
-4.045980795275083892e+02 -4.811911957534103834e+01 -5.269659046927502004e+02 -5.750944116892242164e+02
-5.829595504136990485e+02 -4.518542463242129656e+02 -5.763655419690935560e+02 -5.726134995756964372e+02
-5.690779715156897964e+02 -4.394441827846778210e+02 -5.723710429977999183e+02 -5.693661082229110662e+02
0.000000000000000000e+00 0.000000000000000000e+00 0.000000000000000000e+00 0.000000000000000000e+00
-5.546757564435731638e+02 -4.450713532850318757e+02 -5.537355077737297506e+02 -5.542852248203668069e+02
0.000000000000000000e+00 0.000000000000000000e+00 0.000000000000000000e+00 0.000000000000000000e+00
-5.313125214099929963e+02 -5.310419899979514184e+02 -5.326247723691001283e+02 -5.327796844281544963e+02
-5.255097425734721810e+02 -5.249441479150079886e+02 -5.254790827694343989e+02 -5.235973952667104641e+02
-5.147529408808385369e+02 -5.132949847947296576e+02 -5.137868395542539020e+02 -5.117691245179955786e+02
-5.086607156395278935e+02 -5.036233452348657238e+02 -5.057775445308195117e+02 -5.051442825008614363e+02
-5.032467892909071452e+02 -4.893123187762777206e+02 -5.034314893457211610e+02 -5.044942805781689685e+02
-5.034514879872505162e+02 -5.050859879979899461e+02 -5.011358415152133148e+02 -5.051873751904228698e+02
-5.046591491014677899e+02 -5.027410533761182592e+02 -5.034201852775719317e+02 -5.052721474895930669e+02
-5.318155122582430749e+02 -5.046695674743846212e+02 -4.979049484664190004e+02 -5.073275075048678104e+02
-5.339140366614886943e+02 -5.053043857993743586e+02 -5.202264005415247539e+02 -5.054178690714861659e+02
-6.356162332454867965e+02 -6.357062876103686904e+02 -6.354788421607513556e+02 -6.360749851882887924e+02
-6.309872707504441678e+02 -6.324000510812015818e+02 -6.316777274997848508e+02 -6.314406931208345668e+02
-6.268031278287396617e+02 -6.222262618092674984e+02 -6.257514294425201342e+02 -6.253748368611940123e+02
0.000000000000000000e+00 0.000000000000000000e+00 0.000000000000000000e+00 0.000000000000000000e+00
-5.910072358612222843e+02 -5.904688544881307735e+02 -5.907153686868268778e+02 -5.421582200969749010e+02
-4.439181175827129096e+02 -4.884440391013700378e+01 -5.844127932611895631e+02 -5.796791593486977945e+02
-5.816223267380610196e+02 -5.827217202882013680e+02 -5.833403095850133013e+02 -5.724741101117930384e+02
-5.766085816363107597e+02 -5.553996833078994086e+02 -5.812105240080700241e+02 -5.702480905600681353e+02
-5.660303619936787527e+02 -5.662793165300586224e+02 -5.688532424104294023e+02 -5.651906126391094176e+02
-5.609850953817191339e+02 -5.575130578657193610e+02 -5.611627647534498919e+02 -5.613606470872971386e+02
0.000000000000000000e+00 0.000000000000000000e+00 0.000000000000000000e+00 0.000000000000000000e+00
0.000000000000000000e+00 0.000000000000000000e+00 0.000000000000000000e+00 0.000000000000000000e+00
-5.238142802416870154e+02 -5.256133883791412700e+02 -5.232882561727411712e+02 -5.229818048553441940e+02
-5.216761880615403015e+02 -5.196699933734561228e+02 -5.221713460216460589e+02 -5.208469441901885375e+02
0.000000000000000000e+00 0.000000000000000000e+00 0.000000000000000000e+00 0.000000000000000000e+00
-5.063303446212783001e+02 -5.046333493899688278e+02 -5.064278679209695611e+02 -5.061987210729690219e+02
-5.068603696830008403e+02 -5.073762756102189542e+02 -5.068670855545865379e+02 -5.068792299887098807e+02
0.000000000000000000e+00 0.000000000000000000e+00 0.000000000000000000e+00 0.000000000000000000e+00
-5.304138389429439258e+02 -5.103420442541487887e+02 -5.111550179104638119e+02 -5.119230760678120760e+02
-5.335277264357532658e+02 -5.309220646006416473e+02 -5.164954457270999910e+02 -5.153083917071886617e+02
-6.394995458353494087e+02 -6.393036469609176038e+02 -6.385187949405815289e+02 -6.389549677711999038e+02
0.000000000000000000e+00 0.000000000000000000e+00 0.000000000000000000e+00 0.000000000000000000e+00
-6.388717570468347731e+02 -6.345676101030784366e+02 -6.394790629467454437e+02 -6.388699440986505351e+02
0.000000000000000000e+00 0.000000000000000000e+00 0.000000000000000000e+00 0.000000000000000000e+00
-5.949967621396399409e+02 -5.952383113495479847e+02 -5.952237748805483761e+02 -2.815539827492047493e+02
-4.455741475161509584e+02 -4.949645633672809453e+01 -5.931618766513976198e+02 -4.893523115492678812e+02
0.000000000000000000e+00 0.000000000000000000e+00 0.000000000000000000e+00 0.000000000000000000e+00
0.000000000000000000e+00 0.000000000000000000e+00 0.000000000000000000e+00 0.000000000000000000e+00
0.000000000000000000e+00 0.000000000000000000e+00 0.000000000000000000e+00 0.000000000000000000e+00
-5.699678276960424910e+02 -5.747760925292952834e+02 -5.693443130167262325e+02 -5.705457544431499173e+02
-5.733111792533889002e+02 -5.734934699472855755e+02 -5.736291310114539783e+02 -5.727785057793995520e+02
0.000000000000000000e+00 0.000000000000000000e+00 0.000000000000000000e+00 0.000000000000000000e+00
-5.258564699752065508e+02 -5.300355791148865592e+02 -5.238474184808379732e+02 -5.256805744503490132e+02
-5.157150148222269763e+02 -5.165696856365948406e+02 -5.197329778134259186e+02 -5.163603642380957126e+02
-5.097590798022862941e+02 -5.093941114982927729e+02 -5.111918581725297486e+02 -5.100832120954545417e+02
-5.079749186383760957e+02 -5.086120024439467215e+02 -5.078548456724711855e+02 -5.080426309793849100e+02
-5.085002078781540718e+02 -5.063701282689760319e+02 -5.063609597276844170e+02 -5.061791786264309962e+02
-5.201100500882010920e+02 -5.060287837625085103e+02 -5.053549707018983099e+02 -5.066433654030097955e+02
-5.315646703628129899e+02 -5.115205769421930881e+02 -5.111165746114737090e+02 -5.220017107988321641e+02
-5.335358905611717546e+02 -5.299921420333746482e+02 -5.337368819538259004e+02 -4.514003462891555500e+02
-6.414287620749703365e+02 -6.421949061127370442e+02 -6.420468332844423003e+02 -6.416550140698645919e+02
0.000000000000000000e+00 0.000000000000000000e+00 0.000000000000000000e+00 0.000000000000000000e+00
-6.426319162558818334e+02 -6.422123987808221273e+02 -6.422744355809156787e+02 -6.423103617838390846e+02
0.000000000000000000e+00 0.000000000000000000e+00 0.000000000000000000e+00 0.000000000000000000e+00
-6.217791073608846091e+02 -4.873542733984720599e+02 -6.243724709362788872e+02 -6.063732784831692015e+02
-4.500055141388337461e+02 -5.006176970006560367e+01 -5.938746101426477253e+02 -6.012804555724321744e+02
-6.013806075421865671e+02 -6.017208424426850115e+02 -6.162508020183513509e+02 -5.998721592091080765e+02
-5.942479197442993382e+02 -6.143517774750866920e+02 -6.166731066024658503e+02 -5.966738673593313251e+02
0.000000000000000000e+00 0.000000000000000000e+00 0.000000000000000000e+00 0.000000000000000000e+00
-5.749135309343599829e+02 -5.813213127834314946e+02 -5.748852100340693596e+02 -5.749507402995400298e+02
-5.749059835852509650e+02 -5.753553238289764522e+02 -5.749538675736600908e+02 -5.751839013926054349e+02
0.000000000000000000e+00 0.000000000000000000e+00 0.000000000000000000e+00 0.000000000000000000e+00
-5.303571279754623902e+02 -5.319836567760875141e+02 -5.347628467564079529e+02 -5.320058596822631216e+02
0.000000000000000000e+00 0.000000000000000000e+00 0.000000000000000000e+00 0.000000000000000000e+00
0.000000000000000000e+00 0.000000000000000000e+00 0.000000000000000000e+00 0.000000000000000000e+00
-5.204626346081847714e+02 -5.102679830360734741e+02 -5.102439222978349562e+02 -5.101687804788160747e+02
0.000000000000000000e+00 0.000000000000000000e+00 0.000000000000000000e+00 0.000000000000000000e+00
-5.202351247030894683e+02 -5.056796067049696148e+02 -5.050257027555980471e+02 -5.047155864199970665e+02
-5.307797252823845611e+02 -5.198438988685112463e+02 -5.085460828362472512e+02 -5.076320709969511427e+02
0.000000000000000000e+00 0.000000000000000000e+00 0.000000000000000000e+00 0.000000000000000000e+00
-6.435865791211111855e+02 -6.436053442746805331e+02 -6.439997447773996555e+02 -6.446226339538191041e+02
-6.453135148384842523e+02 -6.456012891696467477e+02 -6.452394996056005994e+02 -6.458973622878789911e+02
-6.445954380369530554e+02 -6.454065611912353688e+02 -6.454896870864686207e+02 -6.451400693303814933e+02
0.000000000000000000e+00 0.000000000000000000e+00 0.000000000000000000e+00 0.000000000000000000e+00
-6.260429322745868603e+02 -5.897615797582121786e+02 -6.248002541387477322e+02 -6.139939681729169934e+02
-4.951358422068475420e+02 -5.054671658507267296e+01 -6.192700898014110180e+02 -4.434979882059085412e+02
0.000000000000000000e+00 0.000000000000000000e+00 0.000000000000000000e+00 0.000000000000000000e+00
-5.819117649582746026e+02 -6.055198287723067097e+02 -5.841629086588091013e+02 -5.895318943752317864e+02
-5.806321892314889510e+02 -5.819684564775111539e+02 -5.822722836097070740e+02 -5.854448995369417617e+02
-5.840222480908853413e+02 -5.844397094860897823e+02 -5.797853020613387116e+02 -5.843296576629171568e+02
0.000000000000000000e+00 0.000000000000000000e+00 0.000000000000000000e+00 0.000000000000000000e+00
0.000000000000000000e+00 0.000000000000000000e+00 0.000000000000000000e+00 0.000000000000000000e+00
-5.341993582525560669e+02 -5.350138226130246721e+02 -5.344759680941064062e+02 -5.346740794458112305e+02
0.000000000000000000e+00 0.000000000000000000e+00 0.000000000000000000e+00 0.000000000000000000e+00
-5.200293098277096533e+02 -5.053813613716528153e+02 -5.054914781973924391e+02 -5.059039492474139479e+02
-5.195722228543195342e+02 -5.079911611728219327e+02 -5.096456946880019814e+02 -5.074797904532995290e+02
-5.372291414047660965e+02 -5.099905653207474643e+02 -5.081771190219104710e+02 -5.098466792101181113e+02
-5.272863409012817328e+02 -5.066540908354834301e+02 -5.058376824665708114e+02 -5.192607623528435852e+02
-4.381463836788789195e+02 -5.194519452204033314e+02 -5.307944849399061695e+02 -5.162441626842573896e+02
-4.286709939273490590e+02 -4.287606347660903339e+02 -5.151861755512070431e+02 -5.028352057854797295e+02
-6.443598229100552999e+02 -6.443816237646132095e+02 -6.437495835024490134e+02 -6.441178192059390994e+02
0.000000000000000000e+00 0.000000000000000000e+00 0.000000000000000000e+00 0.000000000000000000e+00
-5.852551845236338295e+02 -6.451723968685741966e+02 -6.449608937321058875e+02 -6.448074374606775336e+02
0.000000000000000000e+00 0.000000000000000000e+00 0.000000000000000000e+00 0.000000000000000000e+00
-6.280381426295410847e+02 -6.113312338961721935e+02 -6.261294237574101089e+02 -6.268868967646837973e+02
-5.617994601592805566e+02 -5.093575842706738399e+01 -6.213900707025738939e+02 -5.613792887851461728e+02
0.000000000000000000e+00 0.000000000000000000e+00 0.000000000000000000e+00 0.000000000000000000e+00
-5.730975982091920287e+02 -6.127882247779870113e+02 -5.913055561193958738e+02 -5.914545106557759482e+02
0.000000000000000000e+00 0.000000000000000000e+00 0.000000000000000000e+00 0.000000000000000000e+00
0.000000000000000000e+00 0.000000000000000000e+00 0.000000000000000000e+00 0.000000000000000000e+00
-5.663624591085456359e+02 -5.569895992592905714e+02 -5.571089414543484963e+02 -5.572282836494064213e+02
0.000000000000000000e+00 0.000000000000000000e+00 0.000000000000000000e+00 0.000000000000000000e+00
0.000000000000000000e+00 0.000000000000000000e+00 0.000000000000000000e+00 0.000000000000000000e+00
-5.158806700691549167e+02 -5.142404593702958664e+02 -5.140269165281061987e+02 -5.140859863850374722e+02
-5.338269283358270059e+02 -5.106831894670419842e+02 -5.116087038315627069e+02 -5.173381731909657901e+02
-5.383634392803404580e+02 -5.150198184779993653e+02 -5.380879813808666086e+02 -5.141378463400403689e+02
-5.009699006549921023e+02 -5.349624669926067781e+02 -5.397412325364368826e+02 -5.115172362291772288e+02
-5.253455420213492744e+02 -5.098044661370048516e+02 -5.381875735125205438e+02 -4.542900859631304229e+02
0.000000000000000000e+00 0.000000000000000000e+00 0.000000000000000000e+00 0.000000000000000000e+00
0.000000000000000000e+00 0.000000000000000000e+00 0.000000000000000000e+00 0.000000000000000000e+00
0.000000000000000000e+00 0.000000000000000000e+00 0.000000000000000000e+00 0.000000000000000000e+00
-6.410756928464145403e+02 -6.410856272638833389e+02 -6.405266303952760154e+02 -6.410689595814872064e+02
-5.997034133585369773e+02 -6.400012104654342693e+02 -6.392347334307612527e+02 -5.123932018772328689e+01
-6.378419686367943768e+02 -4.784132294987489900e+02 -5.261873066583259515e+02 -5.136112901425513400e+01
-6.268805527271490519e+02 -6.253801426602320817e+02 -6.342890361108051138e+02 -5.134347149974889390e+01
-6.141829338995009948e+02 -5.117748095446650325e+01 -4.096070565603795330e+02 -4.304614634221782694e+02
0.000000000000000000e+00 0.000000000000000000e+00 0.000000000000000000e+00 0.000000000000000000e+00
-5.741837964400374403e+02 -6.061282101714588180e+02 -5.737818908452877622e+02 -5.676721838784764032e+02
-5.981424270577632569e+02 -6.043380676069551782e+02 -6.114539255309185819e+02 -5.500890330398721062e+02
-5.457998778027106255e+02 -5.454058541063832308e+02 -5.922529798315140397e+02 -5.420090555052912578e+02
-5.658209258445828027e+02 -5.598833523459891239e+02 -5.902756683617719773e+02 -5.273903961161961433e+02
-5.642198245990862233e+02 -5.643391667941441483e+02 -5.663567399681096504e+02 -5.159636851307797087e+02
-6.357178211089681099e+02 -5.506584621254349941e+02 -5.599210388234021138e+02 -5.083949543680868715e+02
-5.092182126368913373e+02 -5.088761339371119448e+02 -5.446016730382536934e+02 -5.159218443065160500e+02
-5.196116443032356074e+02 -5.127168805145402075e+02 -5.414315406289340444e+02 -5.382957387647462610e+02
0.000000000000000000e+00 0.000000000000000000e+00 0.000000000000000000e+00 0.000000000000000000e+00
-4.841467730502238282e+02 -5.211526347263962862e+02 -4.975048341955951514e+02 -5.029770647274905855e+02
-5.078337848001864927e+02 -5.361327989463492258e+02 -5.127966110375832613e+02 -5.128035697857393416e+02
-5.320391972930660813e+02 -4.770458521275338626e+02 -5.360264163133799684e+02 -5.338699825271725103e+02
-5.349747192856417541e+02 -5.363862264361846428e+02 -5.371826882064326583e+02 -5.365650605073773249e+02
-6.416292595947141990e+02 -6.410566652737028335e+02 -6.413282718062931735e+02 -6.416400885115664323e+02
-6.406976820622479636e+02 -6.413116213371017693e+02 -6.410853871023793999e+02 -6.412195388201721471e+02
-6.403644288798089974e+02 -4.228284277564777085e+02 -6.410843150238888484e+02 -6.408506371302279376e+02
0.000000000000000000e+00 0.000000000000000000e+00 0.000000000000000000e+00 0.000000000000000000e+00
-6.279272700031508521e+02 -6.279708865220620737e+02 -6.100698683496236754e+02 -6.267876898490770827e+02
-6.268701197090476853e+02 -5.107138745849630936e+02 -6.270541063057637530e+02 -6.222667404009145002e+02
-6.227377733018663548e+02 -6.228272412191424792e+02 -6.227950856442089389e+02 -6.227726462609856526e+02
0.000000000000000000e+00 0.000000000000000000e+00 0.000000000000000000e+00 0.000000000000000000e+00
-6.058178516659475008e+02 -6.069982838206000224e+02 -5.950637607390715402e+02 -5.997621746715113886e+02
0.000000000000000000e+00 0.000000000000000000e+00 0.000000000000000000e+00 0.000000000000000000e+00
-5.590767349371263890e+02 -5.808069610148015727e+02 -5.690376118519063766e+02 -5.691569540469643016e+02
0.000000000000000000e+00 0.000000000000000000e+00 0.000000000000000000e+00 0.000000000000000000e+00
0.000000000000000000e+00 0.000000000000000000e+00 0.000000000000000000e+00 0.000000000000000000e+00
-5.184575093649318660e+02 -5.183534104676484731e+02 -5.190536409164606084e+02 -5.193648627310313941e+02
-5.217285506756521727e+02 -5.247557799561420779e+02 -5.223875576400928367e+02 -5.216909467064849650e+02
-5.231497408060729413e+02 -5.227456046983394344e+02 -5.236584356072617084e+02 -5.231781252714441734e+02
0.000000000000000000e+00 0.000000000000000000e+00 0.000000000000000000e+00 0.000000000000000000e+00
-4.839352118223761181e+02 -5.274649016279231546e+02 -5.058906691186284093e+02 -5.014231877448407886e+02
-4.936836854763061524e+02 -5.340191301877708838e+02 -5.115186102689857535e+02 -5.070289245711578019e+02
-5.361871240403795582e+02 -5.363210942801946430e+02 -5.109417648869283539e+02 -5.071203152269577572e+02
