-2.858406680615748763e-01 -2.857935898552051990e-01 -2.858477439591940450e-01 -2.856956586570822965e-01
-2.022516096079588210e-01 -2.029083772511343364e-01 -2.037439319099184909e-01 -2.029712087294102962e-01
-2.809572791481664833e-01 -2.809807669922881890e-01 -2.808925945945905944e-01 -2.814825786445033784e-01
-3.589918687869103064e-01 -3.584001068911230603e-01 -3.584763948730625982e-01 -3.596824313965766851e-01
-4.282685148627730087e-01 -4.285470413725599448e-01 -4.284406168903804879e-01 -4.286023209146345159e-01
-4.924778606135699621e-01 -4.924659180137871406e-01 -4.924714477856323436e-01 -4.921678190671181508e-01
-5.523463597873763398e-01 -5.521699988728168140e-01 -5.518258731136794770e-01 -5.516256646840759226e-01
-5.955456712113033069e-01 -5.955216006459713718e-01 -5.953768824400300641e-01 -5.954916862697110513e-01
-6.364402437238078081e-01 -6.359017039366184898e-01 -6.353013385155862336e-01 -6.358719407890154329e-01
0.000000000000000000e+00 0.000000000000000000e+00 0.000000000000000000e+00 0.000000000000000000e+00
0.000000000000000000e+00 0.000000000000000000e+00 0.000000000000000000e+00 0.000000000000000000e+00
-1.116821281762201690e-01 -1.129131790127228530e-01 -1.123695349352712147e-01 -1.113806730025714703e-01
0.000000000000000000e+00 0.000000000000000000e+00 0.000000000000000000e+00 0.000000000000000000e+00
-3.956677018600535112e-01 -3.961678683920709099e-01 -3.959516654564990135e-01 -3.965067168264925224e-01
-4.353770018693408073e-01 -4.346999532929111676e-01 -4.341476412747439229e-01 -4.342980880399805454e-01
0.000000000000000000e+00 0.000000000000000000e+00 0.000000000000000000e+00 0.000000000000000000e+00
-5.761368113466815988e-01 -5.756127503892536357e-01 -5.757380272176775282e-01 -5.757622958502295329e-01
0.000000000000000000e+00 0.000000000000000000e+00 0.000000000000000000e+00 0.000000000000000000e+00
-6.734903768431986792e-01 -6.726320774186737017e-01 -6.732748109653144963e-01 -6.742113597112801004e-01
-6.932123875246229971e-01 -6.928128772097288390e-01 -6.925660459449872741e-01 -6.928629799504945064e-01
0.000000000000000000e+00 0.000000000000000000e+00 0.000000000000000000e+00 0.000000000000000000e+00
-2.103689773628457660e-01 -2.077353842920415528e-01 -2.077962582152909077e-01 -2.091014390541575951e-01
-3.017407736780907679e-01 -3.023026723470709221e-01 -3.014889567562440975e-01 -3.025472006544480674e-01
-3.913232328822742745e-01 -3.910090228982619487e-01 -3.910670276808404511e-01 -3.922481592585443932e-01
-4.743667391852748327e-01 -4.738905443380528881e-01 -4.738606399101712441e-01 -4.753405480427164154e-01
-5.560350152779987010e-01 -5.559678675791576152e-01 -5.556585220895903232e-01 -5.563195122551841676e-01
-5.983692927105656034e-01 -5.977442777896005977e-01 -5.981178372996338588e-01 -5.980410328980816370e-01
-6.471357284802230492e-01 -6.471172784516547871e-01 -6.471296141788988043e-01 -6.473714215222839963e-01
-6.931903475625373900e-01 -6.920628541036334402e-01 -6.924361809793813105e-01 -6.927106971906759059e-01
-7.099458015965348645e-01 -7.105930769891827259e-01 -7.106873555702336587e-01 -7.104775221370085436e-01
-2.965011264059802532e-01 -2.965200578780988194e-01 -2.965267151924945166e-01 -2.970347207161951331e-01
-2.955440209591213563e-01 -2.952804435281128348e-01 -2.966660511036733894e-01 -2.961900516835908048e-01
-3.829187045384527255e-01 -3.816677905175145935e-01 -3.815101713143876361e-01 -3.818931870034371623e-01
-4.639271597934625513e-01 -4.630599681020043379e-01 -4.628454502752838984e-01 -4.629407678532563297e-01
0.000000000000000000e+00 0.000000000000000000e+00 0.000000000000000000e+00 0.000000000000000000e+00
-6.296758973530353076e-01 -6.291575303795331475e-01 -6.293342873521707848e-01 -6.293475749291149723e-01
0.000000000000000000e+00 0.000000000000000000e+00 0.000000000000000000e+00 0.000000000000000000e+00
0.000000000000000000e+00 0.000000000000000000e+00 0.000000000000000000e+00 0.000000000000000000e+00
-7.355869623109132505e-01 -7.346535506139937333e-01 -7.355408452703136035e-01 -7.356040274415431846e-01
-7.415598650943456827e-01 -7.415804536609452713e-01 -7.417265971323364626e-01 -7.411070249256986875e-01
0.000000000000000000e+00 0.000000000000000000e+00 0.000000000000000000e+00 0.000000000000000000e+00
0.000000000000000000e+00 0.000000000000000000e+00 0.000000000000000000e+00 0.000000000000000000e+00
-4.629400134900397146e-01 -4.628210929936638629e-01 -4.629310605143468482e-01 -4.638412461440628576e-01
-5.408202621080842043e-01 -5.406359091017990393e-01 -5.404886045925239024e-01 -5.407091770855335655e-01
-6.255571275734259640e-01 -6.255510862571954656e-01 -6.248585453856885241e-01 -6.254815392138917129e-01
-6.995854109072098259e-01 -6.986213194148880312e-01 -6.985082136821423315e-01 -6.984551504539751043e-01
-7.244447366696069590e-01 -7.244361879884283484e-01 -7.240058906261744864e-01 -7.247618368824754187e-01
-7.475807562756899838e-01 -7.475908308889201992e-01 -7.479431601269852514e-01 -7.487073490236693107e-01
-7.707574159082539733e-01 -7.706514243766970917e-01 -7.700979115773569639e-01 -7.705149961815882520e-01
-7.758044150154248531e-01 -7.758284341246660665e-01 -7.762075851122282044e-01 -7.762412901000642629e-01
-8.466994522758509722e-01 -8.460757617362923977e-01 -8.469623031357728093e-01 -8.469866298263577509e-01
-8.478936459748740440e-01 -8.460829871488457776e-01 -8.463749653403382922e-01 -8.460865468556653113e-01
0.000000000000000000e+00 0.000000000000000000e+00 0.000000000000000000e+00 0.000000000000000000e+00
0.000000000000000000e+00 0.000000000000000000e+00 0.000000000000000000e+00 0.000000000000000000e+00
0.000000000000000000e+00 0.000000000000000000e+00 0.000000000000000000e+00 0.000000000000000000e+00
-7.776613737545293725e-01 -7.774172373586909490e-01 -7.780891201691820802e-01 -7.780642433820692538e-01
0.000000000000000000e+00 0.000000000000000000e+00 0.000000000000000000e+00 0.000000000000000000e+00
0.000000000000000000e+00 0.000000000000000000e+00 0.000000000000000000e+00 0.000000000000000000e+00
-8.135284621535188165e-01 -8.136826362779878696e-01 -8.139666427198016807e-01 -8.134492619042887895e-01
-8.134886394931275522e-01 -8.122354406367277013e-01 -8.122415619354061977e-01 -8.130414262494540800e-01
-8.470278734025117329e-01 -8.469335002330340423e-01 -8.469893416970801781e-01 -8.471984711936652035e-01
-8.478888907224120253e-01 -8.471536256691861722e-01 -8.470015093542578866e-01 -8.479025505805866114e-01
-8.478841761745509187e-01 -8.470047723547305951e-01 -8.472258252230168152e-01 -8.479044248207184831e-01
-8.469948848582230516e-01 -8.470067310970811336e-01 -8.474483907721943599e-01 -8.478291511636043554e-01
-8.469854338079139122e-01 -8.469854748922308607e-01 -8.471319705937507827e-01 -8.476438144004565522e-01
-8.470622258233009294e-01 -8.471458231762943880e-01 -8.472210049723648551e-01 -8.473272625545480441e-01
-9.045902528406466470e-01 -9.044757096443750699e-01 -9.040138568919399154e-01 -9.044614414295907290e-01
0.000000000000000000e+00 0.000000000000000000e+00 0.000000000000000000e+00 0.000000000000000000e+00
-8.554231577928479435e-01 -8.550768679960660812e-01 -8.552266314175915873e-01 -8.547073722120734907e-01
-8.465253821775687859e-01 -8.467812795821838545e-01 -8.472592880758509359e-01 -8.469816138788155424e-01
-8.470311534302767953e-01 -8.474682339765501338e-01 -8.469624928897954153e-01 -8.474186028836623308e-01
-8.477913790554787443e-01 -8.478968145562766345e-01 -8.473222550128501895e-01 -8.469907719773601684e-01
0.000000000000000000e+00 0.000000000000000000e+00 0.000000000000000000e+00 0.000000000000000000e+00
-8.469764564445947386e-01 -8.475785610392281288e-01 -8.469724078389936350e-01 -8.469469712984256660e-01
0.000000000000000000e+00 0.000000000000000000e+00 0.000000000000000000e+00 0.000000000000000000e+00
-8.816440593785122015e-01 -8.819589869266261095e-01 -8.816962861099919557e-01 -8.827208236830990096e-01
-9.071921008792861452e-01 -9.069141850755526590e-01 -9.066442921537147814e-01 -9.075530912096367864e-01
-9.321226336837300508e-01 -9.317284243368617602e-01 -9.315859596136030207e-01 -9.313630545599191901e-01
-8.986704634712124884e-01 -8.986106709203716125e-01 -8.982274812186941126e-01 -8.988297991864132586e-01
-8.734588114494460376e-01 -8.732561520285637702e-01 -8.733415314729378043e-01 -8.735030727316021038e-01
-8.469870525858697041e-01 -8.477136139753519428e-01 -8.470077339991606280e-01 -8.474579205057980458e-01
-8.471548807150141025e-01 -8.473970768536343012e-01 -8.478393273470670177e-01 -8.469264462978594032e-01
0.000000000000000000e+00 0.000000000000000000e+00 0.000000000000000000e+00 0.000000000000000000e+00
-8.469462632373957467e-01 -8.477581636623729988e-01 -8.469580634305498013e-01 -8.470092094712423636e-01
0.000000000000000000e+00 0.000000000000000000e+00 0.000000000000000000e+00 0.000000000000000000e+00
-8.919144407498783567e-01 -8.919592621438084956e-01 -8.917145478400390068e-01 -8.917460344631188418e-01
0.000000000000000000e+00 0.000000000000000000e+00 0.000000000000000000e+00 0.000000000000000000e+00
-9.280153625177803844e-01 -9.283466840717551349e-01 -9.280817692472868030e-01 -9.289074383163996584e-01
-9.334965567660443719e-01 -9.338717889160906838e-01 -9.335844055555956311e-01 -9.335341078020631400e-01
0.000000000000000000e+00 0.000000000000000000e+00 0.000000000000000000e+00 0.000000000000000000e+00
0.000000000000000000e+00 0.000000000000000000e+00 0.000000000000000000e+00 0.000000000000000000e+00
-8.470053263376030595e-01 -8.476630155129848410e-01 -8.469764063061024917e-01 -8.473284581332216625e-01
-8.469990734908150465e-01 -8.469920167555263779e-01 -8.478179375556088582e-01 -8.469710797359760734e-01
0.000000000000000000e+00 0.000000000000000000e+00 0.000000000000000000e+00 0.000000000000000000e+00
-9.008198349980739428e-01 -9.008414707666443366e-01 -9.007936529760751654e-01 -9.015938632061653024e-01
-9.026381886900041174e-01 -9.017410153602881673e-01 -9.010787964338341505e-01 -9.016943522929816712e-01
-9.108332461747286057e-01 -9.108060569620300972e-01 -9.109636082338526952e-01 -9.109963855038680780e-01
-9.199382815343002395e-01 -9.193955875055489502e-01 -9.198689052074024985e-01 -9.198917412327745069e-01
0.000000000000000000e+00 0.000000000000000000e+00 0.000000000000000000e+00 0.000000000000000000e+00
-9.999999999981394438e+00 -9.999999999981394438e+00 -9.999999999981394438e+00 -9.999999999981394438e+00
