0.000000000000000000e+00 0.000000000000000000e+00 0.000000000000000000e+00 0.000000000000000000e+00
-6.961436554720489767e+01 -6.899208690222691587e+01 -6.863912784120113031e+01 -6.987219360247154043e+01
-6.841401028535020146e+01 -6.802158151728939117e+01 -6.916119326636848541e+01 -6.914021721657029218e+01
-6.830849296344786126e+01 -6.799251958424545705e+01 -6.778870438936633036e+01 -6.859213037843059624e+01
-6.646574865032424384e+01 -6.657255316770589104e+01 -6.732222464995912503e+01 -6.757333253429600006e+01
-6.816621668099608655e+01 -6.559880119298296108e+01 -6.572921295828875543e+01 -6.657036786420633234e+01
-6.820934690679351320e+01 -6.833856975965636593e+01 -6.837651517873706553e+01 -6.467710944686308494e+01
-3.875462211902689091e+01 -6.795090120106780773e+01 -6.813476556507680471e+01 -6.667407900778809449e+01
-6.668758234366769955e+01 -6.769245549534210227e+01 -6.787349556398628181e+01 -6.662972613358670060e+01
0.000000000000000000e+00 0.000000000000000000e+00 0.000000000000000000e+00 0.000000000000000000e+00
0.000000000000000000e+00 0.000000000000000000e+00 0.000000000000000000e+00 0.000000000000000000e+00
-6.888065340497348643e+01 -6.939381733687295650e+01 -6.891079807220211251e+01 -6.895186879313564532e+01
-6.874246950710528381e+01 -6.891689374330245244e+01 -6.823895436544707138e+01 -6.826067513536990816e+01
-6.751635892767544078e+01 -6.776599087591750958e+01 -6.767873851649331129e+01 -6.744811229593148028e+01
-6.490331444262406535e+01 -6.605548588879504734e+01 -6.560803981756251346e+01 -6.846265451034568628e+01
-6.843243357545625827e+01 -6.292136333065546694e+01 -6.667145227146524178e+01 -6.281287660449162757e+01
0.000000000000000000e+00 0.000000000000000000e+00 0.000000000000000000e+00 0.000000000000000000e+00
-8.587980263882764476e+00 -5.979363587926643220e+01 -4.805948536997014742e+01 -6.740493064191684880e+01
-6.655230273991054446e+01 -6.757990307149850651e+01 -6.729155442545027199e+01 -6.692834998629648169e+01
0.000000000000000000e+00 0.000000000000000000e+00 0.000000000000000000e+00 0.000000000000000000e+00
0.000000000000000000e+00 0.000000000000000000e+00 0.000000000000000000e+00 0.000000000000000000e+00
0.000000000000000000e+00 0.000000000000000000e+00 0.000000000000000000e+00 0.000000000000000000e+00
0.000000000000000000e+00 0.000000000000000000e+00 0.000000000000000000e+00 0.000000000000000000e+00
0.000000000000000000e+00 0.000000000000000000e+00 0.000000000000000000e+00 0.000000000000000000e+00
-6.773098684851230189e+01 -6.365147208309176818e+01 -6.798819075023945402e+01 -4.475508038965578095e+01
-8.190628119438487786e+00 -6.267197971641581944e+01 -6.437154983708570910e+01 -4.626334627737389127e+01
-3.210993682524975412e+01 -5.621944038031710988e+01 -8.426542415273928555e+00 -5.269406611558457598e+01
-6.628737909215885793e+01 -4.568597633672373348e+01 -8.558963039802019779e+00 -4.772582324065869130e+01
0.000000000000000000e+00 0.000000000000000000e+00 0.000000000000000000e+00 0.000000000000000000e+00
-7.164881108113225139e+01 -7.163998240500276893e+01 -7.175932460006066549e+01 -7.040907587098956810e+01
-6.441512214532392022e+01 -5.865095474325357827e+01 -5.874059558199483888e+01 -5.908265613527373716e+01
-6.476235038095794039e+01 -5.812341204784160453e+01 -6.385700395715103639e+01 -5.950582695426629698e+01
-6.454332796468416689e+01 -5.915868024338627862e+01 -6.470109242985792264e+01 -6.016083486990048357e+01
-6.427440544846039927e+01 -6.436404628720164567e+01 -6.448207001358416335e+01 -6.032868976676235917e+01
-5.964761733181221359e+01 -6.148170046153418866e+01 -6.421314749736039573e+01 -4.998731107574879928e+01
-7.850688741727196884e+00 -4.951647547834491547e+01 -5.795330220438108171e+01 -4.454573583486280342e+01
0.000000000000000000e+00 0.000000000000000000e+00 0.000000000000000000e+00 0.000000000000000000e+00
-6.727015947680131092e+01 -6.758784199965644746e+01 -6.746718023089522376e+01 -6.917179108280588196e+01
-6.873199645465179231e+01 -6.925522267493589368e+01 -6.932890608680430944e+01 -6.948317439556959130e+01
-7.014006837831608721e+01 -6.963826758257745553e+01 -6.994272119842642610e+01 -7.017759540744130220e+01
-6.416104027015457234e+01 -5.938904857179602459e+01 -6.398995214912392271e+01 -6.406967270842447704e+01
0.000000000000000000e+00 0.000000000000000000e+00 0.000000000000000000e+00 0.000000000000000000e+00
0.000000000000000000e+00 0.000000000000000000e+00 0.000000000000000000e+00 0.000000000000000000e+00
0.000000000000000000e+00 0.000000000000000000e+00 0.000000000000000000e+00 0.000000000000000000e+00
0.000000000000000000e+00 0.000000000000000000e+00 0.000000000000000000e+00 0.000000000000000000e+00
-7.405452424026731428e+00 -5.403586922286461913e+01 -5.166951756577566357e+01 -4.077875293711179694e+01
0.000000000000000000e+00 0.000000000000000000e+00 0.000000000000000000e+00 0.000000000000000000e+00
-6.869572831311977268e+01 -6.968441802172959854e+01 -6.870600646737226214e+01 -6.872055241273365311e+01
-6.897772849990525401e+01 -6.891913044349186634e+01 -6.919801821948328779e+01 -6.921512599689214085e+01
-6.937928567834892135e+01 -6.953022430298082668e+01 -6.984821792325217871e+01 -6.987132403048747165e+01
-5.926531539790816083e+01 -5.941992420874919389e+01 -5.790820892551408861e+01 -6.247536447980457552e+01
-6.204103554592504821e+01 -5.785784127936346977e+01 -5.799987494149920764e+01 -6.086306157780455806e+01
0.000000000000000000e+00 0.000000000000000000e+00 0.000000000000000000e+00 0.000000000000000000e+00
-4.065547264060796095e+01 -5.378543293584916540e+01 -5.369916446542251265e+01 -5.359763258627341287e+01
-6.193237139041213091e+00 -4.513201495441089151e+01 -5.305458099475798406e+01 -3.382611083496212956e+01
-4.635134535410260526e+01 -4.630938991663115445e+01 -6.853136127063921279e+00 -3.338748598699849168e+01
0.000000000000000000e+00 0.000000000000000000e+00 0.000000000000000000e+00 0.000000000000000000e+00
-6.834566932486688984e+01 -6.833763938019563966e+01 -6.857296613935244523e+01 -6.847645146678569006e+01
-6.920503623177289398e+01 -6.885659661683841648e+01 -6.902914272259231154e+01 -6.929733311303289156e+01
-6.852928431779361063e+01 -6.930470878565940041e+01 -6.863994848499014267e+01 -6.823405742073590829e+01
0.000000000000000000e+00 0.000000000000000000e+00 0.000000000000000000e+00 0.000000000000000000e+00
-5.762876887355842115e+01 -5.779270912337345578e+01 -5.767678015808562719e+01 -5.599595361803403648e+01
-5.214691737595617838e+01 -5.225905647055191849e+01 -5.318527980003135980e+01 -4.331152347863239527e+01
-4.557709019599474054e+00 -5.046446799698638586e+01 -5.041158058932256836e+01 -3.543604208325827898e+01
-3.884861769694142453e+01 -4.824206016926592611e+01 -5.427341868185137308e+00 -4.471205897497262072e+01
0.000000000000000000e+00 0.000000000000000000e+00 0.000000000000000000e+00 0.000000000000000000e+00
0.000000000000000000e+00 0.000000000000000000e+00 0.000000000000000000e+00 0.000000000000000000e+00
-6.675545149352699070e+01 -6.688359916167107144e+01 -6.677358796444890743e+01 -6.767155204102404298e+01
0.000000000000000000e+00 0.000000000000000000e+00 0.000000000000000000e+00 0.000000000000000000e+00
-6.891838303660428267e+01 -6.675436286186156565e+01 -6.562505001062227450e+01 -6.885070075814633128e+01
0.000000000000000000e+00 0.000000000000000000e+00 0.000000000000000000e+00 0.000000000000000000e+00
0.000000000000000000e+00 0.000000000000000000e+00 0.000000000000000000e+00 0.000000000000000000e+00
0.000000000000000000e+00 0.000000000000000000e+00 0.000000000000000000e+00 0.000000000000000000e+00
-3.587420599084339301e+00 -3.870216624781480874e+01 -3.456487304088405921e+01 -2.657480675954686333e+01
0.000000000000000000e+00 0.000000000000000000e+00 0.000000000000000000e+00 0.000000000000000000e+00
0.000000000000000000e+00 0.000000000000000000e+00 0.000000000000000000e+00 0.000000000000000000e+00
0.000000000000000000e+00 0.000000000000000000e+00 0.000000000000000000e+00 0.000000000000000000e+00
-6.550124342032215452e+01 -6.511211686017354339e+01 -6.538554434131984294e+01 -6.560450802132984904e+01
0.000000000000000000e+00 0.000000000000000000e+00 0.000000000000000000e+00 0.000000000000000000e+00
-6.925196442208665815e+01 -6.635759399982600826e+01 -6.518685551622478158e+01 -6.904970096128272417e+01
0.000000000000000000e+00 0.000000000000000000e+00 0.000000000000000000e+00 0.000000000000000000e+00
0.000000000000000000e+00 0.000000000000000000e+00 0.000000000000000000e+00 0.000000000000000000e+00
-2.582280074853919416e+01 -1.815155778132442776e+01 -1.314111198240723866e+00 -2.035482309166507164e+01
-3.803646341854899759e+01 -3.002237841433062826e+01 -2.513507494001454567e+00 -3.625544629183356449e+01
-4.318283595117876672e+01 -4.335203784838161312e+01 -3.071513603048339291e+01 -4.743188675983877545e+01
-5.365199895520869688e+01 -5.381846103997704489e+01 -5.252844703533070714e+01 -5.409669361254182718e+01
-5.959569660081781706e+01 -5.939458129634071781e+01 -5.910885164736171049e+01 -5.973648821862709468e+01
-6.320686234133563630e+01 -6.381348584113977296e+01 -6.328808516923700722e+01 -6.351972109294701596e+01
-6.561796411118406525e+01 -6.572741575788867863e+01 -6.608150400938509961e+01 -6.606901413752163421e+01
-6.572571688796152500e+01 -6.642725620704462131e+01 -6.866821639816838285e+01 -6.615597909741300953e+01
0.000000000000000000e+00 0.000000000000000000e+00 0.000000000000000000e+00 0.000000000000000000e+00
0.000000000000000000e+00 0.000000000000000000e+00 0.000000000000000000e+00 0.000000000000000000e+00
-3.198180113914885325e+01 -2.018893339138927701e+01 -3.267370195699937341e+01 -3.208573397462355103e+01
-3.464733157111220407e+01 -3.588030108891386760e+01 -3.223480217752291566e+01 -3.489947794503395784e+01
0.000000000000000000e+00 0.000000000000000000e+00 0.000000000000000000e+00 0.000000000000000000e+00
-5.394317561412050566e+01 -5.422369204230074757e+01 -5.351176243652210474e+01 -5.360140327526336534e+01
0.000000000000000000e+00 0.000000000000000000e+00 0.000000000000000000e+00 0.000000000000000000e+00
-6.360982646983316613e+01 -6.377134764976638337e+01 -6.375968816143080176e+01 -6.338198468249326112e+01
0.000000000000000000e+00 0.000000000000000000e+00 0.000000000000000000e+00 0.000000000000000000e+00
-6.730179873394796175e+01 -6.735952851131236230e+01 -6.725710658455999180e+01 -6.668522985141883908e+01
