-1.769505346593199524e-01 -4.682847408472726181e-01 -4.583455830327838876e-01 -1.710253980194588186e-01
1.227685085737395682e-01 -2.810446228631360288e-01 -3.072044016628664997e-01 4.774551523891856081e-02
0.000000000000000000e+00 0.000000000000000000e+00 0.000000000000000000e+00 0.000000000000000000e+00
7.264905431672704639e-01 -7.875481284238237123e-01 -8.052212704010963673e-01 1.867071567024575662e+00
-1.455542585712303050e-01 -6.399134754880494436e-01 -6.477748920442853997e-01 -3.919013635224783548e-02
1.428414068575688534e-01 -7.488100505420467456e-01 -7.510042356022001986e-01 1.090547877061781801e+00
1.198382423004990427e+00 -5.346382468047782277e-01 -5.176482954265817504e-01 1.891699428287907159e+00
6.529605067858038625e-01 -1.101632484824836666e+00 -1.136322983477393800e+00 1.597175068857182634e+00
-2.870363328591710173e-01 -7.877315375317582857e-01 -7.455959251688655254e-01 -2.467873349847586328e-01
-1.674800978004105934e-01 -9.268426495888483219e-01 -9.045067639862155451e-01 1.374212460884225162e-01
4.745531691615887948e-01 -1.147009183919117215e+00 -1.194752666492540527e+00 1.589432555304818528e+00
-1.219864818972189908e-02 -1.590440967831043162e+00 -1.584382495934784085e+00 1.563339023633572467e+00
-1.340559444886673945e-01 -4.651759284966548447e-01 -1.732701403076700453e-01 3.381332146020091800e-01
6.640864890724558489e-02 -2.335964899308563825e-01 7.737350763492607808e-02 4.350794737773588938e-01
0.000000000000000000e+00 0.000000000000000000e+00 0.000000000000000000e+00 0.000000000000000000e+00
9.227270856987164205e-01 -6.592160225287851949e-01 8.533570729240236297e-01 1.874537705605566984e+00
-1.086215301987826093e-01 -5.366905102853887222e-01 -1.662089100227925331e-01 6.766269246817291361e-01
2.772186184185206348e-01 -6.211926083311521962e-01 1.394633500261922010e-01 1.643697637260758349e+00
1.799951164246722968e+00 -1.512535918015916470e-01 1.781634595418788436e+00 1.899999999999792966e+00
1.088574578214292154e+00 -6.906276572385274815e-01 9.208737904701165267e-01 1.880615491296010466e+00
-2.331176616859227668e-01 -6.371318677904111993e-01 -2.721192188497658093e-01 3.859499235379555415e-01
-1.141081074451987809e-01 -8.110413190179329712e-01 -1.910027733156667573e-01 1.455315499199000273e+00
1.009375455880319628e+00 -7.005084052316138399e-01 8.518306770983813392e-01 1.886021321109238258e+00
3.446124336452957571e-01 -1.083253807161719484e+00 1.524615121701872467e-01 1.854973799698443448e+00
0.000000000000000000e+00 0.000000000000000000e+00 0.000000000000000000e+00 0.000000000000000000e+00
0.000000000000000000e+00 0.000000000000000000e+00 0.000000000000000000e+00 0.000000000000000000e+00
0.000000000000000000e+00 0.000000000000000000e+00 0.000000000000000000e+00 0.000000000000000000e+00
0.000000000000000000e+00 0.000000000000000000e+00 0.000000000000000000e+00 0.000000000000000000e+00
0.000000000000000000e+00 0.000000000000000000e+00 0.000000000000000000e+00 0.000000000000000000e+00
0.000000000000000000e+00 0.000000000000000000e+00 0.000000000000000000e+00 0.000000000000000000e+00
0.000000000000000000e+00 0.000000000000000000e+00 0.000000000000000000e+00 0.000000000000000000e+00
0.000000000000000000e+00 0.000000000000000000e+00 0.000000000000000000e+00 0.000000000000000000e+00
0.000000000000000000e+00 0.000000000000000000e+00 0.000000000000000000e+00 0.000000000000000000e+00
0.000000000000000000e+00 0.000000000000000000e+00 0.000000000000000000e+00 0.000000000000000000e+00
0.000000000000000000e+00 0.000000000000000000e+00 0.000000000000000000e+00 0.000000000000000000e+00
0.000000000000000000e+00 0.000000000000000000e+00 0.000000000000000000e+00 0.000000000000000000e+00
2.579925259270181015e-01 -1.067233045282926840e+00 1.863417703185437979e+00 -1.086567225961408312e+00
1.000453470229129893e+00 -4.950573021188582334e-01 1.886945504968583487e+00 -5.101328898991877026e-01
0.000000000000000000e+00 0.000000000000000000e+00 0.000000000000000000e+00 0.000000000000000000e+00
-1.422223260522833058e-02 -8.522884147828586887e-02 4.209323930529361435e-02 -8.495473688792017086e-02
3.586223964998486724e-01 -8.537089491705975863e-01 1.884191054007536392e+00 -8.414186470633744364e-01
8.086815048985256382e-01 -7.221378057041938359e-01 1.899999999995581890e+00 -7.342900896534677591e-01
1.407375412551566118e-01 -2.233065582235522761e-01 8.425248635481281667e-01 -2.412560806394961621e-01
-5.149407550418063501e-02 -2.819404386523974848e-01 2.584677480813828976e-01 -2.492936898668611789e-01
8.429268158939265398e-02 -1.120914978408482421e+00 1.864129475920069501e+00 -1.115325320086427929e+00
3.814216693827116589e-01 -8.362821853601043465e-01 1.891128681957428004e+00 -8.384056665266083064e-01
-8.992254676618377518e-02 -5.054991247239639662e-01 5.622207827799308166e-01 -4.678690624830614819e-01
-1.316034981356230260e-01 -3.359250050141299737e-01 2.310974232401421802e-01 -3.097384881278557600e-01
-2.429748699598042738e-01 -2.490603946040592376e-01 -7.569889105405349650e-01 -1.950080149195587143e-01
5.035818127975058567e-02 6.473006554325209938e-02 -4.562776778245298814e-01 3.011957685182901634e-01
0.000000000000000000e+00 0.000000000000000000e+00 0.000000000000000000e+00 0.000000000000000000e+00
7.157937734233037474e-01 7.425744931529998372e-01 -7.440311403751762587e-01 1.864933248951015976e+00
-1.837401999407607955e-01 -1.973486503708709594e-01 -6.322013309024002714e-01 -1.678143511111225283e-01
1.127793209638824762e-01 1.230408851372584295e-01 -7.852984395744861956e-01 1.044993850532470292e+00
1.338880065275039000e+00 1.885512468125894125e+00 -4.213678117337455453e-01 1.435988096994577301e+00
7.291376880483496636e-01 8.312491985701702113e-01 -9.403707383788835195e-01 1.589090053187631524e+00
-3.577177328863371253e-01 -3.565967305049141944e-01 -9.405441269563455942e-01 -3.333445119086884123e-01
-2.539304665710490072e-01 -2.346661817759569946e-01 -1.041741903010499515e+00 1.210065563111482334e-01
3.782358359568752659e-01 4.597075127482911361e-01 -1.131971616741408004e+00 1.579885353034158779e+00
-2.030644494242082043e-01 4.935712495668368588e-02 -1.660483564329603423e+00 1.318626814312260587e+00
-2.494255599139712509e-01 -2.672158779257931549e-01 -2.854179693859209554e-01 9.241713493002098323e-01
2.177818746940332062e-01 2.480625960030911348e-01 2.520658718573509094e-01 1.326713976589598776e+00
0.000000000000000000e+00 0.000000000000000000e+00 0.000000000000000000e+00 0.000000000000000000e+00
7.766559707639892896e-01 1.862421093042222919e+00 9.087214627037820680e-01 7.930903019121909869e-01
-1.994161344300924843e-01 -8.116301825144191934e-03 -1.831352605601264671e-01 9.843016669044974964e-01
2.425648777307656545e-01 3.716098670322582898e-01 2.377825574056902092e-01 1.067280159780733761e+00
1.750132323869993289e+00 1.815941814339238958e+00 1.757890175404083433e+00 1.893079246820013273e+00
1.062541922138498851e+00 1.593374361782402104e+00 1.102904710564985402e+00 1.068067087165611717e+00
-4.645299496399590833e-01 -3.163000352902213819e-01 -4.218475166791400000e-01 1.779321048414605755e-01
-2.185546322147650100e-01 3.114443473704759519e-02 -2.297460399385580498e-01 1.127303379048818055e+00
5.252041358570659346e-01 1.588681530711689716e+00 5.664695507562422794e-01 6.531258485333099051e-01
9.005557774078495892e-02 1.575490591497605397e+00 1.049192247517135579e-01 4.455887836369946675e-01
5.285453682611357396e-01 1.868602166385195495e+00 3.886627206449451144e-01 5.196287903034665367e-01
1.748199656630830434e+00 1.886963722939623000e+00 1.733825096965506907e+00 1.756671631481647511e+00
0.000000000000000000e+00 0.000000000000000000e+00 0.000000000000000000e+00 0.000000000000000000e+00
6.879310694116738071e-04 5.347437072059434415e-01 4.501837722332104746e-02 3.446663665623639350e-02
6.002136980875271144e-01 1.888897648038831756e+00 2.929422957211523237e-01 6.485750053149998973e-01
1.399638125214074380e+00 1.899999999999792966e+00 1.496844327380079109e+00 1.287341144135158544e+00
7.960315286207211294e-01 1.890365240596776131e+00 8.658042349609008648e-01 7.910753353378460195e-01
3.253736308425871082e-02 1.767535973525298676e+00 2.809801294208874034e-01 -3.838132772932092290e-02
1.231823011048670813e-01 1.878110131436825814e+00 -7.233539184176039638e-02 2.338768601626725618e-01
1.419429168567415134e-01 1.884437688574287728e+00 6.876399870239927603e-01 2.376230662591445608e-01
1.220413210195356174e-01 1.855730156548781595e+00 3.330163664235069043e-01 4.475059317837813688e-02
-3.969211920369053459e-01 9.567332726241373209e-01 -2.633286765976947663e-01 -3.941636154928578328e-01
2.630499931290199433e-01 4.807814418192895567e-01 1.572201814391680497e+00 -1.253828971870367237e+00
1.253698059522325936e+00 1.342644122974384180e+00 1.887574348167457838e+00 -4.703895524297319608e-01
0.000000000000000000e+00 0.000000000000000000e+00 0.000000000000000000e+00 0.000000000000000000e+00
5.184448890651043723e-03 -2.553749089829300198e-02 -3.632611145316064910e-02 -2.531380601794572804e-01
4.799842445115840017e-01 9.961482102409130457e-01 1.597987259102696012e+00 -1.135207416424727445e+00
1.080414416986975823e+00 1.231916778108053112e+00 1.609780873653766431e+00 -6.641940577234858312e-01
4.500481122747317930e-01 5.415849887528373374e-01 1.769137028363547248e+00 -4.874223264983938986e-01
-1.026724921648120847e-01 -8.864736507829913681e-02 -2.172507715750005702e-02 -4.055790533391160357e-01
-2.038500071230464616e-01 4.505371460794791449e-01 1.566500569269889009e+00 -1.563933432292303305e+00
1.535166385690926172e-01 6.635997951134772199e-01 1.593989548148287083e+00 -1.239145636819258822e+00
-1.499904950725189923e-01 -5.657041951519158063e-02 1.048372248554084063e+00 -9.448310953730260087e-01
-2.754572595418993131e-01 -2.451397021246194685e-01 -1.706775053072269455e-01 -7.835828560115508656e-01
-7.490698576042612578e-01 -2.830400092046024274e-01 -7.448669477308895726e-01 -2.928201739148548755e-01
-4.512875541082879693e-01 1.321952267199127951e-01 -4.289899726613872755e-01 3.355125307090188469e-02
0.000000000000000000e+00 0.000000000000000000e+00 0.000000000000000000e+00 0.000000000000000000e+00
-8.615149516841462685e-01 1.868844837897892130e+00 -8.282133260537416497e-01 7.284499668119535087e-01
-7.843435509111187365e-01 -2.036435999895244153e-01 -8.115766742359097341e-01 -2.114094442332705159e-01
-7.944653290207808194e-01 3.836595479555547916e-01 -8.202441471333162815e-01 8.352004641214627600e-02
-5.959776948236999994e-01 1.879818322096384886e+00 -5.890872291818465278e-01 1.141204547065780339e+00
-1.203407628658605732e+00 5.770103482557299435e-01 -1.174054998818876427e+00 1.575026617342111024e+00
-8.760886540247967424e-01 -3.964565672738868396e-01 -8.046558668571763828e-01 -3.958686143729910345e-01
-1.025394013216565980e+00 -2.090634745278542872e-01 -1.040353661182007228e+00 -2.655399427103108945e-01
-1.263330605110825511e+00 1.568025651111271124e+00 -1.303683368395022857e+00 4.073922495511915209e-01
-1.755001780469458872e+00 1.299149286245763868e+00 -1.741378893729584210e+00 -7.432754066612885790e-02
-9.941861512467624618e-01 -1.288593790490344948e-01 -3.502633348905292987e-01 -2.973464822667120089e-01
-6.377761588301636975e-01 1.164026137261207072e+00 1.553752228582351291e-01 2.360400662313332232e-01
0.000000000000000000e+00 0.000000000000000000e+00 0.000000000000000000e+00 0.000000000000000000e+00
-7.280693448781631050e-01 1.859095457128125739e+00 6.266303429845352380e-01 6.330694322525719508e-01
-1.056674431900360034e+00 9.287132510854120837e-02 -2.686179158134320288e-01 -1.729181396368650314e-01
-9.524359798476121908e-01 1.182114953032396221e+00 1.235815294945832865e-01 2.073371687141401798e-01
-4.151156837155483559e-01 1.407011813899548658e+00 1.317003939473240015e+00 1.879109919288772801e+00
-1.026983490404147270e+00 1.591177093097300155e+00 4.260880579964017589e-01 4.118372063981097786e-01
-1.205683825536602471e+00 -3.653899529539895163e-01 -4.673391939989741117e-01 -4.401985510137973456e-01
-1.002037065706107288e+00 -1.825313706986357032e-01 -2.957336813296678746e-01 -2.397278341100818055e-01
-1.204584014852068563e+00 1.585329499220057281e+00 3.247203318405541550e-01 3.886007247651993013e-01
-1.586770198233962370e+00 1.309515880527251319e+00 -1.868551812307962245e-01 -3.018048525069942367e-01
-1.296157050599668903e+00 1.583659029295344078e+00 -4.322632240678001697e-03 1.721693006405573545e-01
-4.951852721919335898e-01 1.879046910676631654e+00 1.212923374123852316e+00 1.246558005901864163e+00
0.000000000000000000e+00 0.000000000000000000e+00 0.000000000000000000e+00 0.000000000000000000e+00
-4.507022558604049101e-01 -3.909007898178853968e-02 1.391783313283234125e-01 -7.071697426469873704e-02
-1.296264139184364117e+00 1.592742924647570613e+00 4.232155536226504811e-02 1.996712255884884879e-01
-8.696347291222429332e-01 1.609751063746743149e+00 5.003786701391085279e-01 6.662084950844181508e-01
-5.944807789242878560e-01 1.857261911498406803e+00 6.666925953077541545e-01 5.861336190681024627e-01
-9.243731858448149818e-01 9.997681731382207504e-01 4.603797568875184210e-02 -1.289367870712370967e-01
-1.610065142373183544e+00 1.562647916662098124e+00 -5.705713844496933529e-01 -2.455251593442317193e-01
-1.317129441728688732e+00 1.598513769998710865e+00 4.842034259199522184e-02 1.571078423732867047e-01
-9.612697459407204548e-01 8.709065377927307505e-01 1.304619463254387546e-02 -1.608501921960505954e-01
-1.164269111657233458e+00 -1.102362395536942152e-01 -4.003461404427824943e-01 -4.007965698306643620e-01
-1.442949931448256784e+00 1.556344415502900480e+00 2.761466820628123986e-01 -1.479088786608262707e+00
-7.011443486531890867e-01 1.869477774946412429e+00 1.078926927519013423e+00 -6.862027600505157254e-01
0.000000000000000000e+00 0.000000000000000000e+00 0.000000000000000000e+00 0.000000000000000000e+00
-2.672131043824803598e-01 -3.054440984025185574e-02 3.181613078296229025e-02 -2.611776791338357717e-01
-1.522787953210829048e+00 1.335046386089155934e+00 3.194586591867073500e-01 -1.460926751349791664e+00
-1.020928916188123203e+00 8.505210150662532165e-01 1.594603924234756276e+00 -1.031717047216281768e+00
-5.318087277470637808e-01 2.969308015613653096e-01 8.187956833852064742e-01 -5.479338471402385169e-01
-6.963547500260927059e-01 -1.142444218757613233e-01 -6.483272703293364858e-02 -6.126833265413644813e-01
-1.829147424817874290e+00 1.308300166800841824e+00 -4.498744387866646099e-02 -1.818550924558617332e+00
-1.432830712661465222e+00 1.329419398413448583e+00 3.172195886062106895e-01 -1.445865555482965137e+00
-9.880358101329663745e-01 -1.659963077106453022e-01 -1.621335507677855274e-03 -9.697833596732940986e-01
-7.923492528256288470e-01 -3.346192201287136458e-01 -3.367902809887908244e-01 -6.991601274067131833e-01
