-6.151515411031123204e-01 -6.152659971794002258e-01 -6.152763037500758037e-01 -6.161956460116350121e-01
-6.371754107790162935e-01 -6.368239462551232855e-01 -6.367444687173939855e-01 -6.365824867402356535e-01
-6.764732014335386179e-01 -6.779156712380989269e-01 -6.767986883112404595e-01 -6.776669229384353343e-01
-7.628105068133443911e-01 -7.633072418684312410e-01 -7.628761486946337156e-01 -7.645861736110741713e-01
-8.509743669509338693e-01 -8.515120566835002736e-01 -8.509802557019148228e-01 -8.512321835997095354e-01
-9.398133879922024869e-01 -9.398845893597477241e-01 -9.394476381029264189e-01 -9.395915089814437238e-01
-1.027324043595273517e+00 -1.027306150976295740e+00 -1.026605343910595547e+00 -1.028064162815583771e+00
-1.113986920210019882e+00 -1.113055231300295267e+00 -1.112412224533871008e+00 -1.113134883961989452e+00
-1.113867497423847830e+00 -1.113036659547577578e+00 -1.113386872814103867e+00 -1.113072765901853112e+00
-1.113023729593753952e+00 -1.113055390422897029e+00 -1.113536959174782792e+00 -1.113073190341599350e+00
-5.923505207081236623e-01 -5.921198899331713283e-01 -5.927091391303872525e-01 -5.921704247610268812e-01
-6.067905888916559354e-01 -6.075557342658840509e-01 -6.072213749474445477e-01 -6.067240879609455684e-01
-5.851199124891565129e-01 -5.884599019174497903e-01 -5.858715440896032911e-01 -5.865709038198159142e-01
-6.754104329131227491e-01 -6.760574997469288583e-01 -6.754140278751907811e-01 -6.759720495742269630e-01
-7.651495920345949830e-01 -7.664841808839557569e-01 -7.647909057283222012e-01 -7.651482492661066948e-01
0.000000000000000000e+00 0.000000000000000000e+00 0.000000000000000000e+00 0.000000000000000000e+00
0.000000000000000000e+00 0.000000000000000000e+00 0.000000000000000000e+00 0.000000000000000000e+00
-1.197057048156682457e+00 -1.196794674913812973e+00 -1.197030411024639251e+00 -1.196841593041849894e+00
-1.113449393718190628e+00 -1.113897111024465536e+00 -1.115016520182352977e+00 -1.113936394029313437e+00
0.000000000000000000e+00 0.000000000000000000e+00 0.000000000000000000e+00 0.000000000000000000e+00
-5.542607184775368845e-01 -5.544903704648340703e-01 -5.540615087290242657e-01 -5.540769392978611707e-01
0.000000000000000000e+00 0.000000000000000000e+00 0.000000000000000000e+00 0.000000000000000000e+00
-4.900907155967361706e-01 -4.958068312517756593e-01 -4.914699053145252239e-01 -4.957332037728423568e-01
-5.829735452656700234e-01 -5.869479878262026107e-01 -5.829579804683023836e-01 -5.833058215367145083e-01
0.000000000000000000e+00 0.000000000000000000e+00 0.000000000000000000e+00 0.000000000000000000e+00
0.000000000000000000e+00 0.000000000000000000e+00 0.000000000000000000e+00 0.000000000000000000e+00
0.000000000000000000e+00 0.000000000000000000e+00 0.000000000000000000e+00 0.000000000000000000e+00
0.000000000000000000e+00 0.000000000000000000e+00 0.000000000000000000e+00 0.000000000000000000e+00
-1.028398473010194270e+00 -1.029702188918405703e+00 -1.029117709439672179e+00 -1.030002090604014597e+00
0.000000000000000000e+00 0.000000000000000000e+00 0.000000000000000000e+00 0.000000000000000000e+00
-5.105027870136900070e-01 -5.116725184737890286e-01 -5.105130676933209433e-01 -5.107590132557112694e-01
-4.600692311296112336e-01 -4.600977118179802039e-01 -4.602402951886289117e-01 -4.596056453482961768e-01
-3.940370285391490701e-01 -3.989600853523795898e-01 -3.960306684429142354e-01 -4.012687879627069854e-01
-4.905559742935778900e-01 -4.898563783204674671e-01 -4.897196818270306284e-01 -4.912517241506159649e-01
-4.906645064252937449e-01 -4.915083617839564600e-01 -4.915315671339821613e-01 -4.915305628780388125e-01
0.000000000000000000e+00 0.000000000000000000e+00 0.000000000000000000e+00 0.000000000000000000e+00
0.000000000000000000e+00 0.000000000000000000e+00 0.000000000000000000e+00 0.000000000000000000e+00
-8.568508000665200353e-01 -8.570240998657792098e-01 -8.570211348146564712e-01 -8.588532192927906816e-01
-9.417878599239439819e-01 -9.426621175890333992e-01 -9.418058993084414965e-01 -9.418574265921139110e-01
-9.162446586699085627e-01 -9.162517100467494346e-01 -9.162234456704793084e-01 -9.162932490569506427e-01
0.000000000000000000e+00 0.000000000000000000e+00 0.000000000000000000e+00 0.000000000000000000e+00
0.000000000000000000e+00 0.000000000000000000e+00 0.000000000000000000e+00 0.000000000000000000e+00
-2.970084986882514100e-01 -3.036659662299163176e-01 -2.994015962122590913e-01 -2.993968385729472437e-01
0.000000000000000000e+00 0.000000000000000000e+00 0.000000000000000000e+00 0.000000000000000000e+00
-4.905829330644557729e-01 -4.906605855535022820e-01 -4.905374786594727810e-01 -4.905305281209778046e-01
-4.912166614623220129e-01 -4.905678783232356732e-01 -4.903286907426481767e-01 -4.905531515745118476e-01
0.000000000000000000e+00 0.000000000000000000e+00 0.000000000000000000e+00 0.000000000000000000e+00
-7.686018945416566162e-01 -7.691015595846770747e-01 -7.688180266777704386e-01 -7.696196848244662991e-01
-8.579423134256282113e-01 -8.582324188685038768e-01 -8.570979045351839742e-01 -8.578533003457607942e-01
-8.884866169771018507e-01 -8.885721862450594033e-01 -8.884552477392970715e-01 -8.880908232741742125e-01
-1.034469728800951338e-01 -1.034662164510550958e-01 -1.034566793681692409e-01 -1.034607190795948650e-01
-9.999994657129643305e-02 -1.024258358129331581e-01 -1.034550294969052153e-01 -1.133427086314997834e-01
-1.989992214085745670e-01 -2.081796974685512780e-01 -1.989992182436965684e-01 -2.030716441727064003e-01
-2.028712039504907139e-01 -2.029230779333310031e-01 -2.032666147302300552e-01 -2.029202641632188719e-01
0.000000000000000000e+00 0.000000000000000000e+00 0.000000000000000000e+00 0.000000000000000000e+00
-4.898517893235397880e-01 -4.910537911662253840e-01 -4.905657941739957062e-01 -4.930026857981970045e-01
-5.835942621654490736e-01 -5.851681329831392997e-01 -5.835938173178815136e-01 -5.852755837413383677e-01
-6.764851280874571993e-01 -6.778562279560309545e-01 -6.764766200462251078e-01 -6.769286635827943543e-01
0.000000000000000000e+00 0.000000000000000000e+00 0.000000000000000000e+00 0.000000000000000000e+00
-8.889277804286942475e-01 -8.889270753303817330e-01 -8.880914003265557577e-01 -8.880832484901691748e-01
0.000000000000000000e+00 0.000000000000000000e+00 0.000000000000000000e+00 0.000000000000000000e+00
0.000000000000000000e+00 0.000000000000000000e+00 0.000000000000000000e+00 0.000000000000000000e+00
-1.127098935036187910e-01 -1.116899297293632437e-01 -9.999999999999931166e-02 -1.105536980207175723e-01
-2.019484398742184827e-01 -2.034140670052635991e-01 -1.989999998916344992e-01 -2.075913566052943193e-01
-3.003659938534975482e-01 -2.994209910354909687e-01 -2.970099974470133963e-01 -3.054137642664507823e-01
-3.952554514029109067e-01 -3.965824495578497699e-01 -3.940398710015946548e-01 -4.017158312815586330e-01
-4.905376495094356804e-01 -4.945194350217551049e-01 -4.900949695289885666e-01 -4.922250899935877722e-01
-5.847230108026760798e-01 -5.854098716385958134e-01 -5.846005079015701433e-01 -5.851844257953282558e-01
0.000000000000000000e+00 0.000000000000000000e+00 0.000000000000000000e+00 0.000000000000000000e+00
0.000000000000000000e+00 0.000000000000000000e+00 0.000000000000000000e+00 0.000000000000000000e+00
0.000000000000000000e+00 0.000000000000000000e+00 0.000000000000000000e+00 0.000000000000000000e+00
0.000000000000000000e+00 0.000000000000000000e+00 0.000000000000000000e+00 0.000000000000000000e+00
-1.888602911623136760e-01 -1.886931094528733199e-01 -1.891871637819652618e-01 -1.892586508365592390e-01
-2.340324729644081836e-01 -2.326194937931561069e-01 -2.335215834261780976e-01 -2.332327138867131555e-01
0.000000000000000000e+00 0.000000000000000000e+00 0.000000000000000000e+00 0.000000000000000000e+00
-3.998946440839696304e-01 -4.004804171512374444e-01 -3.998045560022764899e-01 -3.998057931875937387e-01
0.000000000000000000e+00 0.000000000000000000e+00 0.000000000000000000e+00 0.000000000000000000e+00
-5.467859974593913819e-01 -5.466295002814511861e-01 -5.465260963426766816e-01 -5.464871948358558384e-01
0.000000000000000000e+00 0.000000000000000000e+00 0.000000000000000000e+00 0.000000000000000000e+00
0.000000000000000000e+00 0.000000000000000000e+00 0.000000000000000000e+00 0.000000000000000000e+00
0.000000000000000000e+00 0.000000000000000000e+00 0.000000000000000000e+00 0.000000000000000000e+00
-2.421065437562502920e-01 -2.420278490098762281e-01 -2.420226372498917866e-01 -2.426650187023441096e-01
-2.420254365972569210e-01 -2.422841511828799921e-01 -2.421552697377512275e-01 -2.431330165100341056e-01
-2.858385256465393320e-01 -2.856151413137770212e-01 -2.859095324482073819e-01 -2.867134430443011861e-01
-3.488002676107586075e-01 -3.487423104711676047e-01 -3.484051901798382866e-01 -3.489834618316932646e-01
-4.045960054501259173e-01 -4.054783568309165420e-01 -4.046319694680640677e-01 -4.045741878345602838e-01
-4.581704557938116595e-01 -4.581854272957961993e-01 -4.580049573438477739e-01 -4.584587545542267439e-01
-5.048212849652908840e-01 -5.054608989983454537e-01 -5.048281693856261354e-01 -5.047927273069839904e-01
-5.048063328748576550e-01 -5.048279695215533991e-01 -5.049416504573367437e-01 -5.046554502437937684e-01
-5.048089460556680619e-01 -5.047993526023673017e-01 -5.048164239919884499e-01 -5.038687366436119808e-01
0.000000000000000000e+00 0.000000000000000000e+00 0.000000000000000000e+00 0.000000000000000000e+00
-2.420252925066800898e-01 -2.428473189044730307e-01 -2.420158342517433336e-01 -2.420348725680215862e-01
0.000000000000000000e+00 0.000000000000000000e+00 0.000000000000000000e+00 0.000000000000000000e+00
0.000000000000000000e+00 0.000000000000000000e+00 0.000000000000000000e+00 0.000000000000000000e+00
-3.487897897554694815e-01 -3.491284389440310054e-01 -3.487707711566943591e-01 -3.487866021049371712e-01
0.000000000000000000e+00 0.000000000000000000e+00 0.000000000000000000e+00 0.000000000000000000e+00
-4.581863118403987634e-01 -4.583179675181620616e-01 -4.581712638809160576e-01 -4.581845922786907388e-01
0.000000000000000000e+00 0.000000000000000000e+00 0.000000000000000000e+00 0.000000000000000000e+00
-5.048154059937418614e-01 -5.049526963548929270e-01 -5.048369564185686276e-01 -5.047999132626469487e-01
0.000000000000000000e+00 0.000000000000000000e+00 0.000000000000000000e+00 0.000000000000000000e+00
