-4.670590529045477268e+01 -4.670135058899258240e+01 -4.670732347730326950e+01 -4.593427021310310465e+01
-4.508029802054927870e+01 -4.630986937845983675e+01 -4.630551862080167069e+01 -4.630774427115224512e+01
-4.605501732060148612e+01 -4.588493440963891601e+01 -4.592475154666867354e+01 -4.597250368153122935e+01
-4.586277252704050511e+01 -4.596480002173412771e+01 -4.603130323626891141e+01 -4.597461627948948149e+01
-4.580280060450538571e+01 -4.569722812771032494e+01 -4.587154317094362455e+01 -4.574662391661678384e+01
-4.592752207818411847e+01 -4.550637948640915198e+01 -4.558174916809746691e+01 -4.566474718889458018e+01
-4.545140553433718367e+01 -4.558619762995221691e+01 -4.564026639409744490e+01 -4.561407947187338152e+01
0.000000000000000000e+00 0.000000000000000000e+00 0.000000000000000000e+00 0.000000000000000000e+00
-4.260008834093361685e+01 -4.259286561322104347e+01 -4.258042497527895875e+01 -4.249908419708205543e+01
-4.233497574700343336e+01 -4.239200458296998875e+01 -4.241108041965328823e+01 -4.236205939902033180e+01
0.000000000000000000e+00 0.000000000000000000e+00 0.000000000000000000e+00 0.000000000000000000e+00
-4.592191051250069478e+01 -4.594101470253726660e+01 -4.590630564692408910e+01 -4.319091621472284004e+01
-4.161035269272253601e+01 -4.544001189019621734e+01 -4.533999419074761050e+01 -4.545931874800459127e+01
-4.580361781058125814e+01 -4.583828084607601738e+01 -4.567078078929733209e+01 -4.572841450205331881e+01
-4.573570093206739529e+01 -4.567488579254840886e+01 -4.576544253899757564e+01 -4.575720370073235443e+01
-4.559783351379741845e+01 -4.563460619032377963e+01 -4.548328133004695673e+01 -4.581269482087231637e+01
-4.510169133882441628e+01 -4.516661492505449615e+01 -4.504639170437521756e+01 -4.521697454659913262e+01
-4.397631616359119988e+01 -4.388195861682345367e+01 -4.404161887525321362e+01 -4.394995105092654342e+01
-4.232526703466374585e+01 -4.249101145885893516e+01 -4.251716552091257029e+01 -4.235291473319266942e+01
-4.185791295623878483e+01 -4.202174543730052392e+01 -4.190473726733554116e+01 -4.183593388642555766e+01
0.000000000000000000e+00 0.000000000000000000e+00 0.000000000000000000e+00 0.000000000000000000e+00
0.000000000000000000e+00 0.000000000000000000e+00 0.000000000000000000e+00 0.000000000000000000e+00
-3.929892033231384829e+01 -4.390137447379493096e+01 -4.386927315658829940e+01 -4.390915510721162462e+01
0.000000000000000000e+00 0.000000000000000000e+00 0.000000000000000000e+00 0.000000000000000000e+00
0.000000000000000000e+00 0.000000000000000000e+00 0.000000000000000000e+00 0.000000000000000000e+00
0.000000000000000000e+00 0.000000000000000000e+00 0.000000000000000000e+00 0.000000000000000000e+00
0.000000000000000000e+00 0.000000000000000000e+00 0.000000000000000000e+00 0.000000000000000000e+00
0.000000000000000000e+00 0.000000000000000000e+00 0.000000000000000000e+00 0.000000000000000000e+00
-4.114118418380327569e+01 -4.108273623858593027e+01 -4.105851408987020079e+01 -4.120697555109438071e+01
-4.077337066243661212e+01 -4.091403276561774049e+01 -4.076912676625081389e+01 -4.082957234095309218e+01
0.000000000000000000e+00 0.000000000000000000e+00 0.000000000000000000e+00 0.000000000000000000e+00
-4.236847784369865622e+01 -4.235822312822411106e+01 -4.236625104165407407e+01 -4.232028459321708880e+01
-3.648142067840461067e+01 -4.205984936840949473e+01 -4.211201708672712130e+01 -4.210837198151673988e+01
-3.673720528082829162e+01 -4.074596326394386381e+01 -4.075723008074880482e+01 -4.074841989155869726e+01
0.000000000000000000e+00 0.000000000000000000e+00 0.000000000000000000e+00 0.000000000000000000e+00
-3.498378334385304100e+01 -3.505808367270846304e+01 -3.505823090634306993e+01 -3.506377900598288733e+01
-3.530893774955688258e+01 -3.531253530950213815e+01 -3.531795273720329931e+01 -3.531500492526853208e+01
0.000000000000000000e+00 0.000000000000000000e+00 0.000000000000000000e+00 0.000000000000000000e+00
-4.010076890059183086e+01 -4.015387290510874863e+01 -4.004698045940609319e+01 -4.020282971490096458e+01
-3.893031160291015169e+01 -3.912622361111147029e+01 -3.896948154103255035e+01 -3.903931423717056504e+01
-4.356594014384010194e+01 -4.353814272148186149e+01 -4.354764491220338130e+01 -4.356599728840691910e+01
0.000000000000000000e+00 0.000000000000000000e+00 0.000000000000000000e+00 0.000000000000000000e+00
-4.093245921143398647e+01 -4.109490600024953011e+01 -4.090491986847543160e+01 -3.238251606438588936e+01
-3.930390142304731427e+01 -3.916357822286384760e+01 -3.917829060320520540e+01 -2.656472004006118581e+01
-3.610377534655679455e+01 -3.599310410319737485e+01 -3.622500893143401868e+01 -2.068338161406885689e+01
-1.537788989212176105e+01 -3.458071297980642811e+01 -3.447748166121302660e+01 -3.453563690087253235e+01
0.000000000000000000e+00 0.000000000000000000e+00 0.000000000000000000e+00 0.000000000000000000e+00
0.000000000000000000e+00 0.000000000000000000e+00 0.000000000000000000e+00 0.000000000000000000e+00
0.000000000000000000e+00 0.000000000000000000e+00 0.000000000000000000e+00 0.000000000000000000e+00
-3.571563599582799498e+01 -3.590280852995122274e+01 -3.570946343295612735e+01 -3.580159294221441257e+01
-4.341244980470235504e+01 -4.332624366012687744e+01 -4.319354928311796016e+01 -4.319471965350923881e+01
-4.232243776579737471e+01 -4.201746991052974067e+01 -4.224134154642455741e+01 -4.232741383028941584e+01
-4.128543207850195529e+01 -4.139412064448657702e+01 -4.113289695073851959e+01 -4.109108488646077006e+01
-3.858291276598254171e+01 -3.848388221103742524e+01 -3.871168122698791336e+01 -3.873883126171688929e+01
-3.511000943584565448e+01 -3.495689234697307768e+01 -3.507100373328555065e+01 -3.443398089438842646e+01
-1.019698690146086584e+01 -3.139226682137481816e+01 -3.142330819549684762e+01 -3.120033369185593841e+01
0.000000000000000000e+00 0.000000000000000000e+00 0.000000000000000000e+00 0.000000000000000000e+00
-2.366703875254531297e+01 -2.370955797285717281e+01 -2.348280172215034156e+01 -2.352736872589487405e+01
-2.806649926699977726e+01 -2.808139947520750468e+01 -2.808344212561685893e+01 -2.799683375239538918e+01
-3.231718782417602398e+01 -3.246272076983994026e+01 -3.230699010257905712e+01 -3.238091063719097207e+01
-4.410914427157581486e+01 -4.402903669127253039e+01 -4.402282868604694954e+01 -4.404752238733544090e+01
0.000000000000000000e+00 0.000000000000000000e+00 0.000000000000000000e+00 0.000000000000000000e+00
-4.257317354516486319e+01 -4.266382543107774694e+01 -4.265643801008317126e+01 -4.242716776013222102e+01
0.000000000000000000e+00 0.000000000000000000e+00 0.000000000000000000e+00 0.000000000000000000e+00
-3.235396144954010822e+01 -3.221764665159805929e+01 -3.228515882256326819e+01 -3.234673332202698504e+01
-2.847715985899299440e+01 -2.866983430017119261e+01 -2.875918778550510524e+01 -6.929827403392981644e+00
-1.972980445640776992e+01 -1.985213926427503139e+01 -1.995251196404215577e+01 -4.444495674640916327e+00
-2.984158996250315887e+00 -1.873750875842035057e+01 -1.840480923385933920e+01 -1.853981640449575252e+01
0.000000000000000000e+00 0.000000000000000000e+00 0.000000000000000000e+00 0.000000000000000000e+00
-3.272555843329224956e+01 -3.274751738189311823e+01 -3.269770277198889374e+01 -3.257241641719945591e+01
-4.459853164182352003e+01 -4.449379279012602240e+01 -4.470318451587971964e+01 -4.472817156697703211e+01
-4.451266207914586914e+01 -4.447583025379086763e+01 -4.438236297709094202e+01 -4.457128761349319745e+01
-4.356167665513256537e+01 -4.376284321479817407e+01 -4.360083329606797520e+01 -4.375098361930033519e+01
0.000000000000000000e+00 0.000000000000000000e+00 0.000000000000000000e+00 0.000000000000000000e+00
-3.277487405447214286e+01 -3.279047454718747900e+01 -3.274978900675547067e+01 -3.239724534158262514e+01
0.000000000000000000e+00 0.000000000000000000e+00 0.000000000000000000e+00 0.000000000000000000e+00
-9.365110856686259533e-01 -1.152226584412305854e+01 -1.119218784294620583e+01 -1.148183795441816279e+01
-1.250077784337942610e+01 -1.252244440886056154e+01 -1.846770827276813076e+00 -1.253801475680186073e+01
0.000000000000000000e+00 0.000000000000000000e+00 0.000000000000000000e+00 0.000000000000000000e+00
-3.292434167085624352e+01 -3.295666496782796884e+01 -3.293279453421259717e+01 -3.295479340457800532e+01
-4.500659963270756236e+01 -4.511109486696636139e+01 -4.493109530933480755e+01 -4.484417184529949196e+01
-4.505332473152344619e+01 -4.497908089581902402e+01 -4.483143102844503858e+01 -4.502512729931915203e+01
0.000000000000000000e+00 0.000000000000000000e+00 0.000000000000000000e+00 0.000000000000000000e+00
0.000000000000000000e+00 0.000000000000000000e+00 0.000000000000000000e+00 0.000000000000000000e+00
-3.295633210869388563e+01 -3.298597941625934027e+01 -3.292165662662727499e+01 -3.298626999933127024e+01
0.000000000000000000e+00 0.000000000000000000e+00 0.000000000000000000e+00 0.000000000000000000e+00
0.000000000000000000e+00 0.000000000000000000e+00 0.000000000000000000e+00 0.000000000000000000e+00
-6.559053956711888844e+00 -6.391745319040318840e+00 -3.350674863581196927e+00 -6.322097346130538753e+00
-6.558017432438458805e+00 -6.559431290742304022e+00 -5.638001165733033559e+00 -6.559715075958172825e+00
0.000000000000000000e+00 0.000000000000000000e+00 0.000000000000000000e+00 0.000000000000000000e+00
-4.533455177168967509e+01 -4.535658193972836472e+01 -4.532599382407517652e+01 -4.523122511865410900e+01
-4.538532366738593993e+01 -4.530498741323711442e+01 -4.538984465129001933e+01 -4.528270718608960976e+01
-4.552462761156582616e+01 -4.550816590944523199e+01 -4.553772644519082746e+01 -4.549546112804330278e+01
0.000000000000000000e+00 0.000000000000000000e+00 0.000000000000000000e+00 0.000000000000000000e+00
0.000000000000000000e+00 0.000000000000000000e+00 0.000000000000000000e+00 0.000000000000000000e+00
-2.692326242518834345e+00 -2.715150157966353728e+00 -2.703304266403905309e+00 -2.721033588111604118e+00
-3.027032183242309049e+00 -3.008694377428182687e+00 -2.638186212062076930e+00 -2.637615198571106490e+00
-4.460494404502449939e+00 -4.459955606946110152e+00 -4.848806606877897885e+00 -4.865079342941980300e+00
0.000000000000000000e+00 0.000000000000000000e+00 0.000000000000000000e+00 0.000000000000000000e+00
-5.192611986660183902e+04 -5.192848799246169074e+04 -5.192779378322587581e+04 -5.193034090546904190e+04
