-8.954658855558450536e-01 -8.928205940073026259e-01 -8.929849539354218768e-01 -8.978098136127573570e-01
-9.002774449414678859e-01 -8.924385511791832482e-01 -8.965601576520898508e-01 -8.931426089752589892e-01
-8.591854824917086741e-01 -8.591854824917086741e-01 -8.640880820059383405e-01 -8.611386749273002295e-01
-8.264136599909650549e-01 -8.243540428973042955e-01 -8.261901102932104335e-01 -8.243540428973042955e-01
0.000000000000000000e+00 0.000000000000000000e+00 0.000000000000000000e+00 0.000000000000000000e+00
-7.883119509619405108e-01 -7.823709819281852162e-01 -7.823709819281852162e-01 -7.859697385430292060e-01
-7.870053308993735230e-01 -7.823709819281852162e-01 -7.881117361585373571e-01 -7.821863147346018730e-01
0.000000000000000000e+00 0.000000000000000000e+00 0.000000000000000000e+00 0.000000000000000000e+00
-7.829996203339585348e-01 -7.817867807377265610e-01 -7.823152039250760303e-01 -7.818222052995864590e-01
-7.830929678836378027e-01 -7.817699835059139790e-01 -7.817671644502649508e-01 -7.823709819281852162e-01
-8.889432266163489471e-01 -8.948011758931846416e-01 -8.929701164699777038e-01 -8.951028876380544563e-01
-9.192795938764494190e-01 -9.230720734912842840e-01 -9.224516059172318538e-01 -9.302426829718460910e-01
0.000000000000000000e+00 0.000000000000000000e+00 0.000000000000000000e+00 0.000000000000000000e+00
-7.868075418287741041e-01 -7.880759867123151574e-01 -7.884591270185442591e-01 -7.865300907943522102e-01
-7.823709819281852162e-01 -7.879192772704218806e-01 -7.883413456888881399e-01 -7.843647368570253464e-01
-7.823709819281852162e-01 -7.857156013567238029e-01 -7.880861802720746656e-01 -7.826316723106250262e-01
-7.874250292367293014e-01 -7.877370180134909416e-01 -7.846521190220542286e-01 -7.820310171341356975e-01
-7.823709819281852162e-01 -7.823709819281852162e-01 -7.834368981947115174e-01 -7.816807302972017535e-01
-7.807131394049262596e-01 -7.823658793494824293e-01 -7.824075411210267283e-01 -7.823821830026779223e-01
-7.823450223734114140e-01 -7.819570512245546112e-01 -7.826546469896904501e-01 -7.823709819281852162e-01
-8.543599293964134755e-01 -8.553130604538715653e-01 -8.534527462228227446e-01 -8.534647481883486098e-01
-8.623996218473879427e-01 -8.845978085991207385e-01 -8.656326275796655256e-01 -8.623996220580109062e-01
-8.166745763555444126e-01 -8.064868552085082687e-01 -8.062623678397489169e-01 -8.025260144148842478e-01
-7.395011215109562608e-01 -7.437208289812391460e-01 -7.556302895621163085e-01 -7.451942358923826504e-01
0.000000000000000000e+00 0.000000000000000000e+00 0.000000000000000000e+00 0.000000000000000000e+00
0.000000000000000000e+00 0.000000000000000000e+00 0.000000000000000000e+00 0.000000000000000000e+00
0.000000000000000000e+00 0.000000000000000000e+00 0.000000000000000000e+00 0.000000000000000000e+00
0.000000000000000000e+00 0.000000000000000000e+00 0.000000000000000000e+00 0.000000000000000000e+00
-7.823107450018773612e-01 -7.824583541017496868e-01 -7.823709819281852162e-01 -7.785450191334306602e-01
-7.762522431439047299e-01 -7.820992062684396506e-01 -7.823313025916056596e-01 -7.762522431439047299e-01
-8.132611643578678828e-01 -8.138016017929624590e-01 -8.122938061010700483e-01 -8.168152207995482694e-01
-8.025259844021783717e-01 -8.313375210742969257e-01 -8.081403539211930998e-01 -8.062601800373316863e-01
0.000000000000000000e+00 0.000000000000000000e+00 0.000000000000000000e+00 0.000000000000000000e+00
-6.731591060180344144e-01 -6.887507034235583747e-01 -6.735992564931281290e-01 -6.731591056824710595e-01
-6.033254061946307090e-01 -6.126318335560536621e-01 -6.034409090945200838e-01 -6.076709178061977523e-01
-6.059067983290101767e-01 -6.059067983290101767e-01 -6.111102088230493390e-01 -6.059067983290101767e-01
0.000000000000000000e+00 0.000000000000000000e+00 0.000000000000000000e+00 0.000000000000000000e+00
0.000000000000000000e+00 0.000000000000000000e+00 0.000000000000000000e+00 0.000000000000000000e+00
0.000000000000000000e+00 0.000000000000000000e+00 0.000000000000000000e+00 0.000000000000000000e+00
0.000000000000000000e+00 0.000000000000000000e+00 0.000000000000000000e+00 0.000000000000000000e+00
-7.692519822003158758e-01 -7.765572985792739136e-01 -7.701027569285473495e-01 -7.712386662921674185e-01
-7.395010882474775116e-01 -7.475838501446173678e-01 -7.466880456941564770e-01 -7.395010835395988691e-01
-6.731590869276936617e-01 -6.802163526558732132e-01 -6.934488885950345072e-01 -6.731590872553855354e-01
-6.033254054372547692e-01 -6.268011016594143836e-01 -6.282343318291951917e-01 -6.033254052325206507e-01
-5.298162187499987352e-01 -5.659793596266287086e-01 -5.332899391959133872e-01 -5.342462907126400706e-01
0.000000000000000000e+00 0.000000000000000000e+00 0.000000000000000000e+00 0.000000000000000000e+00
-2.983865660887486393e-01 -2.963962807993060222e-01 -2.963962807993060222e-01 -2.934650756361369406e-01
-2.837908148582551915e-01 -2.790350335341621468e-01 -2.785208468943473070e-01 -2.792316161706078215e-01
0.000000000000000000e+00 0.000000000000000000e+00 0.000000000000000000e+00 0.000000000000000000e+00
0.000000000000000000e+00 0.000000000000000000e+00 0.000000000000000000e+00 0.000000000000000000e+00
-7.260081292139473064e-01 -7.348790241317494365e-01 -7.259321820374087242e-01 -7.257793861024677273e-01
-6.735585244666911775e-01 -6.742910547002106680e-01 -6.775682574712675876e-01 -6.731591314432743278e-01
-6.053259609168186728e-01 -6.067332421057678449e-01 -6.255518490015874455e-01 -6.033254077931865522e-01
-5.298162187440988991e-01 -5.726495224262678763e-01 -5.505120893413486538e-01 -5.298162187444694915e-01
-4.589022213762354863e-01 -4.966566947538252341e-01 -4.685606530510739720e-01 -4.524381249999991361e-01
-3.988740357128732761e-01 -3.864485276908783962e-01 -3.881938013582753033e-01 -3.709874999999994150e-01
-2.852499999999995040e-01 -3.109468386433784648e-01 -3.171887712450794927e-01 -2.945642542028056310e-01
-2.603675286444874226e-01 -2.677375560211830430e-01 -2.627692207084919573e-01 -2.662253634268528790e-01
-2.482496545082484019e-01 -2.443817165318854234e-01 -2.445604176801402241e-01 -2.471218114117107734e-01
-2.464334281043171204e-01 -2.443817165318854234e-01 -2.398627228532834166e-01 -2.443817165318854234e-01
0.000000000000000000e+00 0.000000000000000000e+00 0.000000000000000000e+00 0.000000000000000000e+00
0.000000000000000000e+00 0.000000000000000000e+00 0.000000000000000000e+00 0.000000000000000000e+00
0.000000000000000000e+00 0.000000000000000000e+00 0.000000000000000000e+00 0.000000000000000000e+00
-4.524381249992076581e-01 -4.915306281303559732e-01 -4.589022213762354863e-01 -4.584165419298341093e-01
0.000000000000000000e+00 0.000000000000000000e+00 0.000000000000000000e+00 0.000000000000000000e+00
0.000000000000000000e+00 0.000000000000000000e+00 0.000000000000000000e+00 0.000000000000000000e+00
-1.949999999999998124e-01 -2.135041319384486658e-01 -2.083676298232184088e-01 -2.153749339955876030e-01
-2.239566513535281023e-01 -2.316428240641381087e-01 -2.202373398642423763e-01 -2.281554198028710734e-01
-2.263403222429225536e-01 -2.321107743568477377e-01 -2.334712523763582681e-01 -2.326194780354165215e-01
-2.355595141023973937e-01 -2.381147793460323403e-01 -2.418703715309250823e-01 -2.355595141023973937e-01
-3.390592198318723716e-01 -3.385625970357344361e-01 -3.380567116889410806e-01 -3.373864089130006461e-01
-3.427951979233116453e-01 -3.385625970357344361e-01 -3.388148672161691577e-01 -3.400027108612794779e-01
-3.501098044137696541e-01 -3.468697840505557961e-01 -3.471697994655745245e-01 -3.522242716404391794e-01
-3.709874999999183687e-01 -3.986704978014571354e-01 -3.718645650643082612e-01 -3.791245141934839191e-01
0.000000000000000000e+00 0.000000000000000000e+00 0.000000000000000000e+00 0.000000000000000000e+00
0.000000000000000000e+00 0.000000000000000000e+00 0.000000000000000000e+00 0.000000000000000000e+00
-9.999999999999992228e-02 -1.156330592282217296e-01 -1.072908403731139410e-01 -1.013413993002998947e-01
-1.816874768349394931e-01 -1.876692246219087146e-01 -1.765768382125791069e-01 -1.755452499495942509e-01
-2.007363755629996138e-01 -2.031182802606271154e-01 -2.042578123661843437e-01 -1.998251442535110001e-01
0.000000000000000000e+00 0.000000000000000000e+00 0.000000000000000000e+00 0.000000000000000000e+00
-3.379675824533513451e-01 -3.375447563536663753e-01 -3.385625970357344361e-01 -3.454660617937611033e-01
-3.385625970357344361e-01 -3.376247199494665230e-01 -3.387551220714644651e-01 -3.444277496481106260e-01
-3.302136653625471485e-01 -3.361469361734651384e-01 -3.343318683579002415e-01 -3.326215454468722243e-01
-2.865703517698898750e-01 -2.907106043730285916e-01 -3.161453553641144776e-01 -2.852499999999938418e-01
-1.991773994718306073e-01 -1.998237849592525150e-01 -2.076745731738238732e-01 -1.949999999999996458e-01
-1.151400402630742559e-01 -1.072908403731139410e-01 -1.041151162449574091e-01 -9.999999999999992228e-02
0.000000000000000000e+00 0.000000000000000000e+00 0.000000000000000000e+00 0.000000000000000000e+00
0.000000000000000000e+00 0.000000000000000000e+00 0.000000000000000000e+00 0.000000000000000000e+00
-1.998251442535110001e-01 -2.054810653857576663e-01 -1.998251442535110001e-01 -1.989901688179333550e-01
-1.998251442535110001e-01 -1.998251442535110001e-01 -1.996918252817656003e-01 -1.998251442535110001e-01
-3.385619749609880547e-01 -3.463021207406149493e-01 -3.385617808370081638e-01 -3.385621681178765940e-01
0.000000000000000000e+00 0.000000000000000000e+00 0.000000000000000000e+00 0.000000000000000000e+00
0.000000000000000000e+00 0.000000000000000000e+00 0.000000000000000000e+00 0.000000000000000000e+00
-2.443817165318854234e-01 -2.490283345431413831e-01 -2.443817165318854234e-01 -2.446375974437669520e-01
-1.998251442535110001e-01 -1.978393431698795002e-01 -1.997116356425876482e-01 -1.992992952184898803e-01
-1.448620623633442572e-01 -1.440476822235682297e-01 -1.513455404086934408e-01 -1.390063866367695911e-01
-7.861391284912624955e-02 -7.941088679053512345e-02 -9.080849764641761579e-02 -8.684921661541161741e-02
-8.822084328488062621e-02 -8.822084328488062621e-02 -8.769848185198235446e-02 -8.822084328488062621e-02
0.000000000000000000e+00 0.000000000000000000e+00 0.000000000000000000e+00 0.000000000000000000e+00
0.000000000000000000e+00 0.000000000000000000e+00 0.000000000000000000e+00 0.000000000000000000e+00
