-7.036594304923797782e-01 -7.036134126007923539e-01 -7.032282996601593172e-01 -7.020620581756055190e-01
-7.029360256969426901e-01 -7.036134126007923539e-01 -7.042438482935639010e-01 -7.034873052736048127e-01
-6.849264053484649395e-01 -6.849946505162930466e-01 -6.878700310374793458e-01 -6.855356999153200404e-01
-6.661172768824815682e-01 -6.654910607989270588e-01 -6.661666039894127422e-01 -6.656231431100871898e-01
0.000000000000000000e+00 0.000000000000000000e+00 0.000000000000000000e+00 0.000000000000000000e+00
-6.442211265311288404e-01 -6.412517023181083520e-01 -6.412517023181083520e-01 -6.426679730443901617e-01
-6.441532465622195058e-01 -6.412470027110067639e-01 -6.446109400753047280e-01 -6.443909071419078316e-01
0.000000000000000000e+00 0.000000000000000000e+00 0.000000000000000000e+00 0.000000000000000000e+00
-6.445942411553642337e-01 -6.412116765766531223e-01 -6.412282422553077232e-01 -6.445770997824160631e-01
-6.455134754337451541e-01 -6.448391852949272307e-01 -6.446365637105606616e-01 -6.446074437044549965e-01
-7.018231442997611147e-01 -7.010422586425714142e-01 -7.033699031378778388e-01 -7.047532822245324846e-01
-7.175703296109953166e-01 -7.197863482358490828e-01 -7.190176294158366899e-01 -7.177550925803271031e-01
0.000000000000000000e+00 0.000000000000000000e+00 0.000000000000000000e+00 0.000000000000000000e+00
-6.416208554688712651e-01 -6.458960075584809779e-01 -6.412517023181083520e-01 -6.413535836770765108e-01
-6.412517023181083520e-01 -6.410978019737940681e-01 -6.425636060542608829e-01 -6.417190083116726118e-01
-6.412517023181083520e-01 -6.420610320523746362e-01 -6.435183332114547961e-01 -6.412130893330046932e-01
-6.412165967878236117e-01 -6.445926104502196496e-01 -6.413157423800561752e-01 -6.433901100249040939e-01
-6.412517023181083520e-01 -6.412517023181083520e-01 -6.447965714544988680e-01 -6.425332169353749068e-01
-6.445589315807096487e-01 -6.416214045400570054e-01 -6.448943348034442691e-01 -6.446700737101996870e-01
-6.445128670949797911e-01 -6.450131532546258262e-01 -6.451356293864585201e-01 -6.445860231718478772e-01
-6.828566147938593955e-01 -6.827639584204385770e-01 -6.851908268190481932e-01 -6.857941932985138767e-01
-6.861892862692152706e-01 -6.877617279786933935e-01 -6.925326496614341298e-01 -6.861892854872315706e-01
-6.515872407743239503e-01 -6.552065484586037103e-01 -6.515321352348181216e-01 -6.513214915661733606e-01
-6.125794716222600078e-01 -6.132469940552395249e-01 -6.300063654854243245e-01 -6.149914550558175375e-01
0.000000000000000000e+00 0.000000000000000000e+00 0.000000000000000000e+00 0.000000000000000000e+00
0.000000000000000000e+00 0.000000000000000000e+00 0.000000000000000000e+00 0.000000000000000000e+00
0.000000000000000000e+00 0.000000000000000000e+00 0.000000000000000000e+00 0.000000000000000000e+00
0.000000000000000000e+00 0.000000000000000000e+00 0.000000000000000000e+00 0.000000000000000000e+00
-6.448391852949272307e-01 -6.448252765988803370e-01 -6.445159635007385868e-01 -6.445215365261308671e-01
-6.445130504788532111e-01 -6.445123799993746072e-01 -6.448650924378351856e-01 -6.448095366752841784e-01
-6.588645724571530193e-01 -6.594117497408327200e-01 -6.588339384859577263e-01 -6.603466548953850213e-01
-6.513214729613888698e-01 -6.598092671775207529e-01 -6.533039374156199841e-01 -6.553299411793078733e-01
0.000000000000000000e+00 0.000000000000000000e+00 0.000000000000000000e+00 0.000000000000000000e+00
-5.695327673296343152e-01 -5.731995288508434649e-01 -5.781799912727058066e-01 -5.695327681932194075e-01
-5.217030987009397824e-01 -5.246374166268962247e-01 -5.235941180770217196e-01 -5.247858525701778465e-01
-5.246599579942933245e-01 -5.246599579942933245e-01 -5.261519018250795376e-01 -5.246599579942933245e-01
0.000000000000000000e+00 0.000000000000000000e+00 0.000000000000000000e+00 0.000000000000000000e+00
0.000000000000000000e+00 0.000000000000000000e+00 0.000000000000000000e+00 0.000000000000000000e+00
0.000000000000000000e+00 0.000000000000000000e+00 0.000000000000000000e+00 0.000000000000000000e+00
0.000000000000000000e+00 0.000000000000000000e+00 0.000000000000000000e+00 0.000000000000000000e+00
-6.336499904200971756e-01 -6.376244445085805790e-01 -6.339081535565702641e-01 -6.343666466338064858e-01
-6.125794454777429010e-01 -6.161265507012582132e-01 -6.259797472256958262e-01 -6.125794483868736151e-01
-5.695327536389431788e-01 -5.743568824690876706e-01 -5.887713272684038657e-01 -5.695327568678879571e-01
-5.217030984566088936e-01 -5.234007786399124118e-01 -5.235390275305961127e-01 -5.217030983555560608e-01
-4.685589999999993371e-01 -4.691487324223808653e-01 -4.758531671841833011e-01 -4.690944570448870032e-01
0.000000000000000000e+00 0.000000000000000000e+00 0.000000000000000000e+00 0.000000000000000000e+00
-2.634001732942001239e-01 -2.602996266117197366e-01 -2.602996266117197366e-01 -2.605439762274400217e-01
-2.523705419997152033e-01 -2.528279056684037962e-01 -2.498363858736797616e-01 -2.528279056684037962e-01
0.000000000000000000e+00 0.000000000000000000e+00 0.000000000000000000e+00 0.000000000000000000e+00
0.000000000000000000e+00 0.000000000000000000e+00 0.000000000000000000e+00 0.000000000000000000e+00
-6.071242176761358911e-01 -6.121545208970140539e-01 -6.072889716421954187e-01 -6.062361510736098413e-01
-5.743578354241198891e-01 -5.838909569510813968e-01 -5.857176663746940237e-01 -5.695327856868067640e-01
-5.290355901342596034e-01 -5.363792837808278868e-01 -5.445201581753729148e-01 -5.217030999827481086e-01
-4.685589999946629391e-01 -5.012481392791969803e-01 -5.000562664404525348e-01 -4.685589999945564688e-01
-4.129632180625157356e-01 -4.333756786043600484e-01 -4.109639967580585029e-01 -4.095099999999994300e-01
-3.443407794258563914e-01 -3.562362753635450741e-01 -3.585790449785006828e-01 -3.438999999999995949e-01
-2.709999999999995191e-01 -2.715150976058016696e-01 -2.872684887999263359e-01 -2.718062533514386536e-01
-2.418117479589136087e-01 -2.397638273566410072e-01 -2.449350707920969761e-01 -2.440561411702146799e-01
-2.277308466166312606e-01 -2.299568541948448785e-01 -2.291389712553902336e-01 -2.322698532608621080e-01
-2.315072165714778529e-01 -2.299568541948448785e-01 -2.253118635886785515e-01 -2.299568541948448785e-01
0.000000000000000000e+00 0.000000000000000000e+00 0.000000000000000000e+00 0.000000000000000000e+00
0.000000000000000000e+00 0.000000000000000000e+00 0.000000000000000000e+00 0.000000000000000000e+00
0.000000000000000000e+00 0.000000000000000000e+00 0.000000000000000000e+00 0.000000000000000000e+00
-4.095099999992519724e-01 -4.264687058480874371e-01 -4.129632180625157356e-01 -4.185227779083108279e-01
0.000000000000000000e+00 0.000000000000000000e+00 0.000000000000000000e+00 0.000000000000000000e+00
0.000000000000000000e+00 0.000000000000000000e+00 0.000000000000000000e+00 0.000000000000000000e+00
-1.899999999999998079e-01 -2.129158655096033415e-01 -2.180344456600323000e-01 -2.116607792908946906e-01
-2.105887976281908824e-01 -2.155892373524039285e-01 -2.152857622790614600e-01 -2.157519955317623028e-01
-2.159812901364480398e-01 -2.182763844861665692e-01 -2.210308313801396252e-01 -2.178401382354951676e-01
-2.221786406008534054e-01 -2.240351142688294939e-01 -2.273184231783046405e-01 -2.221786406008534054e-01
-3.244650298914787401e-01 -3.242709509397168621e-01 -3.242709509397168621e-01 -3.232359201699637197e-01
-3.203804680114143988e-01 -3.242709509397168621e-01 -3.249083354585580730e-01 -3.253410103701921408e-01
-3.266762921562940680e-01 -3.310282414303197251e-01 -3.307126903851053124e-01 -3.279590898395480791e-01
-3.438999999999167168e-01 -3.546179177407852157e-01 -3.478204303162956701e-01 -3.443407794258563914e-01
0.000000000000000000e+00 0.000000000000000000e+00 0.000000000000000000e+00 0.000000000000000000e+00
0.000000000000000000e+00 0.000000000000000000e+00 0.000000000000000000e+00 0.000000000000000000e+00
-9.999999999999992228e-02 -1.244574065681814251e-01 -1.131955711671552289e-01 -1.500515327370036400e-01
-1.820930624027692346e-01 -1.774572991679520262e-01 -1.756415695515022579e-01 -1.777942252022056968e-01
-1.990700606077563939e-01 -2.030024480314073509e-01 -1.969645776207846755e-01 -1.983694104609541597e-01
0.000000000000000000e+00 0.000000000000000000e+00 0.000000000000000000e+00 0.000000000000000000e+00
-3.176278850259269815e-01 -3.233907711477078117e-01 -3.174454049896129892e-01 -3.233642643734375710e-01
-3.174454049896129892e-01 -3.165108205795462704e-01 -3.176210232012077195e-01 -3.215180689076945764e-01
-3.099637027883611062e-01 -3.095126966511438371e-01 -3.130048593291607784e-01 -3.119540255240599302e-01
-2.778762633759054856e-01 -2.778181805418745154e-01 -2.921991314000896289e-01 -2.709999999999931908e-01
-1.962939592774557984e-01 -1.902721317787415545e-01 -1.940138673011246317e-01 -1.899999999999995859e-01
-1.231381421305827728e-01 -1.046617457412835905e-01 -1.154934139410611488e-01 -9.999999999999992228e-02
0.000000000000000000e+00 0.000000000000000000e+00 0.000000000000000000e+00 0.000000000000000000e+00
0.000000000000000000e+00 0.000000000000000000e+00 0.000000000000000000e+00 0.000000000000000000e+00
-1.983694104609541597e-01 -2.035598799371988732e-01 -1.983694104609541597e-01 -1.977838225579251485e-01
-1.983694104609541597e-01 -1.969854714806339446e-01 -1.985442874058791773e-01 -1.983694104609541597e-01
-3.230769339957657027e-01 -3.233346531939842450e-01 -3.174454049896129892e-01 -3.174454049896129892e-01
0.000000000000000000e+00 0.000000000000000000e+00 0.000000000000000000e+00 0.000000000000000000e+00
0.000000000000000000e+00 0.000000000000000000e+00 0.000000000000000000e+00 0.000000000000000000e+00
-2.452807127963674838e-01 -2.417436057159154106e-01 -2.452807127963674838e-01 -2.411467957064856449e-01
-1.983694104609541597e-01 -1.963515289342525894e-01 -1.999069294514229100e-01 -1.943206942287165062e-01
-1.399416453587115361e-01 -1.402578995539425499e-01 -1.438078236881762950e-01 -1.429169154558138366e-01
-8.648275251635913208e-02 -8.332281830033344550e-02 -8.652659959275074697e-02 -8.605228530635912476e-02
-8.648275251635913208e-02 -8.648275251635913208e-02 -8.690051301622643554e-02 -8.648275251635913208e-02
0.000000000000000000e+00 0.000000000000000000e+00 0.000000000000000000e+00 0.000000000000000000e+00
0.000000000000000000e+00 0.000000000000000000e+00 0.000000000000000000e+00 0.000000000000000000e+00
