-1.096802026636399807e+00 -1.094085534991878328e+00 -1.095016853243267585e+00 -1.101730754110062716e+00
-1.098558374280848682e+00 -1.095764572232824419e+00 -1.098161258266898033e+00 -1.096218766679945666e+00
-1.042151670960872245e+00 -1.042151670960872245e+00 -1.054510993366933880e+00 -1.044856558727517815e+00
-9.912270946967682850e-01 -9.882159634012706029e-01 -9.928641399864067685e-01 -9.882159634012706029e-01
0.000000000000000000e+00 0.000000000000000000e+00 0.000000000000000000e+00 0.000000000000000000e+00
-9.426512091189099829e-01 -9.421261619701652990e-01 -9.337243198273600386e-01 -9.346398640833037952e-01
-9.389017843074426439e-01 -9.339555059192434783e-01 -9.421716982515331296e-01 -9.339555059192434783e-01
0.000000000000000000e+00 0.000000000000000000e+00 0.000000000000000000e+00 0.000000000000000000e+00
-9.397273286650280610e-01 -9.329573455217916589e-01 -9.339555059192434783e-01 -9.342577578599963184e-01
-9.420697191462760189e-01 -9.339555059192434783e-01 -9.383417294456801727e-01 -9.413484719109626031e-01
-1.093446481141115312e+00 -1.097823671194312789e+00 -1.095764572232824419e+00 -1.100794053915000070e+00
-1.136150890164298710e+00 -1.138966919484660556e+00 -1.146261471851250935e+00 -1.147622629166804575e+00
0.000000000000000000e+00 0.000000000000000000e+00 0.000000000000000000e+00 0.000000000000000000e+00
-9.338051588342324294e-01 -9.326604901461730268e-01 -9.330630850231260709e-01 -9.378203807969718309e-01
-9.330710493232174940e-01 -9.339555059192434783e-01 -9.419228404002708555e-01 -9.357517527881046293e-01
-9.339555059192434783e-01 -9.356497749744144832e-01 -9.423439303279912416e-01 -9.340112372769324711e-01
-9.339555059192434783e-01 -9.420177001676300899e-01 -9.361387009430188755e-01 -9.363892186057991562e-01
-9.420823283463237718e-01 -9.339555059192434783e-01 -9.423944617770686483e-01 -9.347669971775884878e-01
-9.418353470214815282e-01 -9.333020059386598621e-01 -9.421911576288004575e-01 -9.385419123282745524e-01
-9.371058398941460865e-01 -9.410790598092093617e-01 -9.420501410702541989e-01 -9.331381498660686891e-01
-1.035966806484992286e+00 -1.044195811285473008e+00 -1.041258284876583007e+00 -1.042724782210481038e+00
-1.046617142233632336e+00 -1.082076207874793861e+00 -1.048850949765712803e+00 -1.046617141319328814e+00
-9.696747679401152009e-01 -9.686713351907771941e-01 -9.771737131918055708e-01 -9.561790813930366451e-01
-8.648274361015755307e-01 -8.765682882632956918e-01 -8.828233298307550658e-01 -8.701773020916319101e-01
0.000000000000000000e+00 0.000000000000000000e+00 0.000000000000000000e+00 0.000000000000000000e+00
0.000000000000000000e+00 0.000000000000000000e+00 0.000000000000000000e+00 0.000000000000000000e+00
0.000000000000000000e+00 0.000000000000000000e+00 0.000000000000000000e+00 0.000000000000000000e+00
0.000000000000000000e+00 0.000000000000000000e+00 0.000000000000000000e+00 0.000000000000000000e+00
-9.421231135715684157e-01 -9.423561048387723016e-01 -9.339555059192434783e-01 -9.386714226145581597e-01
-9.339555059192434783e-01 -9.415062234255658913e-01 -9.343584022606068462e-01 -9.338672000676284668e-01
-9.750086930886854297e-01 -9.829988855869334907e-01 -9.790052253252811143e-01 -9.758841116507653846e-01
-9.561790370496813241e-01 -9.694885416968115344e-01 -9.802821292459377167e-01 -9.767278283862512733e-01
0.000000000000000000e+00 0.000000000000000000e+00 0.000000000000000000e+00 0.000000000000000000e+00
-7.725530108462412837e-01 -8.059796526034782582e-01 -7.782880360193730196e-01 -7.725530091662130561e-01
-6.793465185368715575e-01 -6.853446642503121522e-01 -6.824046924078444043e-01 -6.852812992354633259e-01
-6.856203986763764746e-01 -6.847880009153064496e-01 -6.873308258960917350e-01 -6.857119624300942462e-01
0.000000000000000000e+00 0.000000000000000000e+00 0.000000000000000000e+00 0.000000000000000000e+00
0.000000000000000000e+00 0.000000000000000000e+00 0.000000000000000000e+00 0.000000000000000000e+00
0.000000000000000000e+00 0.000000000000000000e+00 0.000000000000000000e+00 0.000000000000000000e+00
0.000000000000000000e+00 0.000000000000000000e+00 0.000000000000000000e+00 0.000000000000000000e+00
-9.101580786955703051e-01 -9.128064717692410124e-01 -9.150338397838320148e-01 -9.099836615010432617e-01
-8.648273895950341350e-01 -8.706522539993925003e-01 -8.713769302878696665e-01 -8.648273810355806557e-01
-7.725529876402728036e-01 -7.870758738817293931e-01 -7.914088989030042542e-01 -7.725529818127667703e-01
-6.793465176583033394e-01 -7.062760767369991033e-01 -6.969997231067885934e-01 -6.793465178164639351e-01
-5.851985059899985631e-01 -6.115157730244733525e-01 -6.120253719135503312e-01 -6.007837846300271289e-01
0.000000000000000000e+00 0.000000000000000000e+00 0.000000000000000000e+00 0.000000000000000000e+00
-3.002151357851152724e-01 -2.956903273691428580e-01 -2.956903273691428580e-01 -2.947988447775148901e-01
-2.752587308251591147e-01 -2.762525562290447101e-01 -2.831119426784984294e-01 -2.762525562290447101e-01
0.000000000000000000e+00 0.000000000000000000e+00 0.000000000000000000e+00 0.000000000000000000e+00
0.000000000000000000e+00 0.000000000000000000e+00 0.000000000000000000e+00 0.000000000000000000e+00
-8.519516330735542597e-01 -8.499385181389211841e-01 -8.519516330735542597e-01 -8.490323984383237876e-01
-7.775369448197626543e-01 -7.812037148126657060e-01 -7.870595388934271686e-01 -7.725530483985407759e-01
-6.943960717236166147e-01 -6.935571401985524131e-01 -7.273897797006380062e-01 -6.793465209071313238e-01
-5.851985059833886282e-01 -6.233442497969789997e-01 -5.979212839970686755e-01 -5.851985059834118319e-01
-5.062300474794915184e-01 -4.958156370617136655e-01 -5.137968191538530016e-01 -4.900995009999990493e-01
-4.107249853743162871e-01 -4.186624369368845966e-01 -4.132195608898068806e-01 -3.940398999999993324e-01
-2.970099999999996077e-01 -3.093876963675742386e-01 -3.097002801181377163e-01 -2.997045806562445569e-01
-2.625059168421507438e-01 -2.587609361876345160e-01 -2.678199369764893145e-01 -2.650162238217880217e-01
-2.438079676103752091e-01 -2.470228740295339898e-01 -2.471779049971169762e-01 -2.522923056077320814e-01
-2.479662599144976109e-01 -2.470228740295339898e-01 -2.404836016484780958e-01 -2.469659761297203493e-01
0.000000000000000000e+00 0.000000000000000000e+00 0.000000000000000000e+00 0.000000000000000000e+00
0.000000000000000000e+00 0.000000000000000000e+00 0.000000000000000000e+00 0.000000000000000000e+00
0.000000000000000000e+00 0.000000000000000000e+00 0.000000000000000000e+00 0.000000000000000000e+00
-4.900995009991188089e-01 -5.230460093309884373e-01 -4.974557743116573838e-01 -4.967467469319278850e-01
0.000000000000000000e+00 0.000000000000000000e+00 0.000000000000000000e+00 0.000000000000000000e+00
0.000000000000000000e+00 0.000000000000000000e+00 0.000000000000000000e+00 0.000000000000000000e+00
-1.989999999999999269e-01 -2.415822834345111858e-01 -2.079132403529486695e-01 -2.233451368434244966e-01
-2.220632329905887492e-01 -2.295851087059235518e-01 -2.290880067847132495e-01 -2.278571988622898337e-01
-2.284337304735714891e-01 -2.323343738913379308e-01 -2.351665112310585282e-01 -2.347057130050796414e-01
-2.372601341636976779e-01 -2.378252164709299954e-01 -2.449190662158148568e-01 -2.372601341636976779e-01
-3.652434205056309113e-01 -3.634170438858251306e-01 -3.634059139911207104e-01 -3.634683884249496622e-01
-3.692361400895157186e-01 -3.634170438858251306e-01 -3.602790293840293367e-01 -3.661588123294602926e-01
-3.736993109967476356e-01 -3.730536268419393231e-01 -3.733965869498070966e-01 -3.804187238387441994e-01
-3.940398999999111807e-01 -4.371083403124362832e-01 -4.048677122263169559e-01 -4.380198339853372258e-01
0.000000000000000000e+00 0.000000000000000000e+00 0.000000000000000000e+00 0.000000000000000000e+00
0.000000000000000000e+00 0.000000000000000000e+00 0.000000000000000000e+00 0.000000000000000000e+00
-9.999999999999992228e-02 -1.003768871200603485e-01 -1.264658338307384777e-01 -1.365086153714424044e-01
-1.784781294854947686e-01 -1.817672411057133508e-01 -1.800960504827633923e-01 -1.835897792724551780e-01
-2.088750332674145782e-01 -2.135080364095559569e-01 -2.057225304981353808e-01 -2.079132403529486695e-01
0.000000000000000000e+00 0.000000000000000000e+00 0.000000000000000000e+00 0.000000000000000000e+00
-3.632049949883826567e-01 -3.673737655667764779e-01 -3.634170438858251306e-01 -3.698892616391217247e-01
-3.634170438858251306e-01 -3.618904225272062680e-01 -3.669461385325442082e-01 -3.675772247301519746e-01
-3.537708147005256820e-01 -3.513447244494601884e-01 -3.574173354931752811e-01 -3.535200654964702482e-01
-3.013264823012505866e-01 -3.146153821271805984e-01 -3.306255526178998316e-01 -2.970099999999936125e-01
-2.145915742664589454e-01 -2.079132403529486695e-01 -2.024927783680071092e-01 -1.989999999999997327e-01
-1.047120376581753276e-01 -1.094516467046154073e-01 -1.271541914188384359e-01 -9.999999999999992228e-02
0.000000000000000000e+00 0.000000000000000000e+00 0.000000000000000000e+00 0.000000000000000000e+00
0.000000000000000000e+00 0.000000000000000000e+00 0.000000000000000000e+00 0.000000000000000000e+00
-2.079132403529486695e-01 -2.144008322298048830e-01 -2.079132403529486695e-01 -2.077795060328989918e-01
-2.079132403529486695e-01 -2.079132403529486695e-01 -2.081364057575092186e-01 -2.079132403529486695e-01
-3.634170438858251306e-01 -3.665864918131093719e-01 -3.634170438858251306e-01 -3.634170438858251306e-01
0.000000000000000000e+00 0.000000000000000000e+00 0.000000000000000000e+00 0.000000000000000000e+00
0.000000000000000000e+00 0.000000000000000000e+00 0.000000000000000000e+00 0.000000000000000000e+00
-2.567758511555044976e-01 -2.629046255151936684e-01 -2.559837615183672699e-01 -2.565008494508132508e-01
-2.079132403529486695e-01 -2.140342507259522797e-01 -2.095979801339637738e-01 -2.048516855920142765e-01
-1.489545363799800737e-01 -1.410060641249441249e-01 -1.571027597814976806e-01 -1.412982928375919878e-01
-7.972055930055974016e-02 -7.941088679053512345e-02 -9.232190452366506594e-02 -7.873648447034488351e-02
-7.873648447034488351e-02 -7.972055930055974016e-02 -8.025131633067833503e-02 -7.972055930055974016e-02
0.000000000000000000e+00 0.000000000000000000e+00 0.000000000000000000e+00 0.000000000000000000e+00
0.000000000000000000e+00 0.000000000000000000e+00 0.000000000000000000e+00 0.000000000000000000e+00
