-9.974818628629347761e-02 -9.974117972726367909e-02 -9.974127162525303625e-02 -9.974689219312213306e-02
-9.984808108138389093e-02 -9.984063497595484227e-02 -9.984198277389387532e-02 -9.984256618752540557e-02
-1.000188441721921034e-01 -1.000142823040930246e-01 -1.000192536791758430e-01 -1.000211755090831406e-01
-1.001257772503218735e-01 -1.001187182736913289e-01 -1.001189024574237890e-01 -1.001210996132566866e-01
-1.001676624521650599e-01 -1.001631576194152023e-01 -1.001605150776671144e-01 -1.001631352467126507e-01
-9.996408186010020958e-02 -9.996112437666124229e-02 -9.996174846871104525e-02 -9.996011380120661816e-02
-1.000031986335140483e-01 -9.999884965413337323e-02 -1.000007850456882952e-01 -1.000059756326766996e-01
-1.000552860943536015e-01 -1.000619974297312503e-01 -1.000599109450158036e-01 -1.000614260157616092e-01
-1.002499571765499975e-01 -1.002512509055943773e-01 -1.002489072481886900e-01 -1.002515084926128008e-01
-1.002568584876828844e-01 -1.002536474274928202e-01 -1.002513493229827829e-01 -1.002515215705282320e-01
-1.002114966723539891e-01 -1.002111629634098028e-01 -1.002074417786340543e-01 -1.002146623503759881e-01
-1.002586541262567299e-01 -1.002610961003470580e-01 -1.002588033541873952e-01 -1.002574975897226328e-01
-1.002780526522888127e-01 -1.002762505768609869e-01 -1.002818546494159413e-01 -1.002775757687131702e-01
-1.003707043226388929e-01 -1.003694293215328937e-01 -1.003711413117550633e-01 -1.003753282932334512e-01
-1.004299557495610395e-01 -1.004272730320145135e-01 -1.004262376706688831e-01 -1.004261059282348933e-01
-1.004360924567202079e-01 -1.004427974323932188e-01 -1.004405111992772992e-01 -1.004360206481659523e-01
-1.004643275840878952e-01 -1.004689717041593044e-01 -1.004664443164802884e-01 -1.004655696458793129e-01
-1.004473952744383974e-01 -1.004427871839702474e-01 -1.004442039688547561e-01 -1.004494095391946645e-01
-1.004585489273077392e-01 -1.004593595037822779e-01 -1.004600322412352448e-01 -1.004631596258809129e-01
-1.004879339542703032e-01 -1.004939931417259125e-01 -1.004895500321707491e-01 -1.004908168127627427e-01
-1.004979833476701279e-01 -1.004949924835279867e-01 -1.004980082734309998e-01 -1.004999299897310905e-01
-1.005551643883842577e-01 -1.005598891834810354e-01 -1.005529120103536567e-01 -1.005560049427756258e-01
-1.005409236897287784e-01 -1.005478896006907485e-01 -1.005468778281526643e-01 -1.005463285575650401e-01
-1.005123307218066392e-01 -1.005086319310684873e-01 -1.005137547398402970e-01 -1.005138420208259720e-01
-1.005764096530777640e-01 -1.005792415840226633e-01 -1.005747330103250597e-01 -1.005763156351997673e-01
