-1.439528431393209962e-01 -1.439380371630567534e-01 -1.439378781570138099e-01 -1.439718408361815860e-01
-1.437432108709840450e-01 -1.437269485101639044e-01 -1.437286740347137326e-01 -1.437412900655561654e-01
-1.437536937406967974e-01 -1.437474054613154528e-01 -1.437498316332411763e-01 -1.437488186191560047e-01
-1.437326740364870681e-01 -1.437270414376085326e-01 -1.437424773340082729e-01 -1.437379151843287406e-01
-1.435824669179542323e-01 -1.435789860698979958e-01 -1.435862346385269883e-01 -1.435794623593363295e-01
-1.442121943488476610e-01 -1.441921427366979203e-01 -1.442104861859097309e-01 -1.442039769452281850e-01
-1.440272872103965651e-01 -1.440234745383548176e-01 -1.440248825081587580e-01 -1.440243745590151503e-01
-1.440033361357176966e-01 -1.440136698679528038e-01 -1.440167888611739722e-01 -1.440220982635949665e-01
-1.439322663505944455e-01 -1.439294802747511093e-01 -1.439124424751595244e-01 -1.439250278330783395e-01
-1.437271042799686538e-01 -1.437373512172516188e-01 -1.437375076027160303e-01 -1.437272117536762817e-01
-1.444246860035688640e-01 -1.444081875357535183e-01 -1.444191951760498138e-01 -1.444121884086264906e-01
-1.442454616968624481e-01 -1.442435237753478539e-01 -1.442574150149726342e-01 -1.442507538511668963e-01
-1.441524324660156398e-01 -1.441638310039361492e-01 -1.441682577756752959e-01 -1.441588420054648600e-01
-1.441626488659110417e-01 -1.441502104936650541e-01 -1.441527639300607955e-01 -1.441581544686351135e-01
-1.441004331713343911e-01 -1.440990389911103731e-01 -1.440884360906616035e-01 -1.440846948860704524e-01
-1.446592667242436736e-01 -1.446565708839770148e-01 -1.446475715765183911e-01 -1.446680266278083382e-01
-1.444975155800757860e-01 -1.444838669207725024e-01 -1.444808747975083185e-01 -1.444878146713644285e-01
-1.442024005954785359e-01 -1.441827418379604819e-01 -1.441979626190668107e-01 -1.441896606202655584e-01
-1.442473388706083659e-01 -1.442571500761209713e-01 -1.442510665577453333e-01 -1.442492949630759524e-01
-1.442482754928634814e-01 -1.442506988250119027e-01 -1.442518768642533922e-01 -1.442309842545958787e-01
-1.446477903417102973e-01 -1.446556712947660028e-01 -1.446483532678245754e-01 -1.446503740752606015e-01
-1.444609567571109587e-01 -1.444646783523851064e-01 -1.444745145907230521e-01 -1.444811297913489445e-01
-1.442942870665166466e-01 -1.442795595907029882e-01 -1.442847468765550145e-01 -1.442947897272201241e-01
-1.442735367461368268e-01 -1.442748054271617564e-01 -1.442672114952334717e-01 -1.442696517161075054e-01
-1.441893694441592211e-01 -1.441910056463402423e-01 -1.441897707292978392e-01 -1.441891408989061651e-01
