-2.259863685044845583e-01 -2.259613610477378132e-01 -2.259601314340571598e-01 -2.259639464773020301e-01
-2.262249164562246950e-01 -2.261924875212513175e-01 -2.262246687070449402e-01 -2.261983471634143872e-01
-2.266365258916857028e-01 -2.266572909311323492e-01 -2.266773997239665828e-01 -2.266710421355289107e-01
-2.276912893122445825e-01 -2.276426553632864280e-01 -2.276529187660117359e-01 -2.276813143761786951e-01
-2.283095669977375508e-01 -2.282748316867618255e-01 -2.283234788635921941e-01 -2.282800639931281128e-01
-2.264521492140169068e-01 -2.264353510858231611e-01 -2.264210294956245373e-01 -2.264368475585587792e-01
-2.266434343039683830e-01 -2.266167822549632893e-01 -2.266351266816543919e-01 -2.266105710554139618e-01
-2.269557153582089370e-01 -2.269585078315222715e-01 -2.269755974442069502e-01 -2.269245300580394753e-01
-2.276886045069243802e-01 -2.276317857558143309e-01 -2.276552790159699358e-01 -2.276408566193508509e-01
-2.283558187955481988e-01 -2.283265525669989915e-01 -2.283271526391937589e-01 -2.283283954964127338e-01
-2.268664783256712503e-01 -2.268395414658688491e-01 -2.268238003930001245e-01 -2.268594668390044866e-01
-2.273464517439829635e-01 -2.273516503518608900e-01 -2.273707001622896906e-01 -2.273293804904499837e-01
-2.277324292440052189e-01 -2.277498119381819730e-01 -2.277155332620917072e-01 -2.277267887242525324e-01
-2.281163819769303214e-01 -2.281085004809113304e-01 -2.280783454213692329e-01 -2.280751760435574538e-01
-2.286731996697686786e-01 -2.286422990559780488e-01 -2.286415528857307089e-01 -2.286713692528145048e-01
-2.273401824631126611e-01 -2.272869373335249521e-01 -2.272956116024840156e-01 -2.272862243425797513e-01
-2.277144969868397928e-01 -2.277449958472150815e-01 -2.277581523217536985e-01 -2.277699805065592220e-01
-2.284867674645799651e-01 -2.285125273536797452e-01 -2.284806533029324072e-01 -2.284592255136159988e-01
-2.291461199206484001e-01 -2.291105809552677619e-01 -2.291376568553424309e-01 -2.290926687585322918e-01
-2.294296047396801874e-01 -2.294233154133717423e-01 -2.294789519215174323e-01 -2.294360302194891899e-01
-2.277582806732318388e-01 -2.277863145283167967e-01 -2.277592533749322468e-01 -2.277513050638085013e-01
-2.281057779393838025e-01 -2.281346557798958063e-01 -2.280795056193477832e-01 -2.281277249642626181e-01
-2.286253683254829694e-01 -2.285868116020701724e-01 -2.286371012046493345e-01 -2.286362105684257573e-01
-2.292015978757701300e-01 -2.292014602946201851e-01 -2.292234775828224103e-01 -2.292077771410881148e-01
-2.298404641028835571e-01 -2.298234079703874166e-01 -2.298620036430115143e-01 -2.298412302987930256e-01
