5.468213228489700040e-01 1.056318886558576566e-02 -4.525571860091390404e-03 -2.043260506559149356e-02
4.700582383135719355e-02 2.786671767134962872e-03 1.002630355564966935e+00 4.221662957282025508e-02
3.354654520614206575e-02 1.878899801409054417e-03 1.008446077184881773e+00 -8.900726325518063323e-03
1.809490484985475933e-01 -5.295823199252937957e-02 8.360139891532332168e-01 4.539027766499367234e-01
-8.578702138852878356e-02 -7.894376221055686427e-02 9.183854901144119509e-01 -5.119212317921262995e-02
6.462480416325050436e-01 -3.056991334850076708e-02 -7.934163844492409315e-03 7.059101605350071029e-02
-2.636777967752772234e-02 5.516413958969434289e-02 -2.391471345208994598e-02 3.785327606087980912e-01
3.513411458786552810e-01 5.237139664032215702e-02 5.931955723437448702e-02 -1.501177997623260110e-02
1.547853738962669812e-01 5.360809574753157003e-01 3.981019379340250963e-01 1.512291960620981424e-01
-5.448795717637636149e-02 9.947326689919864240e-01 1.073268858598081854e+00 -2.404105733400332262e-02
5.310331071418874505e-01 -7.376211796897187700e-04 -1.848420870218145037e-02 1.271740715146816580e-01
2.086873478873501817e-02 2.872063183338913750e-01 -1.413198475268588605e-02 1.755730625881388729e-01
5.231688367650969562e-01 1.805131931547411007e-03 -5.594469339974263503e-03 3.682803457182066142e-01
-2.146717159167861599e-02 6.876381982951382810e-01 8.456812215023958024e-02 4.574704529524810381e-02
-2.054602291881434811e-02 1.112611159234150326e+00 5.324843468328603890e-01 -2.971861331659770081e-02
5.314359102773411614e-01 1.163619900905576814e-02 -2.634130754623040249e-02 1.593804192193206404e-01
-8.561330787712002205e-03 6.060661978501969971e-01 1.083138628601283335e-02 2.459715575377097729e-01
9.274539339712664088e-01 2.845107825802258850e-01 -2.727276174434049502e-04 5.018695360711606518e-02
1.603124991263376042e-01 9.187526267192136498e-01 4.528893045938947072e-03 5.865358739431233426e-01
4.661993702147095853e-01 9.904532191517821937e-01 3.979241931771201890e-02 -2.337508570726465687e-02
-3.629399545135560817e-02 -7.963111739314368553e-03 -2.762195627403891962e-02 3.283211192496511832e-01
-4.844196579716589235e-02 3.750900557078506448e-01 -5.066687966024575884e-02 1.371975933373215106e-02
-2.133685562997096954e-02 -3.239808987309564237e-02 2.173289531392055274e-01 5.504082457863572753e-01
-3.243589679889139626e-02 6.646718027764402237e-01 -2.489730929962938322e-02 4.434402450916307137e-01
-1.028490230581240589e-01 -8.974869414209681040e-02 2.956464273609555327e-01 -1.036764866074017799e-01
