0.000000000000000000e+00 0.000000000000000000e+00 0.000000000000000000e+00 0.000000000000000000e+00
-1.437038792249894925e+02 -1.436613375801954646e+02 -1.436161366121096137e+02 -1.436832024395923497e+02
-1.438185506669377673e+02 -1.438165299765237819e+02 -1.438449362017593955e+02 -1.437874352177254309e+02
0.000000000000000000e+00 0.000000000000000000e+00 0.000000000000000000e+00 0.000000000000000000e+00
0.000000000000000000e+00 0.000000000000000000e+00 0.000000000000000000e+00 0.000000000000000000e+00
0.000000000000000000e+00 0.000000000000000000e+00 0.000000000000000000e+00 0.000000000000000000e+00
-1.393392018290153942e+02 -1.392084336408800880e+02 -1.392262871709407079e+02 -1.389518190870332717e+02
-1.388308375816890816e+02 -1.390882802250713155e+02 -1.391344786434725052e+02 -1.391080743886460880e+02
0.000000000000000000e+00 0.000000000000000000e+00 0.000000000000000000e+00 0.000000000000000000e+00
0.000000000000000000e+00 0.000000000000000000e+00 0.000000000000000000e+00 0.000000000000000000e+00
0.000000000000000000e+00 0.000000000000000000e+00 0.000000000000000000e+00 0.000000000000000000e+00
-4.150576511799293655e+01 -4.144005458059938007e+01 -4.144755371528740540e+01 -4.145584841918098817e+01
0.000000000000000000e+00 0.000000000000000000e+00 0.000000000000000000e+00 0.000000000000000000e+00
0.000000000000000000e+00 0.000000000000000000e+00 0.000000000000000000e+00 0.000000000000000000e+00
-2.162151439017420174e+01 -2.153986650518033130e+01 -2.154406564429513793e+01 -2.150196026754807122e+01
0.000000000000000000e+00 0.000000000000000000e+00 0.000000000000000000e+00 0.000000000000000000e+00
-3.322130792101753549e+00 -3.321234805907658849e+00 -3.320769553514150374e+00 -3.320686052055346948e+00
-6.491468787565617404e+00 -6.491655240298996432e+00 -6.489367911600359307e+00 -6.491082518010797386e+00
-9.002279434826835569e+00 -8.999376540262286284e+00 -8.997805186317600956e+00 -8.998425467575435377e+00
-1.026564479428113863e+01 -1.026495762290682556e+01 -1.026712713416157818e+01 -1.026730726677729244e+01
0.000000000000000000e+00 0.000000000000000000e+00 0.000000000000000000e+00 0.000000000000000000e+00
-1.435168274214470330e+02 -1.434366832313991438e+02 -1.430883630900237335e+02 -1.434851748861421186e+02
0.000000000000000000e+00 0.000000000000000000e+00 0.000000000000000000e+00 0.000000000000000000e+00
-1.415054120204948731e+02 -1.414747201176291185e+02 -1.414703638831693979e+02 -1.414969438234240897e+02
0.000000000000000000e+00 0.000000000000000000e+00 0.000000000000000000e+00 0.000000000000000000e+00
0.000000000000000000e+00 0.000000000000000000e+00 0.000000000000000000e+00 0.000000000000000000e+00
-1.392962101030830127e+02 -1.390380525299222541e+02 -1.390335119390543355e+02 -1.389693869051884292e+02
-1.386659168597380187e+02 -1.388752093840654425e+02 -1.389628711654586084e+02 -1.386949332758613593e+02
-1.383238474327732490e+02 -1.384907522024827244e+02 -1.386178405972808321e+02 -1.385877870637096407e+02
0.000000000000000000e+00 0.000000000000000000e+00 0.000000000000000000e+00 0.000000000000000000e+00
-4.138662867373032128e+01 -4.137997750300125688e+01 -4.131646837858231436e+01 -4.140022966211660815e+01
-4.148231270387788783e+01 -4.146176289089676459e+01 -4.138437627407638786e+01 -4.140216474389441714e+01
0.000000000000000000e+00 0.000000000000000000e+00 0.000000000000000000e+00 0.000000000000000000e+00
-2.837277880990808043e+01 -2.898033387426638186e+01 -2.875080210072063736e+01 -2.882457800299126305e+01
-2.166755497129938846e+01 -2.159434822048717351e+01 -2.183000372121140487e+01 -2.191916015486297198e+01
-1.221051864023727163e+01 -1.247862496998865645e+01 -1.239540062381094110e+01 -1.253147088780368534e+01
0.000000000000000000e+00 0.000000000000000000e+00 0.000000000000000000e+00 0.000000000000000000e+00
-7.191516325408812804e+00 -7.201047842906917573e+00 -5.097787875802413993e+00 -7.207271888953222572e+00
-1.024401990740255997e+01 -1.023853529370576432e+01 -1.023577553755795400e+01 -1.024069598407543324e+01
-1.152688630170316486e+01 -1.152824773977879680e+01 -1.152994320938173445e+01 -1.153011891331599870e+01
0.000000000000000000e+00 0.000000000000000000e+00 0.000000000000000000e+00 0.000000000000000000e+00
-1.430360674636129943e+02 -1.431278263523673502e+02 -1.430240118304314478e+02 -1.431598680171578053e+02
-1.417963586821556987e+02 -1.422668523260215352e+02 -1.422935669604229645e+02 -1.423821814388557243e+02
-1.412500152284882802e+02 -1.413618686358610148e+02 -1.413985212002106095e+02 -1.414550529764312898e+02
-1.406703489739801967e+02 -1.405195004808404633e+02 -1.404696693433394614e+02 -1.405225636828356244e+02
-1.398049060734587954e+02 -1.397008918493312137e+02 -1.397511715715435798e+02 -1.394575938411378502e+02
-1.391354577515591302e+02 -1.389132005801815524e+02 -1.388703584906080835e+02 -1.388403845499051670e+02
0.000000000000000000e+00 0.000000000000000000e+00 0.000000000000000000e+00 0.000000000000000000e+00
-1.378223942826097073e+02 -1.381315349756523290e+02 -1.380671224839471165e+02 -1.380026800936535096e+02
0.000000000000000000e+00 0.000000000000000000e+00 0.000000000000000000e+00 0.000000000000000000e+00
-4.138386305882519167e+01 -4.136864837502368886e+01 -4.140165308624435880e+01 -4.141033452455681640e+01
-4.135847003727625548e+01 -4.139723540544405012e+01 -4.136523999342954028e+01 -4.143051532994304154e+01
-4.079495995453064694e+01 -4.126277986377441209e+01 -4.128301345896912977e+01 -4.134286318004303951e+01
-3.512267482908761451e+01 -3.525235741265604617e+01 -3.468163021112617628e+01 -3.471699445659216110e+01
-2.391343783871758077e+01 -2.407134067667328026e+01 -2.346639040519139030e+01 -2.391449666981284139e+01
-1.463810053716616189e+01 -1.495317396955936218e+01 -1.472999067557218211e+01 -1.531113159538889157e+01
-8.407278033906981918e+00 -8.391133717345521603e+00 -8.767850398453980176e+00 -8.783433472794889951e+00
-1.150977194975952145e+01 -1.020385772106633304e+01 -1.149314959161208982e+01 -1.149849363937314628e+01
-1.326842929580252139e+01 -1.329974328302240671e+01 -1.326532726626789405e+01 -1.326658952195562513e+01
-1.404822981744552912e+01 -1.404539102398530304e+01 -1.410956833002339650e+01 -1.404401264919917125e+01
-1.434394804745037106e+02 -1.434514774578385072e+02 -1.434041313317734421e+02 -1.434696921839008041e+02
-1.433910785233950662e+02 -1.434268229318865053e+02 -1.433192603758123198e+02 -1.433808714768378536e+02
0.000000000000000000e+00 0.000000000000000000e+00 0.000000000000000000e+00 0.000000000000000000e+00
-1.408922205143199449e+02 -1.410394587355748968e+02 -1.410285025842427729e+02 -1.408954727341215687e+02
-1.403174398090218631e+02 -1.403455037404974632e+02 -1.404428404236093968e+02 -1.404967868412115308e+02
-1.394280912993593233e+02 -1.395104814111020346e+02 -1.395966652512593669e+02 -1.396454973479702062e+02
-1.384437916784222011e+02 -1.380646112811282933e+02 -1.383354492106429632e+02 -1.380493531852573881e+02
0.000000000000000000e+00 0.000000000000000000e+00 0.000000000000000000e+00 0.000000000000000000e+00
-1.372499051967715218e+02 -1.375145645653922486e+02 -1.374210247936714495e+02 -1.372306758121232519e+02
-1.373653988819067706e+02 -1.372449769564081237e+02 -1.373716117262485454e+02 -1.373564368075179516e+02
0.000000000000000000e+00 0.000000000000000000e+00 0.000000000000000000e+00 0.000000000000000000e+00
0.000000000000000000e+00 0.000000000000000000e+00 0.000000000000000000e+00 0.000000000000000000e+00
-4.730060993639476408e+01 -4.718874340022894387e+01 -4.776512539210822439e+01 -4.779026076908503029e+01
-4.572301285175862517e+01 -4.628245628238315135e+01 -4.611919317013559549e+01 -4.566903323594974040e+01
0.000000000000000000e+00 0.000000000000000000e+00 0.000000000000000000e+00 0.000000000000000000e+00
0.000000000000000000e+00 0.000000000000000000e+00 0.000000000000000000e+00 0.000000000000000000e+00
0.000000000000000000e+00 0.000000000000000000e+00 0.000000000000000000e+00 0.000000000000000000e+00
-1.681980616803027573e+01 -1.518978213564463253e+01 -1.679912258330112351e+01 -1.679393582676670604e+01
-1.721581404682578764e+01 -1.720773932028798470e+01 -1.720961245121331729e+01 -1.721015381633487706e+01
-1.740065527029013381e+01 -1.739211937089602245e+01 -1.740203705442883475e+01 -1.739808269838711041e+01
0.000000000000000000e+00 0.000000000000000000e+00 0.000000000000000000e+00 0.000000000000000000e+00
-1.435112702502155742e+02 -1.435400403638672060e+02 -1.435304801016183660e+02 -1.435242221146119448e+02
0.000000000000000000e+00 0.000000000000000000e+00 0.000000000000000000e+00 0.000000000000000000e+00
-1.410049840702143626e+02 -1.410289118796547143e+02 -1.409793711232656506e+02 -1.409502141408234763e+02
0.000000000000000000e+00 0.000000000000000000e+00 0.000000000000000000e+00 0.000000000000000000e+00
0.000000000000000000e+00 0.000000000000000000e+00 0.000000000000000000e+00 0.000000000000000000e+00
-1.362662275781601124e+02 -1.359475468099699071e+02 -1.362592775276289387e+02 -1.357978136780966167e+02
0.000000000000000000e+00 0.000000000000000000e+00 0.000000000000000000e+00 0.000000000000000000e+00
-1.364729455087461645e+02 -1.367070779336487476e+02 -1.366519178730743818e+02 -1.366427233678811319e+02
0.000000000000000000e+00 0.000000000000000000e+00 0.000000000000000000e+00 0.000000000000000000e+00
-5.515142141390884234e+01 -5.512039414754700317e+01 -5.514786412491150003e+01 -5.516262575662700840e+01
-5.500457292913269924e+01 -5.495394819176851797e+01 -5.511790104906278742e+01 -5.515119070161519943e+01
-5.511364134277012994e+01 -5.524547196743954913e+01 -5.506991648093839586e+01 -5.514783777543073029e+01
-5.479717600400464050e+01 -5.495072352306650032e+01 -5.511149916955822903e+01 -5.442374092242736339e+01
-5.764322267033585234e+01 -5.721130234165318029e+01 -5.722912340797181940e+01 -5.720090823173818251e+01
0.000000000000000000e+00 0.000000000000000000e+00 0.000000000000000000e+00 0.000000000000000000e+00
0.000000000000000000e+00 0.000000000000000000e+00 0.000000000000000000e+00 0.000000000000000000e+00
-2.159464644438163461e+01 -2.004500328963631617e+01 -2.159598957621233950e+01 -2.160035264163591151e+01
-2.127828045180636707e+01 -2.126850043946643964e+01 -2.127456465695508214e+01 -2.128727936417772071e+01
-2.086480399381617090e+01 -2.086058454641665350e+01 -2.086183790120635706e+01 -2.086272647948484504e+01
-1.380080299563584276e+02 -1.380058912361467378e+02 -1.379570837613028118e+02 -1.379977883481234642e+02
0.000000000000000000e+00 0.000000000000000000e+00 0.000000000000000000e+00 0.000000000000000000e+00
-1.379453375415598941e+02 -1.375342728095290852e+02 -1.375243784573692380e+02 -1.374945499906511941e+02
0.000000000000000000e+00 0.000000000000000000e+00 0.000000000000000000e+00 0.000000000000000000e+00
-1.346741973415228131e+02 -1.345354808520523875e+02 -1.346302459341273732e+02 -1.346709235211019688e+02
0.000000000000000000e+00 0.000000000000000000e+00 0.000000000000000000e+00 0.000000000000000000e+00
-1.337272109531404283e+02 -1.336326313621074746e+02 -1.334732512975103020e+02 -1.335520165089811258e+02
-1.344111733726591638e+02 -1.347621540683084902e+02 -1.344601583029278515e+02 -1.347881082485770321e+02
-1.354842192184794101e+02 -1.358147946972091233e+02 -1.355741583819726657e+02 -1.357793049797672325e+02
0.000000000000000000e+00 0.000000000000000000e+00 0.000000000000000000e+00 0.000000000000000000e+00
0.000000000000000000e+00 0.000000000000000000e+00 0.000000000000000000e+00 0.000000000000000000e+00
0.000000000000000000e+00 0.000000000000000000e+00 0.000000000000000000e+00 0.000000000000000000e+00
-6.244020281451293641e+01 -6.293842631282293354e+01 -6.251307875157376515e+01 -6.266351476650782359e+01
-6.052769553938621527e+01 -6.105266805701381827e+01 -6.104390520757315386e+01 -6.046071783260710930e+01
-6.060114247124365505e+01 -6.035304247119380250e+01 -6.017218794643648039e+01 -6.014372636038691411e+01
-6.018349658129875479e+01 -6.017042866283491520e+01 -6.020051269437254149e+01 -6.016020562788413883e+01
0.000000000000000000e+00 0.000000000000000000e+00 0.000000000000000000e+00 0.000000000000000000e+00
-2.669283203495212931e+01 -2.489661832669764507e+01 -2.688498227894232429e+01 -2.688919845385249729e+01
-2.501614622399927867e+01 -2.550589301011591914e+01 -2.502701622208660837e+01 -2.500993116675852690e+01
-2.381972887103234626e+01 -2.381531506261659459e+01 -2.399027492625244307e+01 -2.392710684409968991e+01
-1.376999593154311867e+02 -1.378585038255995983e+02 -1.378517131653678973e+02 -1.378797572242782792e+02
-1.378326126165268875e+02 -1.378274098067134616e+02 -1.376090665555728094e+02 -1.377029080008905453e+02
-1.378632901921360485e+02 -1.377963020281816284e+02 -1.376200013702870422e+02 -1.378544325627355249e+02
0.000000000000000000e+00 0.000000000000000000e+00 0.000000000000000000e+00 0.000000000000000000e+00
-1.346005235597927197e+02 -1.345310317294687650e+02 -1.345944873996274112e+02 -1.345147934450891967e+02
0.000000000000000000e+00 0.000000000000000000e+00 0.000000000000000000e+00 0.000000000000000000e+00
-1.301596275381521082e+02 -1.300614834779031810e+02 -1.299928938691551537e+02 -1.299270599425808541e+02
0.000000000000000000e+00 0.000000000000000000e+00 0.000000000000000000e+00 0.000000000000000000e+00
0.000000000000000000e+00 0.000000000000000000e+00 0.000000000000000000e+00 0.000000000000000000e+00
0.000000000000000000e+00 0.000000000000000000e+00 0.000000000000000000e+00 0.000000000000000000e+00
-1.007084314284714424e+02 -1.006783468176820406e+02 -1.007009027793789357e+02 -1.006502599582486823e+02
0.000000000000000000e+00 0.000000000000000000e+00 0.000000000000000000e+00 0.000000000000000000e+00
-7.134082846175732584e+01 -7.175686904039854142e+01 -7.119587027925417999e+01 -7.186784899137553850e+01
-6.475767391878675028e+01 -6.541767525783318149e+01 -6.481250976624014015e+01 -6.527447301673690561e+01
-6.293897738044231716e+01 -6.293420534895334129e+01 -6.298032604013371838e+01 -6.280721246827521753e+01
0.000000000000000000e+00 0.000000000000000000e+00 0.000000000000000000e+00 0.000000000000000000e+00
0.000000000000000000e+00 0.000000000000000000e+00 0.000000000000000000e+00 0.000000000000000000e+00
-3.359147515135465056e+01 -3.050105448960192689e+01 -3.355938688700078387e+01 -3.356273194575733498e+01
-2.832148999426984304e+01 -2.840272159030176979e+01 -2.832670643889993300e+01 -2.832145654309589844e+01
-2.628120255762887680e+01 -2.578210583501783404e+01 -2.639493264466624112e+01 -2.578130286817573236e+01
0.000000000000000000e+00 0.000000000000000000e+00 0.000000000000000000e+00 0.000000000000000000e+00
-1.376164923683952850e+02 -1.375465253354502693e+02 -1.376135660742799587e+02 -1.374578463549471508e+02
-1.375363561560714345e+02 -1.375168053099885128e+02 -1.373573539650922157e+02 -1.373406613841574710e+02
0.000000000000000000e+00 0.000000000000000000e+00 0.000000000000000000e+00 0.000000000000000000e+00
-1.344348042640614835e+02 -1.343403300132198126e+02 -1.344060911474709883e+02 -1.343755450010268646e+02
0.000000000000000000e+00 0.000000000000000000e+00 0.000000000000000000e+00 0.000000000000000000e+00
-1.261498751524817976e+02 -1.263159433716296860e+02 -1.261510961262736430e+02 -1.264463253366916291e+02
-1.222777805491600560e+02 -1.219089047169098308e+02 -1.220145880289194622e+02 -1.218630707690508785e+02
-1.141486217512147476e+02 -1.141336120039086524e+02 -1.143406782676894693e+02 -1.139952381407190103e+02
-1.060237475594405794e+02 -1.062779525917340919e+02 -1.063429554420910677e+02 -1.061384304821553002e+02
-1.006437908622917092e+02 -1.006179188192117664e+02 -1.009501512926092630e+02 -1.007755046975542115e+02
-9.487109111398947903e+01 -9.517229631428168091e+01 -9.522159830654281620e+01 -9.515226751245472769e+01
-8.686888844611786453e+01 -8.742946201724970479e+01 -8.724152814327909766e+01 -8.714649426871308435e+01
0.000000000000000000e+00 0.000000000000000000e+00 0.000000000000000000e+00 0.000000000000000000e+00
0.000000000000000000e+00 0.000000000000000000e+00 0.000000000000000000e+00 0.000000000000000000e+00
0.000000000000000000e+00 0.000000000000000000e+00 0.000000000000000000e+00 0.000000000000000000e+00
-5.671472755131317456e+01 -5.668760869927630353e+01 -5.669334285453282973e+01 -4.881188771061348319e+01
-4.530327559575305685e+01 -3.870575651378466375e+01 -4.539655539086258074e+01 -4.529606762761795835e+01
0.000000000000000000e+00 0.000000000000000000e+00 0.000000000000000000e+00 0.000000000000000000e+00
-2.624387228525117166e+01 -2.631311597371188427e+01 -2.627986433909936181e+01 -2.625230191373189115e+01
-1.374696121746462438e+02 -1.375114332961969978e+02 -1.374965852479166983e+02 -1.375133122231036680e+02
-1.374084897290661047e+02 -1.373054526195175526e+02 -1.373696495145615870e+02 -1.374093582551672910e+02
-1.369376511398641867e+02 -1.369750457575971723e+02 -1.368490566430478452e+02 -1.369856731139433350e+02
-1.353646485278367209e+02 -1.354682454463045644e+02 -1.355178699955125978e+02 -1.355730303689735479e+02
-1.340691901519911369e+02 -1.340618463030778003e+02 -1.339680973889639688e+02 -1.339191109606430246e+02
0.000000000000000000e+00 0.000000000000000000e+00 0.000000000000000000e+00 0.000000000000000000e+00
-1.264792933735131726e+02 -1.266025696036715402e+02 -1.264363272359259582e+02 -1.263436337127079980e+02
-1.253135420461236151e+02 -1.251291305847573199e+02 -1.250722761836887287e+02 -1.250348841904512653e+02
0.000000000000000000e+00 0.000000000000000000e+00 0.000000000000000000e+00 0.000000000000000000e+00
-1.034527976636030075e+02 -1.033165894212600051e+02 -1.034447596532066882e+02 -1.034536870643552220e+02
-1.005790761496803043e+02 -1.007198121509518103e+02 -1.006009292139626581e+02 -1.009000468874866385e+02
-9.743005788938147305e+01 -9.699024102586680840e+01 -9.718388677942279230e+01 -9.675240514665047442e+01
-9.375046950712524563e+01 -9.435112089189469486e+01 -9.368425654404224190e+01 -9.370266604307478531e+01
0.000000000000000000e+00 0.000000000000000000e+00 0.000000000000000000e+00 0.000000000000000000e+00
-8.771029789977301050e+01 -8.770265442195248795e+01 -8.769140839583023705e+01 -8.770961002386383143e+01
0.000000000000000000e+00 0.000000000000000000e+00 0.000000000000000000e+00 0.000000000000000000e+00
-6.795169910898420085e+01 -5.969135040275411086e+01 -6.792139057003099367e+01 -6.792518602604563682e+01
0.000000000000000000e+00 0.000000000000000000e+00 0.000000000000000000e+00 0.000000000000000000e+00
0.000000000000000000e+00 0.000000000000000000e+00 0.000000000000000000e+00 0.000000000000000000e+00
0.000000000000000000e+00 0.000000000000000000e+00 0.000000000000000000e+00 0.000000000000000000e+00
0.000000000000000000e+00 0.000000000000000000e+00 0.000000000000000000e+00 0.000000000000000000e+00
0.000000000000000000e+00 0.000000000000000000e+00 0.000000000000000000e+00 0.000000000000000000e+00
-1.371663242428105036e+02 -1.371968458464546643e+02 -1.371506794103880509e+02 -1.371591769494719983e+02
0.000000000000000000e+00 0.000000000000000000e+00 0.000000000000000000e+00 0.000000000000000000e+00
-1.316927804640183695e+02 -1.319933314498780135e+02 -1.319001895071841659e+02 -1.321000743236649555e+02
-1.302721072547720951e+02 -1.302137283450080929e+02 -1.298904942077096223e+02 -1.300752403513510558e+02
-1.283970480075850276e+02 -1.280990419275910881e+02 -1.280817185681269734e+02 -1.282257341440201799e+02
-1.269189695741420962e+02 -1.267709699257509754e+02 -1.269873548559840657e+02 -1.267041130603773524e+02
-1.267774116673784022e+02 -1.268098590740193572e+02 -1.268320267724650989e+02 -1.267251127154969907e+02
0.000000000000000000e+00 0.000000000000000000e+00 0.000000000000000000e+00 0.000000000000000000e+00
-1.010671648683957358e+02 -1.014207371781167950e+02 -1.014137088293444151e+02 -1.012100138179914381e+02
-9.903400851565102414e+01 -9.881637712150282482e+01 -9.840585270693267717e+01 -9.903316127667835644e+01
-9.747052376362920256e+01 -9.803113030606826328e+01 -9.755381974721304061e+01 -9.750433729511803449e+01
0.000000000000000000e+00 0.000000000000000000e+00 0.000000000000000000e+00 0.000000000000000000e+00
-8.831067561744535510e+01 -8.761605059352029912e+01 -8.808253954020155163e+01 -8.757359752397962893e+01
-8.336345550468779209e+01 -8.335451736847647908e+01 -8.348119605540571797e+01 -8.310908273255655843e+01
-7.891670076839808701e+01 -7.060951641569393189e+01 -7.893420287069763219e+01 -7.893202651581756868e+01
-8.546513098048694701e+01 -8.544869382902639643e+01 -7.975896277405701085e+01 -8.545849036159120260e+01
-8.718438118795744174e+01 -8.718249211799216880e+01 -8.717741644491033526e+01 -8.718783289912498446e+01
-8.882131707382919217e+01 -8.881888652278324514e+01 -8.881805053683676476e+01 -8.881880046432141285e+01
-1.465832326973138038e+02 -1.465669829169852676e+02 -1.465126009477507409e+02 -1.465423409815161619e+02
0.000000000000000000e+00 0.000000000000000000e+00 0.000000000000000000e+00 0.000000000000000000e+00
-1.372871695670943097e+02 -1.373081272680439042e+02 -1.372609858895378068e+02 -1.373055210450638697e+02
0.000000000000000000e+00 0.000000000000000000e+00 0.000000000000000000e+00 0.000000000000000000e+00
0.000000000000000000e+00 0.000000000000000000e+00 0.000000000000000000e+00 0.000000000000000000e+00
-1.301259385510630864e+02 -1.299016485993140577e+02 -1.301136671808057770e+02 -1.299903635936970261e+02
-1.293904179269049735e+02 -1.291504772007519932e+02 -1.295528902614500737e+02 -1.291711088380315289e+02
0.000000000000000000e+00 0.000000000000000000e+00 0.000000000000000000e+00 0.000000000000000000e+00
0.000000000000000000e+00 0.000000000000000000e+00 0.000000000000000000e+00 0.000000000000000000e+00
0.000000000000000000e+00 0.000000000000000000e+00 0.000000000000000000e+00 0.000000000000000000e+00
-1.040297337018680395e+02 -1.045637248391326182e+02 -1.044549102881708365e+02 -1.044351825533115061e+02
0.000000000000000000e+00 0.000000000000000000e+00 0.000000000000000000e+00 0.000000000000000000e+00
-1.003552532686249066e+02 -1.001050485694958780e+02 -1.003123374203063065e+02 -1.001130972283657457e+02
0.000000000000000000e+00 0.000000000000000000e+00 0.000000000000000000e+00 0.000000000000000000e+00
-9.255148864986047386e+01 -9.223726581536865865e+01 -9.250605928583718196e+01 -9.228535924471628960e+01
0.000000000000000000e+00 0.000000000000000000e+00 0.000000000000000000e+00 0.000000000000000000e+00
0.000000000000000000e+00 0.000000000000000000e+00 0.000000000000000000e+00 0.000000000000000000e+00
-9.004128899462457980e+01 -8.645430236157282877e+01 -9.002835419362951086e+01 -9.003085704194727157e+01
0.000000000000000000e+00 0.000000000000000000e+00 0.000000000000000000e+00 0.000000000000000000e+00
-9.038630688560196802e+01 -9.037924832490325855e+01 -9.037868710030707575e+01 -9.038469700692502329e+01
-1.464365688746849514e+02 -1.464182625213083213e+02 -1.463190028834267764e+02 -1.463204645993064048e+02
-1.459812204491034322e+02 -1.462407753012017508e+02 -1.462748227949035993e+02 -1.468558790291153571e+02
0.000000000000000000e+00 0.000000000000000000e+00 0.000000000000000000e+00 0.000000000000000000e+00
0.000000000000000000e+00 0.000000000000000000e+00 0.000000000000000000e+00 0.000000000000000000e+00
-1.302247326818064153e+02 -1.303973789041966995e+02 -1.303875201081363571e+02 -1.304043661640127709e+02
-1.303345401122795693e+02 -1.300804479971261003e+02 -1.302837720273578554e+02 -1.298956341299858366e+02
-1.293908779403737697e+02 -1.295973367564213561e+02 -1.294219736338650648e+02 -1.296628178500385218e+02
-1.295532664422750599e+02 -1.293639322876134088e+02 -1.292826744010982054e+02 -1.295023242554405272e+02
0.000000000000000000e+00 0.000000000000000000e+00 0.000000000000000000e+00 0.000000000000000000e+00
0.000000000000000000e+00 0.000000000000000000e+00 0.000000000000000000e+00 0.000000000000000000e+00
-1.068517604687607871e+02 -1.074159656060039083e+02 -1.067682829029520946e+02 -1.067613552987730401e+02
-1.049674198882641889e+02 -1.048149384030209319e+02 -1.050229735178883885e+02 -1.047702872472995779e+02
-1.028570426075878004e+02 -1.028869987612197860e+02 -1.029143994855143234e+02 -1.028408131273500317e+02
-9.978519247706834960e+01 -9.978639250847017195e+01 -9.982625204406562602e+01 -9.976968938106885787e+01
-9.660794595489271330e+01 -9.638396034642683219e+01 -9.664568228857341126e+01 -9.642526299840919535e+01
0.000000000000000000e+00 0.000000000000000000e+00 0.000000000000000000e+00 0.000000000000000000e+00
-9.642063137093879277e+01 -9.641473917800429660e+01 -9.641459638634935914e+01 -9.507829141667018291e+01
-9.438722136298947873e+01 -9.155306588889419572e+01 -9.437132307122543295e+01 -9.436510078625894948e+01
-9.315367960861006225e+01 -9.315331976731309283e+01 -9.316114160202926087e+01 -9.315264842226666531e+01
-9.185500479873233814e+01 -9.185486278838263274e+01 -9.186184618164796234e+01 -9.185864477488105706e+01
-1.461537986829944202e+02 -1.461803741221273185e+02 -1.461659980063400894e+02 -1.463187478706129525e+02
-1.458935156254613332e+02 -1.457691089362604657e+02 -1.459078408300966601e+02 -1.459351682085764423e+02
-1.450418485164138929e+02 -1.451357011700018802e+02 -1.451703867612126260e+02 -1.452363687099683887e+02
-1.448869372259189845e+02 -1.447355716509689785e+02 -1.446713094323533824e+02 -1.447250690018225328e+02
0.000000000000000000e+00 0.000000000000000000e+00 0.000000000000000000e+00 0.000000000000000000e+00
-1.309105987030515621e+02 -1.305683025894042544e+02 -1.307308190025384533e+02 -1.308718765258077212e+02
0.000000000000000000e+00 0.000000000000000000e+00 0.000000000000000000e+00 0.000000000000000000e+00
-1.291335983942210817e+02 -1.290584244557796296e+02 -1.290320030771070208e+02 -1.291116333942451888e+02
-1.275423913708587804e+02 -1.275191977271830126e+02 -1.278218669793849642e+02 -1.275057805391986534e+02
0.000000000000000000e+00 0.000000000000000000e+00 0.000000000000000000e+00 0.000000000000000000e+00
-1.113954610814357551e+02 -1.118826310037755860e+02 -1.118867006116932430e+02 -1.118789102616544682e+02
0.000000000000000000e+00 0.000000000000000000e+00 0.000000000000000000e+00 0.000000000000000000e+00
-1.063790272656945888e+02 -1.063607958773200295e+02 -1.063793783970879190e+02 -1.063806095490348014e+02
0.000000000000000000e+00 0.000000000000000000e+00 0.000000000000000000e+00 0.000000000000000000e+00
-9.728616013511417293e+01 -9.728651607246936805e+01 -9.728709868265954697e+01 -9.728650618528480720e+01
-9.786075025486357504e+01 -9.786125952455570598e+01 -9.786119901251193198e+01 -9.786131724550959632e+01
-9.833614999337622464e+01 -9.753453595931360098e+01 -9.833247257930732133e+01 -9.833379008834891977e+01
-9.776040078459010374e+01 -9.768246242673141921e+01 -9.776126516818763434e+01 -9.775911937508863048e+01
0.000000000000000000e+00 0.000000000000000000e+00 0.000000000000000000e+00 0.000000000000000000e+00
-9.194456903401022885e+01 -9.194475469259334943e+01 -9.194384099756720730e+01 -9.194427066866707321e+01
0.000000000000000000e+00 0.000000000000000000e+00 0.000000000000000000e+00 0.000000000000000000e+00
0.000000000000000000e+00 0.000000000000000000e+00 0.000000000000000000e+00 0.000000000000000000e+00
-1.445550622725350252e+02 -1.447085725985514841e+02 -1.451464571113002933e+02 -1.446213197687239358e+02
-1.442522851574387346e+02 -1.441594789714428941e+02 -1.441376515384424977e+02 -1.440798934635208184e+02
0.000000000000000000e+00 0.000000000000000000e+00 0.000000000000000000e+00 0.000000000000000000e+00
-1.312865366414933703e+02 -1.310244725986584342e+02 -1.313202335480170291e+02 -1.313282375379833127e+02
-1.310863054589467538e+02 -1.315126089892695802e+02 -1.313277290388107588e+02 -1.315767508127451606e+02
-1.296038252179685628e+02 -1.298344839693428128e+02 -1.295482848306220944e+02 -1.299778597055550051e+02
-1.260860419920994957e+02 -1.261215609923200134e+02 -1.261343798280915820e+02 -1.263630820239077082e+02
-1.213686607628324481e+02 -1.211815070223264854e+02 -1.209241944989010307e+02 -1.213721314146996662e+02
-1.159523751384334957e+02 -1.162660580032522688e+02 -1.157508397991899756e+02 -1.159671266407255104e+02
-1.128682056994804555e+02 -1.128741819749184288e+02 -1.129518239343871215e+02 -1.129811704864756905e+02
-1.096791748632653594e+02 -1.096615032535971750e+02 -1.098828722935847111e+02 -1.098922134638618928e+02
-1.100540978077512904e+02 -1.099425086704870864e+02 -1.099427861552417198e+02 -1.099426245045237494e+02
0.000000000000000000e+00 0.000000000000000000e+00 0.000000000000000000e+00 0.000000000000000000e+00
0.000000000000000000e+00 0.000000000000000000e+00 0.000000000000000000e+00 0.000000000000000000e+00
-1.013146829266271283e+02 -9.995433228920485647e+01 -1.013130462272395533e+02 -1.013110763275319641e+02
-1.005002585222481599e+02 -1.004899288154805674e+02 -1.005099235406467955e+02 -1.005099360141224452e+02
-1.024877623680228851e+02 -1.024796919355509601e+02 -1.024866450713686277e+02 -1.024846630085688304e+02
0.000000000000000000e+00 0.000000000000000000e+00 0.000000000000000000e+00 0.000000000000000000e+00
0.000000000000000000e+00 0.000000000000000000e+00 0.000000000000000000e+00 0.000000000000000000e+00
-1.435872972551505882e+02 -1.435667467353447364e+02 -1.433392778505395881e+02 -1.435750313001872769e+02
0.000000000000000000e+00 0.000000000000000000e+00 0.000000000000000000e+00 0.000000000000000000e+00
-1.429736954576762287e+02 -1.428989473308324136e+02 -1.425054848998443333e+02 -1.428200073254513995e+02
-1.419931220342444931e+02 -1.418674998248587826e+02 -1.420547291028544805e+02 -1.420015670011954114e+02
0.000000000000000000e+00 0.000000000000000000e+00 0.000000000000000000e+00 0.000000000000000000e+00
-1.326870887352103807e+02 -1.330051331485311152e+02 -1.326362734789971398e+02 -1.326622096850016135e+02
-1.321124603710649126e+02 -1.319891803235294674e+02 -1.319781070851961999e+02 -1.319547812285279633e+02
0.000000000000000000e+00 0.000000000000000000e+00 0.000000000000000000e+00 0.000000000000000000e+00
0.000000000000000000e+00 0.000000000000000000e+00 0.000000000000000000e+00 0.000000000000000000e+00
-1.178689204481016759e+02 -1.180949066482816505e+02 -1.175476931289270510e+02 -1.178495517116692497e+02
0.000000000000000000e+00 0.000000000000000000e+00 0.000000000000000000e+00 0.000000000000000000e+00
-1.098121282933967535e+02 -1.098125353778847426e+02 -1.098117977522897633e+02 -1.099659233629574544e+02
-1.100869898937581723e+02 -1.100180429163156219e+02 -1.099922184110070020e+02 -1.092557190424873568e+02
-1.086906706873855342e+02 -1.088522723145608495e+02 -1.088930528548692394e+02 -1.077292874058782957e+02
-1.075687527764645921e+02 -1.075412670063626592e+02 -1.074704706154006857e+02 -1.056629744921787193e+02
-1.054794250127535378e+02 -1.028978379978810267e+02 -1.050691661190812312e+02 -1.054585418046276288e+02
0.000000000000000000e+00 0.000000000000000000e+00 0.000000000000000000e+00 0.000000000000000000e+00
-1.043298134429319362e+02 -1.043372394796273426e+02 -1.043387809869674356e+02 -1.043290965399512515e+02
0.000000000000000000e+00 0.000000000000000000e+00 0.000000000000000000e+00 0.000000000000000000e+00
-1.434743110381146494e+02 -1.436648541462975288e+02 -1.431252983634377642e+02 -1.436706024705888467e+02
-1.432654882991199088e+02 -1.434259260360236112e+02 -1.432856982362173994e+02 -1.434300732963682208e+02
-1.426956738101555118e+02 -1.427177108160412899e+02 -1.427552004447137222e+02 -1.429070068979488326e+02
-1.423800151158923200e+02 -1.422799648627768363e+02 -1.420758496816048080e+02 -1.422160802498868293e+02
-1.409063699630131623e+02 -1.410667868911882010e+02 -1.411046375401915043e+02 -1.411772941611889394e+02
-1.379844246182324810e+02 -1.381725831319175768e+02 -1.380540404326762030e+02 -1.382482112696034449e+02
-1.351124964657335852e+02 -1.351155695702198898e+02 -1.349128279733954798e+02 -1.347914302626572010e+02
-1.335965358101911988e+02 -1.336619625725903404e+02 -1.337277285147968087e+02 -1.336865527776563738e+02
-1.337639887761442026e+02 -1.337802764494282712e+02 -1.338158783550817361e+02 -1.337749864315597108e+02
0.000000000000000000e+00 0.000000000000000000e+00 0.000000000000000000e+00 0.000000000000000000e+00
-1.195911975167085188e+02 -1.198511413048581176e+02 -1.195499438356947763e+02 -1.195552852216230093e+02
0.000000000000000000e+00 0.000000000000000000e+00 0.000000000000000000e+00 0.000000000000000000e+00
0.000000000000000000e+00 0.000000000000000000e+00 0.000000000000000000e+00 0.000000000000000000e+00
-1.114424812240911393e+02 -1.104691092604217033e+02 -1.111120137932463621e+02 -1.112818631861179597e+02
0.000000000000000000e+00 0.000000000000000000e+00 0.000000000000000000e+00 0.000000000000000000e+00
-1.085473255570491773e+02 -1.085133259712320353e+02 -1.084899554093934881e+02 -1.083161416551625393e+02
-1.068750443788562023e+02 -1.068720309084919222e+02 -1.070109697847203734e+02 -1.068781547486000534e+02
0.000000000000000000e+00 0.000000000000000000e+00 0.000000000000000000e+00 0.000000000000000000e+00
-1.061288884630092326e+02 -1.060619511375766280e+02 -1.060540204388218797e+02 -1.061755738320377844e+02
-1.072401760490535878e+02 -1.071881761177810120e+02 -1.068180268114180365e+02 -1.067933384536713959e+02
-1.435750437523211076e+02 -1.437131383660228607e+02 -1.437079134467262520e+02 -1.436913634452763233e+02
0.000000000000000000e+00 0.000000000000000000e+00 0.000000000000000000e+00 0.000000000000000000e+00
0.000000000000000000e+00 0.000000000000000000e+00 0.000000000000000000e+00 0.000000000000000000e+00
-1.418143290602926641e+02 -1.418297171110663157e+02 -1.421197482232762752e+02 -1.421292172520797976e+02
-1.416707262847170625e+02 -1.417709091456293606e+02 -1.414355038195748193e+02 -1.417585020383177721e+02
0.000000000000000000e+00 0.000000000000000000e+00 0.000000000000000000e+00 0.000000000000000000e+00
0.000000000000000000e+00 0.000000000000000000e+00 0.000000000000000000e+00 0.000000000000000000e+00
-1.338268715223425431e+02 -1.338588630692046877e+02 -1.338283399869806374e+02 -1.338281276426813520e+02
0.000000000000000000e+00 0.000000000000000000e+00 0.000000000000000000e+00 0.000000000000000000e+00
0.000000000000000000e+00 0.000000000000000000e+00 0.000000000000000000e+00 0.000000000000000000e+00
-1.211766762563660507e+02 -1.214549704036628412e+02 -1.208277204625201620e+02 -1.211582656633363229e+02
0.000000000000000000e+00 0.000000000000000000e+00 0.000000000000000000e+00 0.000000000000000000e+00
0.000000000000000000e+00 0.000000000000000000e+00 0.000000000000000000e+00 0.000000000000000000e+00
-1.125043296352948232e+02 -1.116024969246254130e+02 -1.123910556975922219e+02 -1.127464346535186905e+02
-1.123417020931867540e+02 -1.123042234781444932e+02 -1.120249576088455399e+02 -1.122269045971669357e+02
-1.106904152122818061e+02 -1.107114944080530137e+02 -1.111223716999555364e+02 -1.110088799315462893e+02
0.000000000000000000e+00 0.000000000000000000e+00 0.000000000000000000e+00 0.000000000000000000e+00
-1.088866763289520492e+02 -1.088788457816218767e+02 -1.087599182754582046e+02 -1.084143425772633123e+02
-1.071770254417273947e+02 -1.071805103660968399e+02 -1.074961425783362472e+02 -1.075343777893261148e+02
-1.079832997101495238e+02 -1.077692964129449820e+02 -1.076006842103204946e+02 -1.077538172469017610e+02
-1.434450033822308512e+02 -1.436727330939867784e+02 -1.433588933686759788e+02 -1.435639210013414129e+02
0.000000000000000000e+00 0.000000000000000000e+00 0.000000000000000000e+00 0.000000000000000000e+00
-1.423155005918352458e+02 -1.423052415547064129e+02 -1.423129970453924216e+02 -1.423082926298541224e+02
0.000000000000000000e+00 0.000000000000000000e+00 0.000000000000000000e+00 0.000000000000000000e+00
0.000000000000000000e+00 0.000000000000000000e+00 0.000000000000000000e+00 0.000000000000000000e+00
-1.373261765293222822e+02 -1.373038345017454276e+02 -1.373180252247195483e+02 -1.372774482072157980e+02
-1.363624305748790846e+02 -1.363613532451651906e+02 -1.363675675213874854e+02 -1.331837578501215660e+02
-1.339456858530255374e+02 -1.339545748708090684e+02 -1.338882836582978086e+02 -1.307331319029532892e+02
-1.282619107784373398e+02 -1.312829731274657661e+02 -1.312852978494524621e+02 -1.312791954209365031e+02
0.000000000000000000e+00 0.000000000000000000e+00 0.000000000000000000e+00 0.000000000000000000e+00
-1.226472077029639394e+02 -1.229258526682630475e+02 -1.229255511631254336e+02 -1.229098623531121319e+02
0.000000000000000000e+00 0.000000000000000000e+00 0.000000000000000000e+00 0.000000000000000000e+00
-1.172616002261045196e+02 -1.171953950876627033e+02 -1.171884000650328659e+02 -1.148780455010470121e+02
-1.140842289499311448e+02 -1.129181996248448598e+02 -1.142757051381714604e+02 -1.141206751251115179e+02
-1.126136504228654331e+02 -1.126380282070480945e+02 -1.128481244096228266e+02 -1.125377907012363465e+02
-1.116067694189309094e+02 -1.116359065076564434e+02 -1.116044771566842542e+02 -1.116106982587702987e+02
-1.109277205148127052e+02 -1.109242653753045005e+02 -1.109451801230587051e+02 -1.109271732407016628e+02
-1.100523847949389165e+02 -1.097082071418139719e+02 -1.101836621135700511e+02 -1.101148111329075761e+02
0.000000000000000000e+00 0.000000000000000000e+00 0.000000000000000000e+00 0.000000000000000000e+00
-1.089626135867635242e+02 -1.084914081090199716e+02 -1.089104615302580328e+02 -1.084907287220682406e+02
-1.433671815061154859e+02 -1.433959340429597376e+02 -1.433784458368524497e+02 -1.432371227745744307e+02
-1.428806852105775249e+02 -1.428753068646677775e+02 -1.429009712844753608e+02 -1.427947764126298296e+02
-1.423073381826564514e+02 -1.421409530679731574e+02 -1.423262232880118745e+02 -1.422520452682005896e+02
-1.414404608650651483e+02 -1.415670937872282025e+02 -1.415845731067259408e+02 -1.413776279155058262e+02
-1.399736807647873604e+02 -1.400044275382419130e+02 -1.401657379840149815e+02 -1.374116634977314959e+02
-1.381404782427802616e+02 -1.381373200179422724e+02 -1.384117083028672539e+02 -1.361730771563198346e+02
-1.373664242406784979e+02 -1.350073457656880578e+02 -1.373689028215631822e+02 -1.373656839336767064e+02
0.000000000000000000e+00 0.000000000000000000e+00 0.000000000000000000e+00 0.000000000000000000e+00
-1.284187471726226306e+02 -1.284149887699274757e+02 -1.284076317559389508e+02 -1.259597129709039365e+02
-1.261968538159588178e+02 -1.261925878787966440e+02 -1.263766310665507575e+02 -1.239728687635677602e+02
-1.242535964170388496e+02 -1.242776375633209796e+02 -1.240754124067631068e+02 -1.220427099750184965e+02
-1.227858118689633784e+02 -1.227744867075219446e+02 -1.228060794996180931e+02 -1.199236394392207501e+02
-1.200596308128077681e+02 -1.173258038719058334e+02 -1.201240557040420214e+02 -1.200685125779754969e+02
0.000000000000000000e+00 0.000000000000000000e+00 0.000000000000000000e+00 0.000000000000000000e+00
-1.124209380167443584e+02 -1.125318352717229686e+02 -1.125210384883233559e+02 -1.123915818762248620e+02
-1.121552140130788331e+02 -1.121619630012093864e+02 -1.121617604651448659e+02 -1.121591993375677134e+02
0.000000000000000000e+00 0.000000000000000000e+00 0.000000000000000000e+00 0.000000000000000000e+00
-1.099377966677839567e+02 -1.100783140791454287e+02 -1.098866030285047231e+02 -1.099785025483039078e+02
-1.096920098140212474e+02 -1.098302140115529113e+02 -1.098498394991339353e+02 -1.097876858535526310e+02
-1.094341661473616796e+02 -1.093726907064931595e+02 -1.094706583629903349e+02 -1.094162415029542927e+02
-1.435179208722284727e+02 -1.435323002355756046e+02 -1.435253377387950593e+02 -1.434740022501411261e+02
0.000000000000000000e+00 0.000000000000000000e+00 0.000000000000000000e+00 0.000000000000000000e+00
-1.420950682653712818e+02 -1.422204960535093505e+02 -1.421088613358162149e+02 -1.420985588284001153e+02
-1.418378351146922682e+02 -1.418600493454422633e+02 -1.418537178890499888e+02 -1.417518699360018672e+02
0.000000000000000000e+00 0.000000000000000000e+00 0.000000000000000000e+00 0.000000000000000000e+00
0.000000000000000000e+00 0.000000000000000000e+00 0.000000000000000000e+00 0.000000000000000000e+00
0.000000000000000000e+00 0.000000000000000000e+00 0.000000000000000000e+00 0.000000000000000000e+00
-1.275887732531874690e+02 -1.275964551376018363e+02 -1.276012977506506019e+02 -1.276030411023922539e+02
-1.274638438347332396e+02 -1.274696478624152007e+02 -1.274643831392849336e+02 -1.274630668770750077e+02
-1.261134458640765956e+02 -1.261093536806625224e+02 -1.262680204385841449e+02 -1.262700268960603296e+02
-1.248674744827352896e+02 -1.248717795091996265e+02 -1.248432250340993477e+02 -1.247967682298544787e+02
-1.238655126299386779e+02 -1.238556897818988602e+02 -1.238676126098110615e+02 -1.238662872405028850e+02
0.000000000000000000e+00 0.000000000000000000e+00 0.000000000000000000e+00 0.000000000000000000e+00
-1.125973199005764229e+02 -1.125926815637334641e+02 -1.125948792974556483e+02 -1.125973349119988853e+02
-1.124866059571318857e+02 -1.124919107363163135e+02 -1.124883966941055888e+02 -1.124910799258637866e+02
-1.123718155709833582e+02 -1.123781680307724713e+02 -1.123768391911377336e+02 -1.123699220734756921e+02
0.000000000000000000e+00 0.000000000000000000e+00 0.000000000000000000e+00 0.000000000000000000e+00
-1.097991065274230920e+02 -1.100226526918655310e+02 -1.099955627257246675e+02 -1.099259083761386506e+02
-1.098899062150389909e+02 -1.098168798389999097e+02 -1.099087029799384823e+02 -1.098788035285354994e+02
0.000000000000000000e+00 0.000000000000000000e+00 0.000000000000000000e+00 0.000000000000000000e+00
