0.000000000000000000e+00 0.000000000000000000e+00 0.000000000000000000e+00 0.000000000000000000e+00
0.000000000000000000e+00 0.000000000000000000e+00 0.000000000000000000e+00 0.000000000000000000e+00
0.000000000000000000e+00 0.000000000000000000e+00 0.000000000000000000e+00 0.000000000000000000e+00
-8.390293002650823837e+02 -8.392763231391121508e+02 -8.395233460131414631e+02 -8.428037947082603978e+02
-8.242528027029615032e+02 -8.384755338978227428e+02 -8.389364792449592869e+02 -8.380647648200354070e+02
-8.606117935783448729e+02 -8.600180641987731178e+02 -8.515394219193357230e+02 -8.620856347906433257e+02
-8.859450807321629782e+02 -8.868030421421501615e+02 -8.755429363106272831e+02 -8.862531526420204955e+02
-9.110134375095358337e+02 -9.104484823080138085e+02 -9.016636590357788918e+02 -9.105784112383553293e+02
-9.144016853553131341e+02 -9.142728636667494584e+02 -9.138385121529181561e+02 -9.143051177516711050e+02
0.000000000000000000e+00 0.000000000000000000e+00 0.000000000000000000e+00 0.000000000000000000e+00
-1.092223548836250075e+03 -1.093332547150651408e+03 -1.094014987265648415e+03 -1.095732932722398346e+03
-1.098297755714052983e+03 -1.095489370347490649e+03 -1.096348083392975013e+03 -1.096828491220068827e+03
-1.096737894133520967e+03 -1.097718044878889032e+03 -1.099047714940136757e+03 -1.098328929773516847e+03
-1.096983260849528961e+03 -1.096476689943249994e+03 -1.099559977641183195e+03 -1.096362518182857002e+03
0.000000000000000000e+00 0.000000000000000000e+00 0.000000000000000000e+00 0.000000000000000000e+00
0.000000000000000000e+00 0.000000000000000000e+00 0.000000000000000000e+00 0.000000000000000000e+00
0.000000000000000000e+00 0.000000000000000000e+00 0.000000000000000000e+00 0.000000000000000000e+00
-1.127989387866164179e+03 -1.123056799002636353e+03 -1.125327287014411013e+03 -1.126516824360207011e+03
-1.127535531392119083e+03 -1.125306008891890770e+03 -1.128504823090858736e+03 -1.126486696519490124e+03
-1.127076887666182074e+03 -1.125520891229212111e+03 -1.129322977315389380e+03 -1.124932927382835942e+03
0.000000000000000000e+00 0.000000000000000000e+00 0.000000000000000000e+00 0.000000000000000000e+00
0.000000000000000000e+00 0.000000000000000000e+00 0.000000000000000000e+00 0.000000000000000000e+00
0.000000000000000000e+00 0.000000000000000000e+00 0.000000000000000000e+00 0.000000000000000000e+00
0.000000000000000000e+00 0.000000000000000000e+00 0.000000000000000000e+00 0.000000000000000000e+00
-7.480893309262540924e+02 -8.087012175750315919e+02 -8.037091496434027249e+02 -8.039956687187071793e+02
0.000000000000000000e+00 0.000000000000000000e+00 0.000000000000000000e+00 0.000000000000000000e+00
0.000000000000000000e+00 0.000000000000000000e+00 0.000000000000000000e+00 0.000000000000000000e+00
-9.394815772190769394e+02 -9.257010363197130118e+02 -9.408691137929959041e+02 -9.363441347422206036e+02
0.000000000000000000e+00 0.000000000000000000e+00 0.000000000000000000e+00 0.000000000000000000e+00
0.000000000000000000e+00 0.000000000000000000e+00 0.000000000000000000e+00 0.000000000000000000e+00
-1.090645063423210104e+03 -1.089054972003733610e+03 -1.090949878254316218e+03 -1.089814147777044809e+03
-1.096312521963408926e+03 -1.096457840701244095e+03 -1.096547493363406602e+03 -1.093411238236942381e+03
-1.097108795946451437e+03 -1.096486092490993087e+03 -1.097309750745826477e+03 -1.095797638610547892e+03
-1.095613288767919585e+03 -1.096812787501566845e+03 -1.097706012316355327e+03 -1.095847893181731479e+03
-1.097861752012597663e+03 -1.098825045871208886e+03 -1.099752832492184098e+03 -1.099469158181359489e+03
0.000000000000000000e+00 0.000000000000000000e+00 0.000000000000000000e+00 0.000000000000000000e+00
0.000000000000000000e+00 0.000000000000000000e+00 0.000000000000000000e+00 0.000000000000000000e+00
-1.127766858296291502e+03 -1.124926355329885382e+03 -1.126060010438719473e+03 -1.127263447488634483e+03
-1.125012570559069900e+03 -1.126542977573577673e+03 -1.127984003710215120e+03 -1.127967402363708061e+03
-1.125530936235883701e+03 -1.129219336726655683e+03 -1.126977739429793246e+03 -1.127045917592131900e+03
0.000000000000000000e+00 0.000000000000000000e+00 0.000000000000000000e+00 0.000000000000000000e+00
-2.815437510443645124e+02 -3.524241607917177888e+00 -1.668301119212839012e+02 -2.155604464961658095e+02
-2.532510307343748082e+02 -3.580382525385504664e+02 -6.941219895218644353e+00 -3.243885542637838739e+02
0.000000000000000000e+00 0.000000000000000000e+00 0.000000000000000000e+00 0.000000000000000000e+00
-4.151224944657748210e+02 -7.701533396616201799e+02 -7.674190563459568466e+02 -7.637577488058927884e+02
-5.871304309051763539e+02 -7.924001733805254162e+02 -7.960835536118403297e+02 -7.992705241533483331e+02
0.000000000000000000e+00 0.000000000000000000e+00 0.000000000000000000e+00 0.000000000000000000e+00
-9.623804285319732799e+02 -9.472448691330359907e+02 -9.598974405092502593e+02 -9.611528545838945092e+02
-9.865299623337525645e+02 -9.846500520928191236e+02 -9.783125163865721561e+02 -9.822599301801495812e+02
0.000000000000000000e+00 0.000000000000000000e+00 0.000000000000000000e+00 0.000000000000000000e+00
-1.084660864285885054e+03 -1.082369717908996336e+03 -1.083411267875964995e+03 -1.084583667794439862e+03
0.000000000000000000e+00 0.000000000000000000e+00 0.000000000000000000e+00 0.000000000000000000e+00
-1.096865682552231419e+03 -1.099630136429889490e+03 -1.098286664210999334e+03 -1.098894084518054342e+03
-1.099552736281100579e+03 -1.096988730683906624e+03 -1.099886595069366649e+03 -1.097013256618110972e+03
0.000000000000000000e+00 0.000000000000000000e+00 0.000000000000000000e+00 0.000000000000000000e+00
0.000000000000000000e+00 0.000000000000000000e+00 0.000000000000000000e+00 0.000000000000000000e+00
-1.122557786474817476e+03 -1.121230340059277296e+03 -1.120959552120673834e+03 -1.120397744818601950e+03
-1.121398220274822734e+03 -1.123564468749328626e+03 -1.125114675486547640e+03 -1.122161271263664048e+03
-1.122671013581691568e+03 -1.125743185525814170e+03 -1.124327953582440841e+03 -1.125271277260141915e+03
-1.126604766336520925e+03 -1.126013502063452279e+03 -1.126992837143263159e+03 -1.124027724094259156e+03
0.000000000000000000e+00 0.000000000000000000e+00 0.000000000000000000e+00 0.000000000000000000e+00
-3.965390252299714007e+02 -3.908405981314163000e+02 -3.728212601220292868e+02 -2.421609281090638319e+02
-4.776887237346921324e+02 -1.023193567881812527e+01 -4.204475803914269818e+02 -4.228656607885372409e+02
-4.428120809436691729e+02 -4.436847138522465457e+02 -1.338017892484440630e+01 -4.291601934275985855e+02
-5.710192436123297739e+02 -6.716033890164651439e+02 -1.638350961306925413e+01 -5.747088219227551917e+02
-7.471258149197116154e+02 -7.892778864360752777e+02 -1.924777328109062680e+01 -7.440208725171512469e+02
-8.995734183242539075e+02 -4.911092459851709577e+02 -2.197783127653070068e+01 -6.673226464049404285e+02
-8.940118505981602084e+02 -9.586696293396165629e+02 -2.457869482977510955e+01 -8.669381486634921430e+02
-8.683698533168359290e+02 -1.001081765060252792e+03 -2.705464567721216795e+01 -7.904361171806252742e+02
-1.016707650442513454e+03 -8.989950151422165163e+02 -2.940698876699541131e+01 -9.996980310722569811e+02
-1.076529897590422024e+03 -1.077363616086728143e+03 -6.461633217066583939e+02 -1.075526402775415818e+03
0.000000000000000000e+00 0.000000000000000000e+00 0.000000000000000000e+00 0.000000000000000000e+00
0.000000000000000000e+00 0.000000000000000000e+00 0.000000000000000000e+00 0.000000000000000000e+00
-1.103096230709420524e+03 -1.102375806921008007e+03 -1.101836076227425110e+03 -1.102272104761611217e+03
0.000000000000000000e+00 0.000000000000000000e+00 0.000000000000000000e+00 0.000000000000000000e+00
-1.117900453006855969e+03 -1.117859460287312686e+03 -1.116363343532877934e+03 -1.114923505504503510e+03
-1.118723390886033712e+03 -1.118567743382783192e+03 -1.120225201286133597e+03 -1.119519744242579009e+03
0.000000000000000000e+00 0.000000000000000000e+00 0.000000000000000000e+00 0.000000000000000000e+00
0.000000000000000000e+00 0.000000000000000000e+00 0.000000000000000000e+00 0.000000000000000000e+00
-1.128264970605225244e+03 -1.128903900184095619e+03 -1.128612425348318311e+03 -1.126058945489415692e+03
-1.269100572628066175e+03 -1.268819055265666748e+03 -1.267087162288622039e+03 -1.268974910506639844e+03
0.000000000000000000e+00 0.000000000000000000e+00 0.000000000000000000e+00 0.000000000000000000e+00
-4.925197762758504041e+02 -4.165974065124264598e+02 -4.928660017596407101e+02 -4.935690504285034876e+02
0.000000000000000000e+00 0.000000000000000000e+00 0.000000000000000000e+00 0.000000000000000000e+00
0.000000000000000000e+00 0.000000000000000000e+00 0.000000000000000000e+00 0.000000000000000000e+00
-8.687840466454734951e+02 -4.097722173342485235e+02 -8.691047493810089009e+02 -8.797261562425234160e+02
-9.202945936347762199e+02 -9.318814473107521508e+02 -8.182754218267862143e+02 -9.343405209671479952e+02
-1.010985764505564248e+03 -4.031794679134327453e+02 -1.005189605058230200e+03 -9.965009857569651786e+02
0.000000000000000000e+00 0.000000000000000000e+00 0.000000000000000000e+00 0.000000000000000000e+00
-8.827984518294142617e+02 -3.163608569676332394e+01 -7.954265552103706796e+02 -1.078265867204922415e+03
-1.031591846851642458e+03 -1.055542471769997519e+03 -3.374313049985731539e+01 -1.045503586505499243e+03
-1.102604267930281821e+03 -1.104142287911380890e+03 -7.490879957151524877e+02 -1.103427730692534624e+03
-1.104771470164039329e+03 -1.104355758328440970e+03 -1.105762209604942427e+03 -1.105341963642997371e+03
-1.105332507286163263e+03 -1.105335448665093281e+03 -1.106748024771877454e+03 -1.106598069858552890e+03
-1.110952740588504184e+03 -1.110679827087155900e+03 -1.110840845847873879e+03 -1.110272561308823924e+03
-1.113163479945171048e+03 -1.113379391261139517e+03 -1.114409423093208716e+03 -1.113351050797494963e+03
0.000000000000000000e+00 0.000000000000000000e+00 0.000000000000000000e+00 0.000000000000000000e+00
0.000000000000000000e+00 0.000000000000000000e+00 0.000000000000000000e+00 0.000000000000000000e+00
0.000000000000000000e+00 0.000000000000000000e+00 0.000000000000000000e+00 0.000000000000000000e+00
-1.129023195104085062e+03 -1.129831240696684063e+03 -1.128519276796405848e+03 -1.129243302692963425e+03
-1.268885059935503477e+03 -1.267130218744372542e+03 -1.267569247154513278e+03 -1.266565165607476501e+03
0.000000000000000000e+00 0.000000000000000000e+00 0.000000000000000000e+00 0.000000000000000000e+00
0.000000000000000000e+00 0.000000000000000000e+00 0.000000000000000000e+00 0.000000000000000000e+00
0.000000000000000000e+00 0.000000000000000000e+00 0.000000000000000000e+00 0.000000000000000000e+00
0.000000000000000000e+00 0.000000000000000000e+00 0.000000000000000000e+00 0.000000000000000000e+00
0.000000000000000000e+00 0.000000000000000000e+00 0.000000000000000000e+00 0.000000000000000000e+00
0.000000000000000000e+00 0.000000000000000000e+00 0.000000000000000000e+00 0.000000000000000000e+00
-1.073736362066220863e+03 -7.698007120826844130e+02 -1.074251976005581582e+03 -1.074635359151723833e+03
0.000000000000000000e+00 0.000000000000000000e+00 0.000000000000000000e+00 0.000000000000000000e+00
0.000000000000000000e+00 0.000000000000000000e+00 0.000000000000000000e+00 0.000000000000000000e+00
-7.592469002121042649e+02 -3.572949590819464305e+01 -1.017308804623809579e+03 -8.541791723754007535e+02
0.000000000000000000e+00 0.000000000000000000e+00 0.000000000000000000e+00 0.000000000000000000e+00
0.000000000000000000e+00 0.000000000000000000e+00 0.000000000000000000e+00 0.000000000000000000e+00
0.000000000000000000e+00 0.000000000000000000e+00 0.000000000000000000e+00 0.000000000000000000e+00
0.000000000000000000e+00 0.000000000000000000e+00 0.000000000000000000e+00 0.000000000000000000e+00
0.000000000000000000e+00 0.000000000000000000e+00 0.000000000000000000e+00 0.000000000000000000e+00
-1.333858658658945615e+03 -1.334785329841759676e+03 -1.334133814522390367e+03 -1.335511903272891004e+03
-1.335567970092547512e+03 -1.334909668829886868e+03 -1.333611491711159033e+03 -1.335241127369447895e+03
0.000000000000000000e+00 0.000000000000000000e+00 0.000000000000000000e+00 0.000000000000000000e+00
0.000000000000000000e+00 0.000000000000000000e+00 0.000000000000000000e+00 0.000000000000000000e+00
-1.264465133693365033e+03 -1.266045377255790527e+03 -1.264487051945339317e+03 -1.267062167009926270e+03
-1.266187660076752536e+03 -1.265636781321240960e+03 -1.264925894949721624e+03 -1.264054523379797729e+03
-1.263640242068122006e+03 -1.264722286732083830e+03 -1.264977529554288594e+03 -1.263607681756381226e+03
0.000000000000000000e+00 0.000000000000000000e+00 0.000000000000000000e+00 0.000000000000000000e+00
0.000000000000000000e+00 0.000000000000000000e+00 0.000000000000000000e+00 0.000000000000000000e+00
-1.181223150766055369e+03 -1.183892115960298725e+03 -1.182916646999504792e+03 -1.181428563014889278e+03
-1.155850093899361582e+03 -1.156271622894807933e+03 -1.160377416131361315e+03 -1.144479529021933104e+03
-1.132515032472950452e+03 -9.624816445948254113e+02 -1.132928315928746770e+03 -1.132854252595630669e+03
0.000000000000000000e+00 0.000000000000000000e+00 0.000000000000000000e+00 0.000000000000000000e+00
-1.056562451333964873e+03 -9.563464139802239288e+02 -7.834517089658437499e+02 -3.934418058473568891e+01
-1.037424410672271279e+03 -3.759616518484387626e+01 -1.037155133687415628e+03 -1.134731552814463384e+03
-1.150171511097176108e+03 -1.150347731162711170e+03 -9.408813105318877206e+02 -1.149901492214862174e+03
-1.151495315415690357e+03 -1.151791332070257113e+03 -1.151952932103237345e+03 -1.151143185060832366e+03
-1.152495022811287981e+03 -1.153244521018065143e+03 -1.153107116600945574e+03 -1.152818782789748411e+03
0.000000000000000000e+00 0.000000000000000000e+00 0.000000000000000000e+00 0.000000000000000000e+00
0.000000000000000000e+00 0.000000000000000000e+00 0.000000000000000000e+00 0.000000000000000000e+00
-1.333023136520395383e+03 -1.335112378020793130e+03 -1.334538147180795249e+03 -1.332915446188285841e+03
-1.334327752043166356e+03 -1.333363661121966061e+03 -1.331826230396975461e+03 -1.334538075095100339e+03
-1.335243870098629259e+03 -1.337450485571795070e+03 -1.337456194556812306e+03 -1.335316603804127681e+03
0.000000000000000000e+00 0.000000000000000000e+00 0.000000000000000000e+00 0.000000000000000000e+00
-1.265808271640690691e+03 -1.265409724970646266e+03 -1.263937222096215010e+03 -1.263264800907487825e+03
-1.265892297646555107e+03 -1.263687245405344584e+03 -1.265067150526894011e+03 -1.263930939560910701e+03
-1.262001625740861073e+03 -1.263973113175154595e+03 -1.263681638530329565e+03 -1.262563866751666410e+03
0.000000000000000000e+00 0.000000000000000000e+00 0.000000000000000000e+00 0.000000000000000000e+00
0.000000000000000000e+00 0.000000000000000000e+00 0.000000000000000000e+00 0.000000000000000000e+00
-1.201778697237712549e+03 -1.202924503722569398e+03 -1.203291853941159843e+03 -1.202497787809283864e+03
0.000000000000000000e+00 0.000000000000000000e+00 0.000000000000000000e+00 0.000000000000000000e+00
-1.168201680935850618e+03 -1.078475734738408619e+03 -1.160644927370391770e+03 -1.158184387706541429e+03
0.000000000000000000e+00 0.000000000000000000e+00 0.000000000000000000e+00 0.000000000000000000e+00
-1.067821077353867395e+03 -4.097043327007759217e+01 -1.191439644441692053e+03 -1.003394398523809741e+03
0.000000000000000000e+00 0.000000000000000000e+00 0.000000000000000000e+00 0.000000000000000000e+00
0.000000000000000000e+00 0.000000000000000000e+00 0.000000000000000000e+00 0.000000000000000000e+00
0.000000000000000000e+00 0.000000000000000000e+00 0.000000000000000000e+00 0.000000000000000000e+00
0.000000000000000000e+00 0.000000000000000000e+00 0.000000000000000000e+00 0.000000000000000000e+00
-1.320642866702459969e+03 -1.320545746342411121e+03 -1.320418872394374375e+03 -1.320706022784883316e+03
-1.321333667855737531e+03 -1.321353156747718231e+03 -1.321416857508925887e+03 -1.321132205510911945e+03
0.000000000000000000e+00 0.000000000000000000e+00 0.000000000000000000e+00 0.000000000000000000e+00
-1.330095253096441184e+03 -1.330304123439562318e+03 -1.327287137034964871e+03 -1.330397760972598689e+03
0.000000000000000000e+00 0.000000000000000000e+00 0.000000000000000000e+00 0.000000000000000000e+00
-1.331249428887310842e+03 -1.330700885926499495e+03 -1.330133682723774200e+03 -1.329906387813462288e+03
-1.265599574841521417e+03 -1.263642707761850716e+03 -1.263660208329346005e+03 -1.266200566671745491e+03
-1.265525479135945943e+03 -1.264935231026968040e+03 -1.263050247175913682e+03 -1.265621741647304589e+03
-1.260397861979857680e+03 -1.261777630364878860e+03 -1.260318235083940181e+03 -1.262175619803199652e+03
-1.252491854876404432e+03 -1.253324119357764857e+03 -1.254269599295934086e+03 -1.255601670602549575e+03
-1.240899130643734225e+03 -1.239059673074021475e+03 -1.242729169537130247e+03 -1.240894135904549557e+03
-1.223929303393998680e+03 -1.223727623272778374e+03 -1.223254865794657917e+03 -1.222629296275247498e+03
-1.208469250800936834e+03 -1.208861548693578925e+03 -1.209721085974915695e+03 -1.206498952806513671e+03
-1.200806575088550744e+03 -1.152647516157384644e+03 -1.191118194635868349e+03 -1.203294465576425864e+03
-1.222461465639315975e+03 -1.219097093602493032e+03 -1.210449102185331185e+03 -1.216168301785002768e+03
-1.105144855168092363e+03 -4.247994120475625124e+01 -1.223671093697563720e+03 -1.170082685442221873e+03
-1.245375708228559233e+03 -1.244981207051452202e+03 -6.211444010921776453e+02 -1.243366563819647808e+03
-1.266885314691887061e+03 -1.264772499301723428e+03 -1.149549904206882047e+03 -1.266476122916290706e+03
-1.277285354991384565e+03 -1.277452270321177139e+03 -1.267832809022914262e+03 -1.277926996476827071e+03
0.000000000000000000e+00 0.000000000000000000e+00 0.000000000000000000e+00 0.000000000000000000e+00
-1.317882732427988913e+03 -1.318066405600235157e+03 -1.318282479102606430e+03 -1.319702567253145617e+03
-1.322274534920391716e+03 -1.321488087107342153e+03 -1.321254808730770264e+03 -1.322076328022928919e+03
-1.324237713486931852e+03 -1.324707982927782723e+03 -1.325116061812934277e+03 -1.324090170209808775e+03
-1.328659610496179312e+03 -1.325191829782526156e+03 -1.326585532498128941e+03 -1.327361739260587910e+03
-1.328032931556554331e+03 -1.327849624412510138e+03 -1.328685621069728086e+03 -1.327078937812384993e+03
-1.328382180691173744e+03 -1.328902119451818407e+03 -1.330223817945194241e+03 -1.326476503105375969e+03
0.000000000000000000e+00 0.000000000000000000e+00 0.000000000000000000e+00 0.000000000000000000e+00
-1.265465084328575358e+03 -1.266643783991033160e+03 -1.263464571136885070e+03 -1.264377369281563915e+03
-1.263085888421463324e+03 -1.263551994651111272e+03 -1.264477462490058542e+03 -1.261268428155219908e+03
-1.255102733345023807e+03 -1.257298717045701551e+03 -1.258367181465658859e+03 -1.254695466573492467e+03
0.000000000000000000e+00 0.000000000000000000e+00 0.000000000000000000e+00 0.000000000000000000e+00
-1.243682910446853157e+03 -1.240944472634030944e+03 -1.242363486919840852e+03 -1.241639041410373466e+03
0.000000000000000000e+00 0.000000000000000000e+00 0.000000000000000000e+00 0.000000000000000000e+00
-1.226020542676259538e+03 -1.202769040091290663e+03 -1.223269367459947944e+03 -1.219347606742143626e+03
-1.228557092007361916e+03 -1.227096283724619752e+03 -1.221787330857987627e+03 -1.228024748563485218e+03
-1.126038178268944421e+03 -4.387870189348799954e+01 -1.234395758094571420e+03 -1.013583386042136681e+03
-1.073380140420939370e+03 -1.212699266428739065e+03 -4.516891914486475201e+01 -1.261785791757793731e+03
-1.280298390127480388e+03 -1.278502488333549536e+03 -1.043713908705274434e+03 -1.279070973844322907e+03
-1.287370037946364619e+03 -1.286202714629587263e+03 -1.287370298530552191e+03 -1.289988334662996976e+03
-1.300790611000319586e+03 -1.301508290305220726e+03 -1.296968958566142646e+03 -1.301439660401090123e+03
-1.313369049907284989e+03 -1.313083256393490274e+03 -1.311926656344801586e+03 -1.312743811825107741e+03
-1.322344646816391105e+03 -1.321923826188719431e+03 -1.322514531014252952e+03 -1.323544712333492953e+03
-1.325841185816256711e+03 -1.324988635800987822e+03 -1.326480012779365325e+03 -1.325603245015369112e+03
-1.327896507520602881e+03 -1.328110842875525577e+03 -1.328977854975633591e+03 -1.327032385126068220e+03
-1.329439316890518285e+03 -1.328076316573869917e+03 -1.329565277100529102e+03 -1.328035865302334514e+03
0.000000000000000000e+00 0.000000000000000000e+00 0.000000000000000000e+00 0.000000000000000000e+00
-1.268089140902058716e+03 -1.268624549876008359e+03 -1.266447930932588633e+03 -1.268857322470363215e+03
-1.268334262016937828e+03 -1.265766339154038633e+03 -1.267315782152198608e+03 -1.269087618333322553e+03
-1.267143288327028586e+03 -1.268576373957281248e+03 -1.268038235922220338e+03 -1.267786766239819826e+03
0.000000000000000000e+00 0.000000000000000000e+00 0.000000000000000000e+00 0.000000000000000000e+00
0.000000000000000000e+00 0.000000000000000000e+00 0.000000000000000000e+00 0.000000000000000000e+00
-1.260239265905273896e+03 -1.255502626468628250e+03 -1.255617978690853306e+03 -1.259229517775999739e+03
-1.252663728538857413e+03 -1.253127698997356674e+03 -1.253095799406529068e+03 -1.256093156806540264e+03
-1.246281641677355537e+03 -1.244939211563432764e+03 -1.247522920051653045e+03 -1.246060066094639296e+03
0.000000000000000000e+00 0.000000000000000000e+00 0.000000000000000000e+00 0.000000000000000000e+00
0.000000000000000000e+00 0.000000000000000000e+00 0.000000000000000000e+00 0.000000000000000000e+00
-1.062467931517603120e+03 -4.634934903773628179e+01 -1.139087709211714582e+03 -1.279621271521879407e+03
-1.293197833339253521e+03 -1.278171288974989238e+03 -1.292695964496491115e+03 -1.272674196709467651e+03
-1.289116095407100602e+03 -1.289977594260458318e+03 -1.289865299926967737e+03 -1.289246606228900646e+03
0.000000000000000000e+00 0.000000000000000000e+00 0.000000000000000000e+00 0.000000000000000000e+00
0.000000000000000000e+00 0.000000000000000000e+00 0.000000000000000000e+00 0.000000000000000000e+00
-1.329734430748132354e+03 -1.329763208655509061e+03 -1.328736113965518598e+03 -1.328631064623479006e+03
0.000000000000000000e+00 0.000000000000000000e+00 0.000000000000000000e+00 0.000000000000000000e+00
0.000000000000000000e+00 0.000000000000000000e+00 0.000000000000000000e+00 0.000000000000000000e+00
-1.331126132821867941e+03 -1.331556544448693785e+03 -1.331644497541428109e+03 -1.330097674856474441e+03
-1.332940572634173805e+03 -1.331890197087135903e+03 -1.332695908261533305e+03 -1.331362897670571556e+03
0.000000000000000000e+00 0.000000000000000000e+00 0.000000000000000000e+00 0.000000000000000000e+00
0.000000000000000000e+00 0.000000000000000000e+00 0.000000000000000000e+00 0.000000000000000000e+00
-1.274422012281743946e+03 -1.271942647011069994e+03 -1.269870277664962714e+03 -1.274197613937327333e+03
-1.279452134785247608e+03 -1.279118266508738770e+03 -1.276440360813280449e+03 -1.277904765191372235e+03
0.000000000000000000e+00 0.000000000000000000e+00 0.000000000000000000e+00 0.000000000000000000e+00
-1.274484928119644337e+03 -1.273318964667334967e+03 -1.272182977146627309e+03 -1.273134889144793306e+03
0.000000000000000000e+00 0.000000000000000000e+00 0.000000000000000000e+00 0.000000000000000000e+00
-1.270159176565043026e+03 -1.266585670887882316e+03 -1.265071206573840982e+03 -1.265271113773947263e+03
-1.266700575847449045e+03 -1.266605969448536825e+03 -1.267612760240319403e+03 -1.265424878043428635e+03
0.000000000000000000e+00 0.000000000000000000e+00 0.000000000000000000e+00 0.000000000000000000e+00
-1.175712115195877914e+03 -4.742437097604990726e+01 -1.175453836381818746e+03 -1.298548391529856417e+03
-1.310898359737622286e+03 -1.296505022004525244e+03 -1.308810362161111243e+03 -1.309415869764223544e+03
0.000000000000000000e+00 0.000000000000000000e+00 0.000000000000000000e+00 0.000000000000000000e+00
-1.345039875504237898e+03 -1.342589312118092494e+03 -1.344420456939991254e+03 -1.344251522732821059e+03
-1.338524648531555385e+03 -1.338741045622937463e+03 -1.340691043495506392e+03 -1.340085291769641572e+03
-1.336278547127762749e+03 -1.335653557158313561e+03 -1.334584122617698540e+03 -1.334605812317398431e+03
-1.335084030754868536e+03 -1.334564386614717023e+03 -1.335032233724956541e+03 -1.334809424063897040e+03
-1.335693793060249391e+03 -1.335411257536260564e+03 -1.335373754960876795e+03 -1.334854155555746729e+03
0.000000000000000000e+00 0.000000000000000000e+00 0.000000000000000000e+00 0.000000000000000000e+00
-1.334929231421974919e+03 -1.334962573349814193e+03 -1.333604774827270603e+03 -1.334647661547731104e+03
0.000000000000000000e+00 0.000000000000000000e+00 0.000000000000000000e+00 0.000000000000000000e+00
-1.278533930804839883e+03 -1.279060272713412587e+03 -1.279517589816412055e+03 -1.279793227961883758e+03
-1.278914933449355431e+03 -1.275831881721512673e+03 -1.278434306515052413e+03 -1.279471205622810203e+03
-1.279517566283366932e+03 -1.279971738385619119e+03 -1.279330123918625304e+03 -1.281253529607467954e+03
-1.282721402373486626e+03 -1.282660500902758031e+03 -1.282523746041727918e+03 -1.284333761672219907e+03
-1.282920440918218219e+03 -1.284595480109317805e+03 -1.285093783490958685e+03 -1.283067525169709143e+03
-1.288287484078233547e+03 -1.286814855978268497e+03 -1.288045932111597267e+03 -1.287963578322102421e+03
-1.287142420631923869e+03 -1.284807690764286690e+03 -1.287212601478920988e+03 -1.286216053495117194e+03
0.000000000000000000e+00 0.000000000000000000e+00 0.000000000000000000e+00 0.000000000000000000e+00
-1.317183557507024489e+03 -1.306817741953304449e+03 -1.317075566148608686e+03 -8.888955124995642336e+02
-8.911662642683359081e+02 -4.840112054680892584e+01 -1.280195676925724911e+03 -1.316712184051351642e+03
-1.325630403915545685e+03 -1.319104556826563794e+03 -1.325782948704428009e+03 -1.327367357437335613e+03
-1.340471824719385950e+03 -1.340883510689642208e+03 -1.339632073594306803e+03 -1.341690392238371032e+03
-1.350840973238040078e+03 -1.348065854179229291e+03 -1.348011111941747004e+03 -1.348561572783179372e+03
0.000000000000000000e+00 0.000000000000000000e+00 0.000000000000000000e+00 0.000000000000000000e+00
-1.335807970226787347e+03 -1.337801476310518410e+03 -1.337471645176087122e+03 -1.337879639046865123e+03
0.000000000000000000e+00 0.000000000000000000e+00 0.000000000000000000e+00 0.000000000000000000e+00
-1.335386829214510726e+03 -1.335518637479762219e+03 -1.336736398274267458e+03 -1.336831578954795305e+03
-1.334947574828351208e+03 -1.335923155284257973e+03 -1.336150585940730480e+03 -1.336587774283288354e+03
-1.335092658815777668e+03 -1.335914107195580982e+03 -1.335610449907607745e+03 -1.334763240228694485e+03
-1.315846137034536468e+03 -1.315516704708009911e+03 -1.314722441050591215e+03 -1.314036779728265174e+03
0.000000000000000000e+00 0.000000000000000000e+00 0.000000000000000000e+00 0.000000000000000000e+00
0.000000000000000000e+00 0.000000000000000000e+00 0.000000000000000000e+00 0.000000000000000000e+00
0.000000000000000000e+00 0.000000000000000000e+00 0.000000000000000000e+00 0.000000000000000000e+00
0.000000000000000000e+00 0.000000000000000000e+00 0.000000000000000000e+00 0.000000000000000000e+00
-1.289436104129126306e+03 -1.290991583159882794e+03 -1.289923606978263706e+03 -1.291187910806198033e+03
-1.292969985977233819e+03 -1.292867905557966196e+03 -1.294917092217125855e+03 -1.293781840531937178e+03
-1.295596505316242201e+03 -1.297821173148717207e+03 -1.298180222434253892e+03 -1.300101399595639805e+03
-1.305835142435818398e+03 -1.305993637830071293e+03 -1.308765750436568396e+03 -1.305915938226405387e+03
-1.317848776060281580e+03 -1.281511700854284754e+03 -1.317071775653949089e+03 -1.319150976598413990e+03
-1.329203838314306267e+03 -4.928470406350287192e+01 -1.323632186911291228e+03 -1.319896554737191764e+03
-1.335928618666198872e+03 -1.335770547108416167e+03 -1.132469627544226796e+03 -1.337589708742421635e+03
-1.349611274637636370e+03 -1.348200511539890385e+03 -1.347631839732226808e+03 -1.350187596190582781e+03
-1.358282424238223257e+03 -1.357762264622209614e+03 -1.357046236447873298e+03 -1.357668570713778308e+03
-1.370578243748443128e+03 -1.368550698455262818e+03 -1.368819740292914730e+03 -1.368736858288515577e+03
0.000000000000000000e+00 0.000000000000000000e+00 0.000000000000000000e+00 0.000000000000000000e+00
0.000000000000000000e+00 0.000000000000000000e+00 0.000000000000000000e+00 0.000000000000000000e+00
0.000000000000000000e+00 0.000000000000000000e+00 0.000000000000000000e+00 0.000000000000000000e+00
0.000000000000000000e+00 0.000000000000000000e+00 0.000000000000000000e+00 0.000000000000000000e+00
0.000000000000000000e+00 0.000000000000000000e+00 0.000000000000000000e+00 0.000000000000000000e+00
-1.314374909633415655e+03 -1.314309930025997801e+03 -1.314133767565359904e+03 -1.312803650151869988e+03
0.000000000000000000e+00 0.000000000000000000e+00 0.000000000000000000e+00 0.000000000000000000e+00
-1.308866184147030481e+03 -1.308825776136352033e+03 -1.306315297228778945e+03 -1.307511304718343808e+03
0.000000000000000000e+00 0.000000000000000000e+00 0.000000000000000000e+00 0.000000000000000000e+00
-1.295323978652743335e+03 -1.297411787308446037e+03 -1.296393666527118512e+03 -1.297258557621692489e+03
-1.294550295267393267e+03 -1.294552297371830946e+03 -1.293407137713268867e+03 -1.295010150272491273e+03
-1.295802670032492188e+03 -1.297374564085144812e+03 -1.295095818119056503e+03 -1.296155976202238662e+03
-1.296874532833512376e+03 -1.296669365557270794e+03 -1.299443747678345517e+03 -1.296425347638981066e+03
0.000000000000000000e+00 0.000000000000000000e+00 0.000000000000000000e+00 0.000000000000000000e+00
0.000000000000000000e+00 0.000000000000000000e+00 0.000000000000000000e+00 0.000000000000000000e+00
-1.212256465607816835e+03 -5.007882520329930287e+01 -1.097205317597144813e+03 -1.051315132206647377e+03
0.000000000000000000e+00 0.000000000000000000e+00 0.000000000000000000e+00 0.000000000000000000e+00
-1.358359474702377383e+03 -1.357839171428710870e+03 -1.357893146924355733e+03 -1.358018901449863051e+03
0.000000000000000000e+00 0.000000000000000000e+00 0.000000000000000000e+00 0.000000000000000000e+00
-1.379552332572056230e+03 -1.380401440825367217e+03 -1.381112535288950767e+03 -1.381297373319213648e+03
0.000000000000000000e+00 0.000000000000000000e+00 0.000000000000000000e+00 0.000000000000000000e+00
-1.408703082988609822e+03 -1.408430334129052881e+03 -1.408724629039876618e+03 -1.408654164277876134e+03
0.000000000000000000e+00 0.000000000000000000e+00 0.000000000000000000e+00 0.000000000000000000e+00
-1.423084772122605955e+03 -1.422538507657784521e+03 -1.423081266459286780e+03 -1.422774565158195855e+03
0.000000000000000000e+00 0.000000000000000000e+00 0.000000000000000000e+00 0.000000000000000000e+00
-1.311422767945301985e+03 -1.312556059377378915e+03 -1.313317725374693055e+03 -1.313227937498415486e+03
-1.311066639360892623e+03 -1.310362053140647504e+03 -1.311557759078545359e+03 -1.308718587360528090e+03
-1.307129275353859384e+03 -1.305836078755126664e+03 -1.307864174162921927e+03 -1.305644194693779809e+03
-1.302335928416155866e+03 -1.302095183476858892e+03 -1.303306559639037914e+03 -1.300883121648520046e+03
-1.298942460608351894e+03 -1.297570629416735528e+03 -1.298097073523203562e+03 -1.298795199943700936e+03
-1.300735290280934123e+03 -1.296414709432493964e+03 -1.297269828352721106e+03 -1.301018448811018061e+03
-1.298112528176355681e+03 -1.297937039298666605e+03 -1.297926418695805069e+03 -1.301361381690163626e+03
-1.298430994953823529e+03 -1.301368963801363407e+03 -1.298820793687912328e+03 -1.301081764582138931e+03
0.000000000000000000e+00 0.000000000000000000e+00 0.000000000000000000e+00 0.000000000000000000e+00
0.000000000000000000e+00 0.000000000000000000e+00 0.000000000000000000e+00 0.000000000000000000e+00
-7.850278110415003994e+02 -5.078590689810032899e+01 -1.301341085037739504e+03 -1.252409408182624475e+03
0.000000000000000000e+00 0.000000000000000000e+00 0.000000000000000000e+00 0.000000000000000000e+00
-1.367360997387889711e+03 -1.366781070368439259e+03 -1.367557012528642645e+03 -1.367501515029676511e+03
0.000000000000000000e+00 0.000000000000000000e+00 0.000000000000000000e+00 0.000000000000000000e+00
-1.389542344159770209e+03 -1.389911482903108208e+03 -1.389836129485484889e+03 -1.389492981270029986e+03
-1.400122462728906157e+03 -1.400321727525884853e+03 -1.399539253469622963e+03 -1.400239178976360108e+03
-1.407964006827392495e+03 -1.407981205773111924e+03 -1.408891718091618259e+03 -1.408411028983208098e+03
0.000000000000000000e+00 0.000000000000000000e+00 0.000000000000000000e+00 0.000000000000000000e+00
-1.423097487764551943e+03 -1.422334359451461523e+03 -1.422888560140604341e+03 -1.423050028994806325e+03
0.000000000000000000e+00 0.000000000000000000e+00 0.000000000000000000e+00 0.000000000000000000e+00
-1.313232443327104647e+03 -1.311115731822469115e+03 -1.311874291789652034e+03 -1.312001592731161281e+03
-1.312442014541717526e+03 -1.309290742135430037e+03 -1.312020148662732026e+03 -1.309896737575634461e+03
0.000000000000000000e+00 0.000000000000000000e+00 0.000000000000000000e+00 0.000000000000000000e+00
0.000000000000000000e+00 0.000000000000000000e+00 0.000000000000000000e+00 0.000000000000000000e+00
-1.301332461048166351e+03 -1.301348348079302468e+03 -1.300948214193005924e+03 -1.304028963554858592e+03
-1.302960481170257935e+03 -1.304202417565183623e+03 -1.301405181473753601e+03 -1.301302334397878667e+03
0.000000000000000000e+00 0.000000000000000000e+00 0.000000000000000000e+00 0.000000000000000000e+00
-1.301227924102116958e+03 -1.301118450244139467e+03 -1.300289584593085465e+03 -1.300832099576782639e+03
0.000000000000000000e+00 0.000000000000000000e+00 0.000000000000000000e+00 0.000000000000000000e+00
-1.363236530610946602e+03 -1.363798421754225274e+03 -1.363544528950187669e+03 -9.067599294966271373e+02
-1.115223434556398388e+03 -5.140792747203348512e+01 -1.286838377423494649e+03 -1.231516800551636379e+03
0.000000000000000000e+00 0.000000000000000000e+00 0.000000000000000000e+00 0.000000000000000000e+00
-1.376013195057063513e+03 -1.375509234486240530e+03 -1.376149065283957270e+03 -1.376319029874854778e+03
0.000000000000000000e+00 0.000000000000000000e+00 0.000000000000000000e+00 0.000000000000000000e+00
0.000000000000000000e+00 0.000000000000000000e+00 0.000000000000000000e+00 0.000000000000000000e+00
0.000000000000000000e+00 0.000000000000000000e+00 0.000000000000000000e+00 0.000000000000000000e+00
-1.415433767806520109e+03 -1.416065843147805026e+03 -1.415425863596987028e+03 -1.402042066538754398e+03
-1.205410453885579955e+03 -1.420759348991112120e+03 -1.420865527761876365e+03 -1.420218306981187197e+03
-1.273939721258283953e+03 -1.422576931895485359e+03 -1.423198405964457834e+03 -1.422267519633924167e+03
-1.423153754751721635e+03 -1.422911774160744017e+03 -1.423678829969654771e+03 -1.423538230913494772e+03
-1.313113499897022848e+03 -1.312986001482429629e+03 -1.312725525831673167e+03 -1.311169429284909256e+03
-1.313071731174729393e+03 -1.311263787758942726e+03 -1.310898213328981910e+03 -1.310608341014596363e+03
0.000000000000000000e+00 0.000000000000000000e+00 0.000000000000000000e+00 0.000000000000000000e+00
-1.308251055648332567e+03 -1.307986501030752379e+03 -1.307665359322095355e+03 -1.309834621570496438e+03
-1.304821898371393445e+03 -1.307478497501032734e+03 -1.306329160560771925e+03 -1.304561848084528719e+03
0.000000000000000000e+00 0.000000000000000000e+00 0.000000000000000000e+00 0.000000000000000000e+00
0.000000000000000000e+00 0.000000000000000000e+00 0.000000000000000000e+00 0.000000000000000000e+00
-1.302696070901621852e+03 -1.303057431459207010e+03 -1.301466275437531294e+03 -1.302435070175749388e+03
0.000000000000000000e+00 0.000000000000000000e+00 0.000000000000000000e+00 0.000000000000000000e+00
0.000000000000000000e+00 0.000000000000000000e+00 0.000000000000000000e+00 0.000000000000000000e+00
-1.362577560387747553e+03 -5.194702350168244465e+01 -1.144863337901490013e+03 -1.371065787052064707e+03
-1.371877688807607228e+03 -1.125698497151803394e+03 -5.240181059415898801e+01 -1.018273529099406915e+03
-1.383918995091479019e+03 -1.383051334285337134e+03 -5.276923442624556770e+01 -1.037423679815287642e+03
-1.371348345192485112e+03 -1.289882497480984284e+03 -5.304867467855053320e+01 -1.393947991730151443e+03
-1.142104908017314756e+03 -1.263643806263243277e+03 -5.324036771488344755e+01 -1.275622660448805391e+03
-1.263182618315605623e+03 -1.309082851899971502e+03 -5.334227973885418805e+01 -9.474990959539372852e+02
-1.281033911047152742e+03 -1.412606002716377134e+03 -5.334877198215286853e+01 -9.642124914989583431e+02
-1.161516312536279656e+03 -1.421793294252545593e+03 -5.325217107825702101e+01 -1.274962509431863054e+03
-1.409042981604848137e+03 -1.421219513009559478e+03 -5.304588205440906989e+01 -1.167950382109140719e+03
0.000000000000000000e+00 0.000000000000000000e+00 0.000000000000000000e+00 0.000000000000000000e+00
-1.312901485916187539e+03 -1.313039311355498967e+03 -1.313533734503589585e+03 -1.314623297967569897e+03
-1.311290058878996206e+03 -1.311404772946197454e+03 -1.313034313395565960e+03 -1.313618071358773932e+03
-1.309874062249636154e+03 -1.310153588044801609e+03 -1.310443423790610723e+03 -1.312396538134586763e+03
-1.310424951375421870e+03 -1.311073844347924478e+03 -1.308662027930395880e+03 -1.310472374373026469e+03
-1.307269811031750578e+03 -1.307403236321927125e+03 -1.309430040004537659e+03 -1.307015950197554957e+03
-1.308439677534089242e+03 -1.308784402555146471e+03 -1.308754571302883960e+03 -1.308543795208372785e+03
0.000000000000000000e+00 0.000000000000000000e+00 0.000000000000000000e+00 0.000000000000000000e+00
-1.304303923129894883e+03 -1.304444724610003277e+03 -1.304155670301463488e+03 -1.303499035584262629e+03
-1.304187489461237874e+03 -1.303793544782833578e+03 -1.305417095032637462e+03 -1.304657859352223340e+03
0.000000000000000000e+00 0.000000000000000000e+00 0.000000000000000000e+00 0.000000000000000000e+00
-1.352545146739851589e+03 -1.203066513458316194e+03 -1.372536213736356331e+03 -1.373414753331558813e+03
-1.374270742901661379e+03 -1.375382051047342884e+03 -1.351437552862553730e+03 -1.373964272037654837e+03
0.000000000000000000e+00 0.000000000000000000e+00 0.000000000000000000e+00 0.000000000000000000e+00
-1.394199430261541465e+03 -1.150152380388318079e+03 -1.394515307323231582e+03 -1.371296648292902319e+03
0.000000000000000000e+00 0.000000000000000000e+00 0.000000000000000000e+00 0.000000000000000000e+00
-1.412182882081265689e+03 -7.985979466911311420e+02 -1.412344327703250883e+03 -1.412447611147889120e+03
0.000000000000000000e+00 0.000000000000000000e+00 0.000000000000000000e+00 0.000000000000000000e+00
0.000000000000000000e+00 0.000000000000000000e+00 0.000000000000000000e+00 0.000000000000000000e+00
-1.423910132152811002e+03 -1.163002827037698808e+03 -1.423361398862568876e+03 -1.423724991583788778e+03
0.000000000000000000e+00 0.000000000000000000e+00 0.000000000000000000e+00 0.000000000000000000e+00
0.000000000000000000e+00 0.000000000000000000e+00 0.000000000000000000e+00 0.000000000000000000e+00
-1.311664777127930620e+03 -1.313306647936912213e+03 -1.312667560009818317e+03 -1.313431610799043028e+03
0.000000000000000000e+00 0.000000000000000000e+00 0.000000000000000000e+00 0.000000000000000000e+00
0.000000000000000000e+00 0.000000000000000000e+00 0.000000000000000000e+00 0.000000000000000000e+00
0.000000000000000000e+00 0.000000000000000000e+00 0.000000000000000000e+00 0.000000000000000000e+00
0.000000000000000000e+00 0.000000000000000000e+00 0.000000000000000000e+00 0.000000000000000000e+00
0.000000000000000000e+00 0.000000000000000000e+00 0.000000000000000000e+00 0.000000000000000000e+00
0.000000000000000000e+00 0.000000000000000000e+00 0.000000000000000000e+00 0.000000000000000000e+00
-1.305273989507839588e+03 -1.305350695278288867e+03 -1.304512043446409052e+03 -1.305243264130631133e+03
0.000000000000000000e+00 0.000000000000000000e+00 0.000000000000000000e+00 0.000000000000000000e+00
0.000000000000000000e+00 0.000000000000000000e+00 0.000000000000000000e+00 0.000000000000000000e+00
0.000000000000000000e+00 0.000000000000000000e+00 0.000000000000000000e+00 0.000000000000000000e+00
-1.394931747129888663e+03 -1.395378668027396543e+03 -1.395215153128177008e+03 -1.395429331618037168e+03
-1.395201539092155144e+03 -1.395226347611200254e+03 -1.394627899317367792e+03 -1.394273059043402554e+03
0.000000000000000000e+00 0.000000000000000000e+00 0.000000000000000000e+00 0.000000000000000000e+00
-1.413912278609572923e+03 -1.408360194118431309e+03 -1.413699799597950459e+03 -1.414110903602494318e+03
0.000000000000000000e+00 0.000000000000000000e+00 0.000000000000000000e+00 0.000000000000000000e+00
0.000000000000000000e+00 0.000000000000000000e+00 0.000000000000000000e+00 0.000000000000000000e+00
-1.425201599551468234e+03 -1.425430348002649907e+03 -1.425369975453656707e+03 -1.425167388108736532e+03
0.000000000000000000e+00 0.000000000000000000e+00 0.000000000000000000e+00 0.000000000000000000e+00
