Starting position: Point(x=1, y=0)
Exit: Point(x=3, y=4)
Maze:
[[1 0 1 1 1]
 [1 0 0 0 1]
 [1 1 1 0 1]
 [1 0 0 0 1]
 [1 1 1 2 1]]
Policy 0:
α=0.01, γ=0.9, ϵ=0.01
[[  0.           0.           0.           0.        ]
 [  0.           0.           0.           0.        ]
 [  0.           0.           0.           0.        ]
 [  0.           0.           0.           0.        ]
 [  0.           0.           0.           0.        ]
 [-12.26581827 -12.3309918  -12.36146109  -1.97658944]
 [ -1.78868676 -11.86586752 -11.85974841 -11.87353917]
 [  0.           0.           0.           0.        ]
 [ -4.80103884  -4.79870252  -4.79438073  -4.77980147]
 [  0.           0.           0.           0.        ]
 [  0.           0.           0.           0.        ]
 [ -1.60356657 -10.91048963 -10.74498588 -10.75771279]
 [  0.           0.           0.           0.        ]
 [ -4.66232953  -4.62869847  -4.65736604  -4.65978227]
 [  0.           0.           0.           0.        ]
 [  0.           0.           0.           0.        ]
 [ -9.23882334  -9.29989721  -9.42715802  -1.37381885]
 [ -7.35847058  -7.30024301  -7.37857218  -1.05327988]
 [ -4.27666188  -4.34035656  -4.33261615  -0.60494996]
 [  0.           0.           0.           0.        ]
 [  0.           0.           0.           0.        ]
 [  0.           0.           0.           0.        ]
 [  0.           0.           0.           0.        ]
 [  0.           0.           0.           0.        ]
 [  0.           0.           0.           0.        ]]


Policy 1:
α=0.01, γ=0.95, ϵ=0.01
[[ 0.          0.          0.          0.        ]
 [ 0.          0.          0.          0.        ]
 [ 0.          0.          0.          0.        ]
 [ 0.          0.          0.          0.        ]
 [ 0.          0.          0.          0.        ]
 [-9.01674864 -8.98151638 -9.01253687 -2.11377601]
 [-1.92839968 -8.63434773 -8.56778621 -8.39585044]
 [ 0.          0.          0.          0.        ]
 [-3.66368479 -3.65747776 -3.66372942 -3.66085451]
 [ 0.          0.          0.          0.        ]
 [ 0.          0.          0.          0.        ]
 [-1.71912536 -7.86126857 -7.86182763 -7.87254766]
 [ 0.          0.          0.          0.        ]
 [-3.36909169 -3.50910093 -3.50517072 -3.50626378]
 [ 0.          0.          0.          0.        ]
 [ 0.          0.          0.          0.        ]
 [-6.6968732  -6.86766048 -6.79397374 -1.44786796]
 [-5.16122953 -5.22729894 -5.27475078 -1.08334068]
 [-3.1489919  -3.27712042 -3.1702954  -0.60474498]
 [ 0.          0.          0.          0.        ]
 [ 0.          0.          0.          0.        ]
 [ 0.          0.          0.          0.        ]
 [ 0.          0.          0.          0.        ]
 [ 0.          0.          0.          0.        ]
 [ 0.          0.          0.          0.        ]]


Policy 2:
α=0.01, γ=0.99, ϵ=0.01
[[ 0.          0.          0.          0.        ]
 [ 0.          0.          0.          0.        ]
 [ 0.          0.          0.          0.        ]
 [ 0.          0.          0.          0.        ]
 [ 0.          0.          0.          0.        ]
 [-8.11032928 -8.11881806 -8.05598727 -2.31738813]
 [-2.08496699 -7.78716693 -7.80292648 -7.84569392]
 [ 0.          0.          0.          0.        ]
 [-3.25171574 -3.24847778 -3.21770229 -3.23944595]
 [ 0.          0.          0.          0.        ]
 [ 0.          0.          0.          0.        ]
 [-1.82728003 -7.07326112 -7.19225854 -7.16740369]
 [ 0.          0.          0.          0.        ]
 [-3.14076558 -3.11977885 -3.13885909 -3.14210759]
 [ 0.          0.          0.          0.        ]
 [ 0.          0.          0.          0.        ]
 [-6.25708296 -6.18944733 -6.14629621 -1.51247413]
 [-4.75711556 -4.73591841 -4.73863596 -1.1121886 ]
 [-2.86916577 -2.89290964 -2.90426394 -0.61087736]
 [ 0.          0.          0.          0.        ]
 [ 0.          0.          0.          0.        ]
 [ 0.          0.          0.          0.        ]
 [ 0.          0.          0.          0.        ]
 [ 0.          0.          0.          0.        ]
 [ 0.          0.          0.          0.        ]]


Policy 3:
α=0.05, γ=0.9, ϵ=0.01
[[  0.           0.           0.           0.        ]
 [  0.           0.           0.           0.        ]
 [  0.           0.           0.           0.        ]
 [  0.           0.           0.           0.        ]
 [  0.           0.           0.           0.        ]
 [-12.704189   -12.14535969 -13.32724705  -1.51869945]
 [ -1.57709884 -13.09338448 -13.57721459 -12.48966024]
 [  0.           0.           0.           0.        ]
 [ -5.78713079  -5.77385482  -5.74557025  -5.78965868]
 [  0.           0.           0.           0.        ]
 [  0.           0.           0.           0.        ]
 [ -1.52497154 -12.52063192 -12.02233162 -11.49224415]
 [  0.           0.           0.           0.        ]
 [ -4.92804829  -5.47303884  -5.53276836  -5.45371827]
 [  0.           0.           0.           0.        ]
 [  0.           0.           0.           0.        ]
 [-10.26275454 -10.07997462 -10.35538679  -1.35480047]
 [ -7.62156172  -7.28990618  -7.77729198  -1.05455097]
 [ -4.14437269  -5.02634282  -4.41322998  -0.61022051]
 [  0.           0.           0.           0.        ]
 [  0.           0.           0.           0.        ]
 [  0.           0.           0.           0.        ]
 [  0.           0.           0.           0.        ]
 [  0.           0.           0.           0.        ]
 [  0.           0.           0.           0.        ]]


Policy 4:
α=0.05, γ=0.95, ϵ=0.01
[[ 0.          0.          0.          0.        ]
 [ 0.          0.          0.          0.        ]
 [ 0.          0.          0.          0.        ]
 [ 0.          0.          0.          0.        ]
 [ 0.          0.          0.          0.        ]
 [-9.83104242 -8.4607848  -9.81728015 -1.78638912]
 [-1.77326466 -9.02790742 -9.02168408 -9.0148004 ]
 [ 0.          0.          0.          0.        ]
 [-4.24307908 -4.17519828 -4.22661439 -4.13087035]
 [ 0.          0.          0.          0.        ]
 [ 0.          0.          0.          0.        ]
 [-1.65361307 -8.96992421 -7.98467958 -8.28655309]
 [ 0.          0.          0.          0.        ]
 [-3.80768996 -3.99100453 -4.09032254 -4.0295282 ]
 [ 0.          0.          0.          0.        ]
 [ 0.          0.          0.          0.        ]
 [-6.85835219 -6.98825227 -7.14246404 -1.42169973]
 [-4.96257224 -5.51791834 -5.97031215 -1.07237847]
 [-3.54011108 -3.63422501 -3.64034753 -0.60055617]
 [ 0.          0.          0.          0.        ]
 [ 0.          0.          0.          0.        ]
 [ 0.          0.          0.          0.        ]
 [ 0.          0.          0.          0.        ]
 [ 0.          0.          0.          0.        ]
 [ 0.          0.          0.          0.        ]]


Policy 5:
α=0.05, γ=0.99, ϵ=0.01
[[ 0.          0.          0.          0.        ]
 [ 0.          0.          0.          0.        ]
 [ 0.          0.          0.          0.        ]
 [ 0.          0.          0.          0.        ]
 [ 0.          0.          0.          0.        ]
 [-9.36376019 -8.66262865 -8.02512493 -2.05152927]
 [-1.96845703 -7.76792809 -7.77159143 -9.05204836]
 [ 0.          0.          0.          0.        ]
 [-4.17377408 -4.11442394 -4.15110524 -4.17284726]
 [ 0.          0.          0.          0.        ]
 [ 0.          0.          0.          0.        ]
 [-1.7844949  -8.37010603 -7.96130961 -7.38915684]
 [ 0.          0.          0.          0.        ]
 [-3.72408387 -3.93505963 -3.88863812 -3.96850083]
 [ 0.          0.          0.          0.        ]
 [ 0.          0.          0.          0.        ]
 [-6.49028668 -6.67922316 -5.79769483 -1.4984464 ]
 [-5.33216605 -4.68324235 -5.23640207 -1.10453048]
 [-3.12509953 -3.57397502 -3.6920076  -0.60491989]
 [ 0.          0.          0.          0.        ]
 [ 0.          0.          0.          0.        ]
 [ 0.          0.          0.          0.        ]
 [ 0.          0.          0.          0.        ]
 [ 0.          0.          0.          0.        ]
 [ 0.          0.          0.          0.        ]]


Policy 6:
α=0.1, γ=0.9, ϵ=0.01
[[  0.           0.           0.           0.        ]
 [  0.           0.           0.           0.        ]
 [  0.           0.           0.           0.        ]
 [  0.           0.           0.           0.        ]
 [  0.           0.           0.           0.        ]
 [ -9.81893525 -11.7938731  -11.90407136  -1.5056927 ]
 [ -1.55798145 -11.37920989  -8.07164966 -10.39976947]
 [  0.           0.           0.           0.        ]
 [ -5.92545171  -5.75502103  -5.8152951   -5.91995685]
 [  0.           0.           0.           0.        ]
 [  0.           0.           0.           0.        ]
 [ -1.50566475 -10.49476349  -9.5449481  -10.42420748]
 [  0.           0.           0.           0.        ]
 [ -5.29861551  -5.51739763  -5.7094677   -5.64878217]
 [  0.           0.           0.           0.        ]
 [  0.           0.           0.           0.        ]
 [ -8.19389837  -9.09727771 -10.49896171  -1.33742936]
 [ -7.45554013  -5.77451604  -8.41504259  -1.04042926]
 [ -3.72049408  -4.93376434  -4.33505703  -0.60006566]
 [  0.           0.           0.           0.        ]
 [  0.           0.           0.           0.        ]
 [  0.           0.           0.           0.        ]
 [  0.           0.           0.           0.        ]
 [  0.           0.           0.           0.        ]
 [  0.           0.           0.           0.        ]]


Policy 7:
α=0.1, γ=0.95, ϵ=0.01
[[  0.           0.           0.           0.        ]
 [  0.           0.           0.           0.        ]
 [  0.           0.           0.           0.        ]
 [  0.           0.           0.           0.        ]
 [  0.           0.           0.           0.        ]
 [ -7.99646162  -9.70135478 -10.89584956  -1.79195755]
 [ -1.77956415  -9.62040231  -8.14759672  -8.15735776]
 [  0.           0.           0.           0.        ]
 [ -5.839445    -5.57379408  -5.81133195  -5.83980994]
 [  0.           0.           0.           0.        ]
 [  0.           0.           0.           0.        ]
 [ -1.65968112  -9.71875703  -7.64975648  -6.51497443]
 [  0.           0.           0.           0.        ]
 [ -4.60610629  -5.3067606   -5.35415327  -5.38691715]
 [  0.           0.           0.           0.        ]
 [  0.           0.           0.           0.        ]
 [ -7.16468869  -7.32781142  -7.8138891   -1.42787947]
 [ -4.57309751  -6.20118408  -6.15555891  -1.07831111]
 [ -2.82030758  -4.75390305  -4.02556608  -0.6037567 ]
 [  0.           0.           0.           0.        ]
 [  0.           0.           0.           0.        ]
 [  0.           0.           0.           0.        ]
 [  0.           0.           0.           0.        ]
 [  0.           0.           0.           0.        ]
 [  0.           0.           0.           0.        ]]


Policy 8:
α=0.1, γ=0.99, ϵ=0.01
[[ 0.          0.          0.          0.        ]
 [ 0.          0.          0.          0.        ]
 [ 0.          0.          0.          0.        ]
 [ 0.          0.          0.          0.        ]
 [ 0.          0.          0.          0.        ]
 [-7.96212989 -8.0591689  -9.27696958 -2.05409601]
 [-1.9718387  -8.18316818 -7.20471494 -9.06881654]
 [ 0.          0.          0.          0.        ]
 [-4.98053036 -4.89171216 -4.79604941 -4.73041066]
 [ 0.          0.          0.          0.        ]
 [ 0.          0.          0.          0.        ]
 [-1.79470953 -9.280644   -8.497713   -8.55494215]
 [ 0.          0.          0.          0.        ]
 [-4.35846847 -4.69360752 -4.53472692 -4.63720474]
 [ 0.          0.          0.          0.        ]
 [ 0.          0.          0.          0.        ]
 [-7.49483045 -6.535427   -7.54372207 -1.50450252]
 [-5.43750336 -5.50101796 -5.71876182 -1.1098836 ]
 [-3.04095054 -4.08524495 -3.58187828 -0.61063551]
 [ 0.          0.          0.          0.        ]
 [ 0.          0.          0.          0.        ]
 [ 0.          0.          0.          0.        ]
 [ 0.          0.          0.          0.        ]
 [ 0.          0.          0.          0.        ]
 [ 0.          0.          0.          0.        ]]

