-7.799959789004374215e+02 -7.804137548562900975e+02 -7.769113915704768942e+02 -7.809354843134161683e+02
-7.829226725801215707e+02 -7.802235158165475468e+02 -7.781882735248893823e+02 -7.811731922978306102e+02
-7.818350533798866309e+02 -7.785175057590327015e+02 -7.795569077375400866e+02 -7.771727666201024931e+02
0.000000000000000000e+00 0.000000000000000000e+00 0.000000000000000000e+00 0.000000000000000000e+00
0.000000000000000000e+00 0.000000000000000000e+00 0.000000000000000000e+00 0.000000000000000000e+00
0.000000000000000000e+00 0.000000000000000000e+00 0.000000000000000000e+00 0.000000000000000000e+00
-7.492050264877427708e+02 -7.278757664593808840e+02 -7.280934717864936374e+02 -7.295746937342413503e+02
-7.446269863779948537e+02 -7.320643807714940294e+02 -7.265484558281580121e+02 -7.217754649815087760e+02
-7.237566652391157049e+02 -7.139393415024288743e+02 -7.194136057916966820e+02 -7.118285870780136975e+02
-7.221452493662952747e+02 -7.103809316470092199e+02 -7.099128396031446755e+02 -7.096882582043057255e+02
-7.237839889565414069e+02 -7.488099004279888504e+02 -7.158176670228256171e+02 -7.513629780930966717e+02
-7.580250771945809447e+02 -7.491331113106812154e+02 -7.524073294089650972e+02 -7.495073333525596126e+02
0.000000000000000000e+00 0.000000000000000000e+00 0.000000000000000000e+00 0.000000000000000000e+00
0.000000000000000000e+00 0.000000000000000000e+00 0.000000000000000000e+00 0.000000000000000000e+00
0.000000000000000000e+00 0.000000000000000000e+00 0.000000000000000000e+00 0.000000000000000000e+00
0.000000000000000000e+00 0.000000000000000000e+00 0.000000000000000000e+00 0.000000000000000000e+00
0.000000000000000000e+00 0.000000000000000000e+00 0.000000000000000000e+00 0.000000000000000000e+00
0.000000000000000000e+00 0.000000000000000000e+00 0.000000000000000000e+00 0.000000000000000000e+00
0.000000000000000000e+00 0.000000000000000000e+00 0.000000000000000000e+00 0.000000000000000000e+00
0.000000000000000000e+00 0.000000000000000000e+00 0.000000000000000000e+00 0.000000000000000000e+00
-7.780147804722856790e+02 -7.811756142527679003e+02 -7.798203452801083131e+02 -7.784048442572775457e+02
-7.826500376211255343e+02 -7.818815939624516886e+02 -7.775663036628714053e+02 -7.793015212202500379e+02
-7.796834023626447561e+02 -7.786007363366584286e+02 -7.835826550218721422e+02 -7.803691046307519628e+02
-7.776056027385506013e+02 -7.794849298524466121e+02 -7.835753875376312862e+02 -7.814509562516686856e+02
0.000000000000000000e+00 0.000000000000000000e+00 0.000000000000000000e+00 0.000000000000000000e+00
-7.351755085000967256e+02 -7.224861667526213296e+02 -7.227038720797336282e+02 -7.409090034683426893e+02
-7.391015876233929021e+02 -7.507428051582068065e+02 -7.263807143172377891e+02 -7.520247083499249356e+02
-7.520863143208285919e+02 -7.330642558770592814e+02 -7.387940544053533358e+02 -7.548888780732138457e+02
-7.541629723149520714e+02 -7.166992613114558708e+02 -7.377553508721051685e+02 -7.352601479688011068e+02
-7.456430592772626369e+02 -7.185339532150449031e+02 -7.538228709613682668e+02 -7.330306982562499343e+02
-7.281439368813341844e+02 -7.246876673196825323e+02 -7.522394763896228369e+02 -7.331435620556978847e+02
-7.358714196272553636e+02 -7.555878749049708176e+02 -7.565067358356238856e+02 -7.285181841234077638e+02
0.000000000000000000e+00 0.000000000000000000e+00 0.000000000000000000e+00 0.000000000000000000e+00
-7.557965397717830456e+02 -7.474639794862763438e+02 -7.952515923336178503e+02 -7.270703035239997689e+02
0.000000000000000000e+00 0.000000000000000000e+00 0.000000000000000000e+00 0.000000000000000000e+00
0.000000000000000000e+00 0.000000000000000000e+00 0.000000000000000000e+00 0.000000000000000000e+00
0.000000000000000000e+00 0.000000000000000000e+00 0.000000000000000000e+00 0.000000000000000000e+00
0.000000000000000000e+00 0.000000000000000000e+00 0.000000000000000000e+00 0.000000000000000000e+00
0.000000000000000000e+00 0.000000000000000000e+00 0.000000000000000000e+00 0.000000000000000000e+00
0.000000000000000000e+00 0.000000000000000000e+00 0.000000000000000000e+00 0.000000000000000000e+00
0.000000000000000000e+00 0.000000000000000000e+00 0.000000000000000000e+00 0.000000000000000000e+00
-7.814476875879594218e+02 -7.776714197470078034e+02 -7.817937801403542153e+02 -7.832875537196039204e+02
-7.818702539300102217e+02 -7.814351819096623331e+02 -7.756007150401629815e+02 -7.774371997129603642e+02
0.000000000000000000e+00 0.000000000000000000e+00 0.000000000000000000e+00 0.000000000000000000e+00
0.000000000000000000e+00 0.000000000000000000e+00 0.000000000000000000e+00 0.000000000000000000e+00
-7.405405981816777512e+02 -7.422182986967036413e+02 -7.182019663458390824e+02 -7.196615859237048198e+02
-7.278812376085353435e+02 -7.459529362686987497e+02 -7.233854384175941732e+02 -7.230628071500153737e+02
0.000000000000000000e+00 0.000000000000000000e+00 0.000000000000000000e+00 0.000000000000000000e+00
-7.622990568911666287e+02 -7.290578531042148143e+02 -7.572800783416835202e+02 -7.575075659634690055e+02
0.000000000000000000e+00 0.000000000000000000e+00 0.000000000000000000e+00 0.000000000000000000e+00
0.000000000000000000e+00 0.000000000000000000e+00 0.000000000000000000e+00 0.000000000000000000e+00
-7.365026654860942017e+02 -7.566421213547569096e+02 -7.462090083077881673e+02 -7.323943502385072861e+02
-7.432871571375399071e+02 -7.264478138191966536e+02 -7.490552038831560822e+02 -7.403293631783576529e+02
-7.209603598232636159e+02 -7.326982314770199309e+02 -7.557603758897876105e+02 -7.566283649817320338e+02
-7.572737542069256733e+02 -7.574914595340384267e+02 -7.582778471733591914e+02 -7.577875015552281184e+02
0.000000000000000000e+00 0.000000000000000000e+00 0.000000000000000000e+00 0.000000000000000000e+00
0.000000000000000000e+00 0.000000000000000000e+00 0.000000000000000000e+00 0.000000000000000000e+00
0.000000000000000000e+00 0.000000000000000000e+00 0.000000000000000000e+00 0.000000000000000000e+00
0.000000000000000000e+00 0.000000000000000000e+00 0.000000000000000000e+00 0.000000000000000000e+00
0.000000000000000000e+00 0.000000000000000000e+00 0.000000000000000000e+00 0.000000000000000000e+00
0.000000000000000000e+00 0.000000000000000000e+00 0.000000000000000000e+00 0.000000000000000000e+00
0.000000000000000000e+00 0.000000000000000000e+00 0.000000000000000000e+00 0.000000000000000000e+00
-7.813337440374443759e+02 -7.762941433090095416e+02 -7.786765808329682841e+02 -7.796212939761762755e+02
-7.812707105792978837e+02 -7.812227658576699696e+02 -7.763948066468078650e+02 -7.805735966416160636e+02
-7.828450976230279821e+02 -7.846735231360812577e+02 -7.846218039338398285e+02 -7.794791746710387770e+02
0.000000000000000000e+00 0.000000000000000000e+00 0.000000000000000000e+00 0.000000000000000000e+00
-7.201973240941332506e+02 -7.256752566660622961e+02 -7.367360089590155212e+02 -7.371409504393000134e+02
-7.368901457338740784e+02 -7.370980589742271150e+02 -7.285257626742779848e+02 -7.401782703664227938e+02
-7.379856565122220218e+02 -7.412176387513857208e+02 -7.320607208636454288e+02 -7.489010903863207886e+02
-7.487489357726037724e+02 -7.407889037499162441e+02 -7.460861272554900552e+02 -7.410360245448623573e+02
0.000000000000000000e+00 0.000000000000000000e+00 0.000000000000000000e+00 0.000000000000000000e+00
0.000000000000000000e+00 0.000000000000000000e+00 0.000000000000000000e+00 0.000000000000000000e+00
-7.442887112582282043e+02 -7.544914543380168652e+02 -7.538663441871544819e+02 -7.173710252134301300e+02
0.000000000000000000e+00 0.000000000000000000e+00 0.000000000000000000e+00 0.000000000000000000e+00
0.000000000000000000e+00 0.000000000000000000e+00 0.000000000000000000e+00 0.000000000000000000e+00
-1.938939949200103001e+02 -1.440329334207279430e+02 -2.125554740949940538e+02 -9.341443577099104445e+00
-2.594337363172036817e+02 -2.355951111441531793e+02 -1.962738232829483138e+02 -6.359718250541485318e+00
-2.014650890404611516e+02 -3.246329630610865102e+00 -1.665606580413708855e+02 -1.968662821598382209e+02
-2.301748175278148665e+02 -2.286802491249627565e+02 -1.874944519594709789e+02 -2.252024917728128059e+02
0.000000000000000000e+00 0.000000000000000000e+00 0.000000000000000000e+00 0.000000000000000000e+00
0.000000000000000000e+00 0.000000000000000000e+00 0.000000000000000000e+00 0.000000000000000000e+00
-7.812638316289770728e+02 -7.815498079326500829e+02 -7.818357842363227519e+02 -7.828759511799378288e+02
-7.775733112294777811e+02 -7.789228402786720835e+02 -7.811685417576742338e+02 -7.831269248181524745e+02
-7.814400714487428559e+02 -7.764352589694555036e+02 -7.784407903836159903e+02 -7.763014198064342963e+02
0.000000000000000000e+00 0.000000000000000000e+00 0.000000000000000000e+00 0.000000000000000000e+00
-7.105000249821838452e+02 -7.106883246335398781e+02 -7.108766242848957972e+02 -7.296309938433370235e+02
-7.448857781035916332e+02 -7.264067445159306544e+02 -7.163623197270392211e+02 -7.093374724868212979e+02
0.000000000000000000e+00 0.000000000000000000e+00 0.000000000000000000e+00 0.000000000000000000e+00
-7.453935533534254319e+02 -7.152556938826791111e+02 -7.431665562426851466e+02 -7.391989442793850458e+02
-7.390437558050894040e+02 -7.414521837464754981e+02 -7.479824353382422260e+02 -7.482095345497361905e+02
0.000000000000000000e+00 0.000000000000000000e+00 0.000000000000000000e+00 0.000000000000000000e+00
-5.689272433606780623e+02 -5.671692954623184733e+02 -5.675296466545154317e+02 -5.678410377417493464e+02
0.000000000000000000e+00 0.000000000000000000e+00 0.000000000000000000e+00 0.000000000000000000e+00
0.000000000000000000e+00 0.000000000000000000e+00 0.000000000000000000e+00 0.000000000000000000e+00
-2.943186230341622149e+02 -2.679127609275402051e+02 -3.555669571165606158e+02 -1.491632258639071118e+01
-2.963704862456326623e+02 -1.219344153250812823e+01 -2.816532665661489432e+02 -2.975642074974629168e+02
-2.755340317108219779e+02 -1.821670404132917724e+02 -2.752102014439890922e+02 -2.872041941479564002e+02
-2.460799987657744055e+02 -2.691775470955292349e+02 -2.442776916394585669e+02 -2.416129612588082693e+02
-2.408530512727458586e+02 -2.330398558992424682e+02 -2.360608612516255107e+02 -2.339753645316442316e+02
0.000000000000000000e+00 0.000000000000000000e+00 0.000000000000000000e+00 0.000000000000000000e+00
0.000000000000000000e+00 0.000000000000000000e+00 0.000000000000000000e+00 0.000000000000000000e+00
0.000000000000000000e+00 0.000000000000000000e+00 0.000000000000000000e+00 0.000000000000000000e+00
-7.793394391673023165e+02 -7.799233209149811046e+02 -7.752983934329672593e+02 -7.754737162593617086e+02
-7.754929441785460540e+02 -7.733416754011975627e+02 -7.761983637904470470e+02 -7.690106606157244187e+02
0.000000000000000000e+00 0.000000000000000000e+00 0.000000000000000000e+00 0.000000000000000000e+00
0.000000000000000000e+00 0.000000000000000000e+00 0.000000000000000000e+00 0.000000000000000000e+00
-7.305461523139919109e+02 -7.432977309404082007e+02 -7.297355232943232295e+02 -7.496874981105214601e+02
-7.554028885478478514e+02 -7.275452254389754216e+02 -7.263796716524738031e+02 -7.568484161672018899e+02
-7.438277796217602145e+02 -7.158870648878819338e+02 -7.388960509416457398e+02 -7.381897879598775489e+02
-7.355197129027114897e+02 -7.424576009068546227e+02 -7.451568119163418942e+02 -7.362337508118102960e+02
0.000000000000000000e+00 0.000000000000000000e+00 0.000000000000000000e+00 0.000000000000000000e+00
-5.654494774175325347e+02 -5.657704532932268648e+02 -5.654011715725306431e+02 -5.635912090524586802e+02
0.000000000000000000e+00 0.000000000000000000e+00 0.000000000000000000e+00 0.000000000000000000e+00
0.000000000000000000e+00 0.000000000000000000e+00 0.000000000000000000e+00 0.000000000000000000e+00
-2.605916748137813670e+02 -1.750883309972840607e+01 -3.517470054423370698e+02 -3.339591039862219191e+02
-3.315490282841675480e+02 -1.665795673932392447e+02 -3.335901142994820816e+02 -3.352762161978807853e+02
-2.793210894522087528e+02 -3.089595648966749195e+02 -2.866772647973947983e+02 -2.791165530924831160e+02
-2.749835791135940894e+02 -2.782285870691262062e+02 -2.612590093896363328e+02 -2.415025391555193721e+02
-2.390748863222674174e+02 -2.403900956306429464e+02 -2.510368436422848504e+02 -2.395159495568285024e+02
-2.469256428419379858e+02 -2.462453955706095030e+02 -2.508303904653445784e+02 -2.464047467694601039e+02
0.000000000000000000e+00 0.000000000000000000e+00 0.000000000000000000e+00 0.000000000000000000e+00
0.000000000000000000e+00 0.000000000000000000e+00 0.000000000000000000e+00 0.000000000000000000e+00
0.000000000000000000e+00 0.000000000000000000e+00 0.000000000000000000e+00 0.000000000000000000e+00
-7.593199857014344616e+02 -7.616420060218947583e+02 -7.614096705184002758e+02 -7.596466749406968120e+02
0.000000000000000000e+00 0.000000000000000000e+00 0.000000000000000000e+00 0.000000000000000000e+00
0.000000000000000000e+00 0.000000000000000000e+00 0.000000000000000000e+00 0.000000000000000000e+00
-7.328673582487436988e+02 -7.322476358268012291e+02 -7.318249445043979904e+02 -7.321913436397022679e+02
0.000000000000000000e+00 0.000000000000000000e+00 0.000000000000000000e+00 0.000000000000000000e+00
-7.325806277772243220e+02 -7.123180349310246129e+02 -7.292514820078597495e+02 -7.294397816592156687e+02
0.000000000000000000e+00 0.000000000000000000e+00 0.000000000000000000e+00 0.000000000000000000e+00
0.000000000000000000e+00 0.000000000000000000e+00 0.000000000000000000e+00 0.000000000000000000e+00
-5.647797352591369417e+02 -5.629547476290382519e+02 -5.629066060648793837e+02 -5.631340936866649827e+02
0.000000000000000000e+00 0.000000000000000000e+00 0.000000000000000000e+00 0.000000000000000000e+00
-4.018609042883451821e+02 -4.490113787899462636e+02 -4.433129227722618566e+02 -2.229796463911611326e+01
-4.505456902856279839e+02 -1.996946259545707036e+01 -3.348551951650003389e+02 -3.718359469420155961e+02
0.000000000000000000e+00 0.000000000000000000e+00 0.000000000000000000e+00 0.000000000000000000e+00
0.000000000000000000e+00 0.000000000000000000e+00 0.000000000000000000e+00 0.000000000000000000e+00
-2.491111793633093043e+02 -2.889647453972572748e+02 -2.673152084428058970e+02 -2.635906506134250549e+02
-2.410687001139222332e+02 -2.431302188420358164e+02 -2.786706860032035138e+02 -2.675139802416161956e+02
-2.510395694757385172e+02 -2.511269798650389760e+02 -2.757284608052841008e+02 -2.676139802416162183e+02
0.000000000000000000e+00 0.000000000000000000e+00 0.000000000000000000e+00 0.000000000000000000e+00
-7.492013641525476260e+02 -7.497482914905490361e+02 -7.496889398195511376e+02 -7.496280858454100553e+02
-5.619775299952425485e+02 -7.475845092354494454e+02 -7.473987423763031757e+02 -7.476895824768680541e+02
-7.476276149221605465e+02 -7.474752919908039530e+02 -7.473413910003359888e+02 -4.291001390802985611e+02
-5.290823549546375943e+02 -5.203566064706053567e+02 -6.905667776848058566e+02 -4.244976929114999109e+01
-6.061189009836064088e+02 -6.686979939532179742e+02 -4.606002518867017557e+02 -4.174556473148776803e+01
-4.093125453053946927e+01 -7.319138791380853490e+02 -5.465784838666713767e+02 -7.059656132597325495e+02
-4.808653229746614102e+02 -7.237865222255669551e+02 -7.424261328503844197e+02 -7.251570049091650390e+02
-7.212086293520193294e+02 -7.115941052058622063e+02 -7.436112365168173710e+02 -7.256131515797635529e+02
0.000000000000000000e+00 0.000000000000000000e+00 0.000000000000000000e+00 0.000000000000000000e+00
-5.872822878740491888e+02 -4.778957865249828387e+02 -5.818502336354272302e+02 -3.037201141544438343e+01
-4.614192563466489787e+02 -5.614108596461543357e+02 -3.981099702230850994e+02 -2.853351389572357633e+01
-4.435260422149729607e+02 -3.590506441276546070e+02 -4.136143339880965755e+02 -2.657581787899867365e+01
-5.177783200434778337e+02 -2.449826133490675417e+01 -3.024108875671743135e+02 -5.271075944485808122e+02
-5.001351676684346899e+02 -5.209627586931743508e+02 -3.855618971700735642e+02 -5.018027524320258408e+02
-5.389364861387285828e+02 -5.330432095636462009e+02 -5.293486569844667429e+02 -5.353483570311865378e+02
-5.360228008871135899e+02 -5.541749539548223993e+02 -5.413399644456843589e+02 -5.368219041083873435e+02
0.000000000000000000e+00 0.000000000000000000e+00 0.000000000000000000e+00 0.000000000000000000e+00
0.000000000000000000e+00 0.000000000000000000e+00 0.000000000000000000e+00 0.000000000000000000e+00
0.000000000000000000e+00 0.000000000000000000e+00 0.000000000000000000e+00 0.000000000000000000e+00
-7.501455279311652475e+02 -7.498480469525436547e+02 -7.495812383613560996e+02 -7.501713241081965862e+02
0.000000000000000000e+00 0.000000000000000000e+00 0.000000000000000000e+00 0.000000000000000000e+00
-6.231498499692614814e+02 -7.268353435597065300e+02 -5.578419036723432782e+02 -4.389409614714130470e+01
-7.196456114092545704e+02 -7.175021381024370157e+02 -6.358299415812423376e+02 -4.352916657649593191e+01
-4.916274118978791421e+02 -4.304439388943021783e+01 -6.102747032006199106e+02 -7.152202324366253379e+02
0.000000000000000000e+00 0.000000000000000000e+00 0.000000000000000000e+00 0.000000000000000000e+00
-6.546881187524712686e+02 -4.581147089799088121e+02 -5.346178022143855060e+02 -4.000661070816472886e+01
-3.897149086557394781e+01 -7.014863161477524045e+02 -6.477752074111656384e+02 -6.998792933880561122e+02
-5.169265633633708603e+02 -7.084754119723678514e+02 -7.206343091546179949e+02 -6.946940308485690139e+02
0.000000000000000000e+00 0.000000000000000000e+00 0.000000000000000000e+00 0.000000000000000000e+00
-4.621235091933215813e+02 -3.209216203619538277e+01 -5.016434743728523813e+02 -4.545844606613845826e+02
0.000000000000000000e+00 0.000000000000000000e+00 0.000000000000000000e+00 0.000000000000000000e+00
0.000000000000000000e+00 0.000000000000000000e+00 0.000000000000000000e+00 0.000000000000000000e+00
-5.578499291626634431e+02 -5.612203695678740587e+02 -5.568464758295758656e+02 -5.569855694595856903e+02
0.000000000000000000e+00 0.000000000000000000e+00 0.000000000000000000e+00 0.000000000000000000e+00
-5.649571439342191752e+02 -5.602711325802602005e+02 -5.631891267291009626e+02 -5.634068320562138297e+02
0.000000000000000000e+00 0.000000000000000000e+00 0.000000000000000000e+00 0.000000000000000000e+00
-6.416026970117941346e+02 -6.397807033494451616e+02 -6.337473553049462680e+02 -6.340333316086189370e+02
0.000000000000000000e+00 0.000000000000000000e+00 0.000000000000000000e+00 0.000000000000000000e+00
-6.511749191940664332e+02 -6.463490227245479218e+02 -6.466252752807771458e+02 -6.425975418893576716e+02
-7.493995881176097100e+02 -7.492559721642530803e+02 -7.496877033205396401e+02 -7.498403381426545593e+02
-7.482310410253237478e+02 -7.481691573082472360e+02 -7.481238691155654124e+02 -7.292398027087907622e+02
-6.133198013556524302e+02 -4.414508144587134097e+01 -7.458029467526612279e+02 -7.192547106732815791e+02
-7.454991895964035393e+02 -7.451037730657820930e+02 -4.826173823858009655e+02 -7.451826982704342299e+02
0.000000000000000000e+00 0.000000000000000000e+00 0.000000000000000000e+00 0.000000000000000000e+00
0.000000000000000000e+00 0.000000000000000000e+00 0.000000000000000000e+00 0.000000000000000000e+00
-7.123854368494328355e+02 -7.144733496036977840e+02 -7.131644723167837583e+02 -3.220814579281080796e+02
-5.293410570216751694e+02 -5.566838863833943378e+02 -7.009443366079385669e+02 -3.782354433292147178e+01
-5.665858821116135005e+02 -6.848157557320949991e+02 -6.265910322153422385e+02 -3.656031502261917865e+01
-6.098788010012851828e+02 -6.712703297808587877e+02 -6.075018876531719343e+02 -3.518464155024066997e+01
-6.548815217591733244e+02 -3.369573002532721517e+01 -6.222695781264021662e+02 -6.451060725411191470e+02
-6.535213715209855536e+02 -6.534091230032169051e+02 -5.923501861615089865e+02 -6.533724422295452996e+02
0.000000000000000000e+00 0.000000000000000000e+00 0.000000000000000000e+00 0.000000000000000000e+00
-5.913956724848220574e+02 -5.920962604380426910e+02 -5.900081550738470924e+02 -5.962829216893813964e+02
-5.944202664892629855e+02 -5.899656681169127523e+02 -6.051285853352048889e+02 -5.866804250232904678e+02
-6.110188431162907818e+02 -5.811229758943443358e+02 -5.829107159345844593e+02 -5.965575989956712419e+02
0.000000000000000000e+00 0.000000000000000000e+00 0.000000000000000000e+00 0.000000000000000000e+00
-6.538764477194380333e+02 -6.334302066102760591e+02 -6.350670833994206532e+02 -6.495897771151981033e+02
-6.555989254670043920e+02 -6.558557013181597313e+02 -6.565093348873147079e+02 -6.450704626752303739e+02
-6.417804493903082630e+02 -6.434760941818282163e+02 -6.537693577028833261e+02 -6.492922030885191589e+02
0.000000000000000000e+00 0.000000000000000000e+00 0.000000000000000000e+00 0.000000000000000000e+00
-7.475254535391602531e+02 -7.480252968636839341e+02 -7.473527793140164022e+02 -5.627298889348736566e+02
-4.586124482350587641e+02 -4.430535753583905745e+01 -7.260608389541171164e+02 -7.403566224177020558e+02
-7.422641482131297153e+02 -7.429668169963981654e+02 -7.426480075834970194e+02 -7.347655157714556253e+02
-7.416900123184914264e+02 -7.349143783358848623e+02 -7.349375327866744101e+02 -7.261556202149582759e+02
-7.263925375503046098e+02 -7.266200251720903225e+02 -7.300766622330363589e+02 -7.081639335200338792e+02
-7.195051987770199275e+02 -6.325847179199430457e+02 -7.195887178809559828e+02 -7.198646169593171180e+02
0.000000000000000000e+00 0.000000000000000000e+00 0.000000000000000000e+00 0.000000000000000000e+00
0.000000000000000000e+00 0.000000000000000000e+00 0.000000000000000000e+00 0.000000000000000000e+00
0.000000000000000000e+00 0.000000000000000000e+00 0.000000000000000000e+00 0.000000000000000000e+00
-6.976171846498400555e+02 -6.551048187837857313e+02 -6.800500765518340813e+02 -6.819967846813198094e+02
0.000000000000000000e+00 0.000000000000000000e+00 0.000000000000000000e+00 0.000000000000000000e+00
-6.186424742058360380e+02 -6.188307738571920709e+02 -6.190190735085479901e+02 -6.208681677642671275e+02
-6.045008669221983837e+02 -6.176858222962523541e+02 -6.185559827230127894e+02 -6.062150572099710644e+02
-6.025243561751422021e+02 -6.026158130043612573e+02 -6.328343225890841950e+02 -6.072479297902689268e+02
-6.219777611553885208e+02 -6.245081037350271345e+02 -6.457961448291114266e+02 -6.130462808641511856e+02
0.000000000000000000e+00 0.000000000000000000e+00 0.000000000000000000e+00 0.000000000000000000e+00
-6.536766205135018026e+02 -6.438331854868271193e+02 -6.354192493374555397e+02 -6.406061425638338278e+02
0.000000000000000000e+00 0.000000000000000000e+00 0.000000000000000000e+00 0.000000000000000000e+00
-6.414117406475787675e+02 -6.480074308741759523e+02 -6.275618590542446782e+02 -6.482681510526361990e+02
0.000000000000000000e+00 0.000000000000000000e+00 0.000000000000000000e+00 0.000000000000000000e+00
0.000000000000000000e+00 0.000000000000000000e+00 0.000000000000000000e+00 0.000000000000000000e+00
-5.576339146136158433e+02 -4.436596261735468971e+01 -6.142734241299078803e+02 -7.259797618167903011e+02
-7.432994913027365556e+02 -7.436673431254611160e+02 -5.637284738403239999e+02 -7.435238804410710145e+02
-7.445686445915683862e+02 -7.392204386257319584e+02 -7.398186331892334238e+02 -7.394707188883339768e+02
0.000000000000000000e+00 0.000000000000000000e+00 0.000000000000000000e+00 0.000000000000000000e+00
-7.218163927224953795e+02 -7.214558566585919834e+02 -7.206708005589548520e+02 -7.260772729921000064e+02
-7.124191679223896472e+02 -7.161797727797448943e+02 -7.152480940680688946e+02 -7.216088029584665264e+02
-7.106717085106389504e+02 -7.127987161985552120e+02 -7.113076677137669321e+02 -7.180254380100657272e+02
-7.013756684293575745e+02 -7.015737797810620577e+02 -7.062073776766528681e+02 -7.062781479222780945e+02
-7.241225489973172671e+02 -6.993946997321625076e+02 -6.998883437153074283e+02 -7.319931226364013810e+02
-7.461821892742339060e+02 -7.216506781561216712e+02 -7.280713425875659368e+02 -7.223099394242126436e+02
0.000000000000000000e+00 0.000000000000000000e+00 0.000000000000000000e+00 0.000000000000000000e+00
0.000000000000000000e+00 0.000000000000000000e+00 0.000000000000000000e+00 0.000000000000000000e+00
0.000000000000000000e+00 0.000000000000000000e+00 0.000000000000000000e+00 0.000000000000000000e+00
-6.544175483520323269e+02 -6.748213431015890365e+02 -6.513898730037603855e+02 -6.414206755723930655e+02
-6.427029541372601216e+02 -6.429597299884153472e+02 -6.534716488410642796e+02 -6.475373243083954549e+02
-6.527527128417442555e+02 -6.408209264240035736e+02 -6.613431558904668464e+02 -6.606835873713573619e+02
-6.610423114248058027e+02 -6.613088891646096954e+02 -6.635561266381726000e+02 -6.616818024518265702e+02
0.000000000000000000e+00 0.000000000000000000e+00 0.000000000000000000e+00 0.000000000000000000e+00
0.000000000000000000e+00 0.000000000000000000e+00 0.000000000000000000e+00 0.000000000000000000e+00
-7.478220405400263644e+02 -7.518065318110100179e+02 -7.093701043204634971e+02 -4.377514209096893296e+02
-5.179597482500035994e+02 -4.431660832257539084e+01 -6.748353214659418882e+02 -7.501065161034080120e+02
0.000000000000000000e+00 0.000000000000000000e+00 0.000000000000000000e+00 0.000000000000000000e+00
-7.446154681990784638e+02 -7.319363209509347143e+02 -7.312584539985082301e+02 -7.313230199224367425e+02
-7.254019661331844873e+02 -7.312626853678457337e+02 -7.328498071187883625e+02 -7.438168609446445316e+02
-7.400377849874998901e+02 -7.397795374447927088e+02 -7.301480443793817585e+02 -7.008279478690232054e+02
0.000000000000000000e+00 0.000000000000000000e+00 0.000000000000000000e+00 0.000000000000000000e+00
-7.126371378703729533e+02 -7.171867639675897408e+02 -7.129153902730529353e+02 -7.131233035134061993e+02
0.000000000000000000e+00 0.000000000000000000e+00 0.000000000000000000e+00 0.000000000000000000e+00
0.000000000000000000e+00 0.000000000000000000e+00 0.000000000000000000e+00 0.000000000000000000e+00
-7.494308562290767668e+02 -7.405486804176250644e+02 -7.501975997788581481e+02 -7.566975546093456160e+02
-7.599284526635685779e+02 -7.601559402853540632e+02 -7.481971640616927743e+02 -7.607768548872389829e+02
-7.302316266332237547e+02 -7.460292128620768608e+02 -7.520576031723860524e+02 -7.565148846148122175e+02
-7.102820975968309085e+02 -7.051893924343266917e+02 -7.154597293394928101e+02 -7.367359582794122161e+02
-6.757767115883056022e+02 -7.022566407125128762e+02 -6.952274521142654748e+02 -6.906870521987226539e+02
0.000000000000000000e+00 0.000000000000000000e+00 0.000000000000000000e+00 0.000000000000000000e+00
-6.492060449201956089e+02 -6.619978994229688851e+02 -6.540837645826508151e+02 -6.543112522044364141e+02
0.000000000000000000e+00 0.000000000000000000e+00 0.000000000000000000e+00 0.000000000000000000e+00
0.000000000000000000e+00 0.000000000000000000e+00 0.000000000000000000e+00 0.000000000000000000e+00
0.000000000000000000e+00 0.000000000000000000e+00 0.000000000000000000e+00 0.000000000000000000e+00
0.000000000000000000e+00 0.000000000000000000e+00 0.000000000000000000e+00 0.000000000000000000e+00
-5.786584915952232677e+02 -4.416444784627274345e+01 -6.734703810171620262e+02 -7.682002894533293329e+02
-7.877141900810350990e+02 -7.231407730961220750e+02 -5.593141968518223166e+02 -7.553748995832911532e+02
-7.553350030185168862e+02 -7.335373383189935339e+02 -7.602395298386524018e+02 -7.384602341713220994e+02
-7.275586970501868791e+02 -7.384511281232188367e+02 -7.301766605439523801e+02 -7.291865309567419899e+02
0.000000000000000000e+00 0.000000000000000000e+00 0.000000000000000000e+00 0.000000000000000000e+00
0.000000000000000000e+00 0.000000000000000000e+00 0.000000000000000000e+00 0.000000000000000000e+00
0.000000000000000000e+00 0.000000000000000000e+00 0.000000000000000000e+00 0.000000000000000000e+00
-7.552371376343694465e+02 -7.554646252561552728e+02 -7.556921128779406445e+02 -7.578525384396276650e+02
-7.600553134146781531e+02 -7.657153306957834502e+02 -7.551460005724892426e+02 -7.652733353091184654e+02
-7.495109438265420749e+02 -7.601103299716249921e+02 -7.563702310108412803e+02 -7.278081494408036178e+02
0.000000000000000000e+00 0.000000000000000000e+00 0.000000000000000000e+00 0.000000000000000000e+00
-7.403225821378307501e+02 -7.637769463002675820e+02 -7.646030864665226545e+02 -7.648696055418268998e+02
0.000000000000000000e+00 0.000000000000000000e+00 0.000000000000000000e+00 0.000000000000000000e+00
-6.759343492120422070e+02 -6.870200252198785620e+02 -6.712426062476955622e+02 -6.705382382829225207e+02
-6.788570420322578229e+02 -6.587517289289472728e+02 -6.791894591445449123e+02 -6.508909146810649418e+02
-6.485409692995795012e+02 -6.571988345515827632e+02 -6.511718034013327951e+02 -6.492511295004383101e+02
-6.553919193130757321e+02 -6.350573966930597862e+02 -6.564694939804254545e+02 -6.364908803513885687e+02
0.000000000000000000e+00 0.000000000000000000e+00 0.000000000000000000e+00 0.000000000000000000e+00
0.000000000000000000e+00 0.000000000000000000e+00 0.000000000000000000e+00 0.000000000000000000e+00
-7.890778788763344664e+02 -6.622083426698359290e+02 -7.155445706304708438e+02 -4.357911799027454691e+01
-8.017130346356104837e+02 -4.391790546435961318e+01 -6.487209053139986281e+02 -7.829084464566332144e+02
-7.752254184403291219e+02 -7.502881108464598583e+02 -8.026452171181161930e+02 -7.754466183486455293e+02
0.000000000000000000e+00 0.000000000000000000e+00 0.000000000000000000e+00 0.000000000000000000e+00
0.000000000000000000e+00 0.000000000000000000e+00 0.000000000000000000e+00 0.000000000000000000e+00
0.000000000000000000e+00 0.000000000000000000e+00 0.000000000000000000e+00 0.000000000000000000e+00
-8.557890487062288685e+02 -8.542250418390901814e+02 -8.340879811827547883e+02 -8.553831009192363126e+02
-8.415934242355056085e+02 -8.548255610572692831e+02 -8.584028015525635738e+02 -8.579204972005625223e+02
0.000000000000000000e+00 0.000000000000000000e+00 0.000000000000000000e+00 0.000000000000000000e+00
-7.624431256650917703e+02 -7.649636109558753105e+02 -7.559824599763798005e+02 -7.561292130756298775e+02
-7.543012076863129778e+02 -7.601605750606960328e+02 -7.515555429854322256e+02 -7.568647657077417534e+02
0.000000000000000000e+00 0.000000000000000000e+00 0.000000000000000000e+00 0.000000000000000000e+00
-7.517663519374347061e+02 -7.756865729129633564e+02 -7.664350927158685636e+02 -7.425874365508959727e+02
-7.842118641147986864e+02 -7.786090881785586362e+02 -7.528499574380130070e+02 -7.722170629248249725e+02
0.000000000000000000e+00 0.000000000000000000e+00 0.000000000000000000e+00 0.000000000000000000e+00
0.000000000000000000e+00 0.000000000000000000e+00 0.000000000000000000e+00 0.000000000000000000e+00
-6.463306124781119024e+02 -6.572313887024263295e+02 -6.547768985902060876e+02 -6.551626418078096776e+02
-6.469241382290560978e+02 -6.587069843741695649e+02 -6.580024497123358742e+02 -6.540628218388926598e+02
0.000000000000000000e+00 0.000000000000000000e+00 0.000000000000000000e+00 0.000000000000000000e+00
-8.015009386470944719e+02 -8.017869149507672546e+02 -8.020728912544401510e+02 -8.282734475969730283e+02
-8.177922486023521742e+02 -6.045790558770745520e+02 -8.208426473680050321e+02 -8.284018086304557755e+02
-8.244253476524472717e+02 -7.076385865461598996e+02 -8.188715843143631901e+02 -7.999130274303439592e+02
0.000000000000000000e+00 0.000000000000000000e+00 0.000000000000000000e+00 0.000000000000000000e+00
0.000000000000000000e+00 0.000000000000000000e+00 0.000000000000000000e+00 0.000000000000000000e+00
0.000000000000000000e+00 0.000000000000000000e+00 0.000000000000000000e+00 0.000000000000000000e+00
-8.506479813196181112e+02 -8.399631038118034212e+02 -8.402393563680324178e+02 -8.410417020055834882e+02
-8.395522423696178294e+02 -8.437398710317269206e+02 -8.523368564377251460e+02 -8.357659921326480799e+02
-8.307839776189537133e+02 -8.365564638453334965e+02 -8.472712197539760837e+02 -8.235325428378112065e+02
-8.140886694758117983e+02 -8.302460509032213167e+02 -8.327993961566003236e+02 -8.324631334288405924e+02
0.000000000000000000e+00 0.000000000000000000e+00 0.000000000000000000e+00 0.000000000000000000e+00
0.000000000000000000e+00 0.000000000000000000e+00 0.000000000000000000e+00 0.000000000000000000e+00
0.000000000000000000e+00 0.000000000000000000e+00 0.000000000000000000e+00 0.000000000000000000e+00
-7.587680337158451493e+02 -7.816791348478634518e+02 -7.529482370107459701e+02 -7.820649890871950447e+02
-7.912896885965068350e+02 -7.863283232085037753e+02 -7.952340899197649833e+02 -7.810054038786101955e+02
-7.822518536095080890e+02 -7.816396762302740626e+02 -7.997197147329593463e+02 -7.812535275486438877e+02
0.000000000000000000e+00 0.000000000000000000e+00 0.000000000000000000e+00 0.000000000000000000e+00
-6.547921959941370460e+02 -6.562085197413878177e+02 -6.549755214954013809e+02 -6.516707432137089882e+02
-6.458609925097388214e+02 -6.464036444968058959e+02 -6.616845368513921812e+02 -6.427686552067190178e+02
-6.481301547978623603e+02 -6.445668520961885406e+02 -6.562358248685086437e+02 -6.462557798215744924e+02
0.000000000000000000e+00 0.000000000000000000e+00 0.000000000000000000e+00 0.000000000000000000e+00
-8.367613214272645337e+02 -8.217697395155731783e+02 -8.130606848478096254e+02 -8.134779548965861977e+02
-8.181325742757226180e+02 -8.088307784523693726e+02 -8.298627982418141755e+02 -8.156384724271894129e+02
-8.394022018576929440e+02 -8.104011522950447670e+02 -8.163107770772762706e+02 -8.396152024041591631e+02
-8.240085057496926311e+02 -8.236747657842589661e+02 -8.366312788991649541e+02 -8.396826387723983771e+02
-8.509199103380352653e+02 -8.489107467001244913e+02 -8.288242100312580760e+02 -8.413049937229889110e+02
-8.476660612925393252e+02 -8.423222987299146780e+02 -8.321368243618317138e+02 -8.303487000306488426e+02
0.000000000000000000e+00 0.000000000000000000e+00 0.000000000000000000e+00 0.000000000000000000e+00
0.000000000000000000e+00 0.000000000000000000e+00 0.000000000000000000e+00 0.000000000000000000e+00
-8.171562113423815390e+02 -8.247580441306762395e+02 -8.195888358614147364e+02 -7.974368969848093229e+02
-7.845927037045444195e+02 -7.962554334947768666e+02 -8.085221320202385868e+02 -7.789226640743776215e+02
0.000000000000000000e+00 0.000000000000000000e+00 0.000000000000000000e+00 0.000000000000000000e+00
-7.653775925526646233e+02 -7.878594752572666948e+02 -7.886168060561064976e+02 -7.940329489522368931e+02
-7.833939679225159125e+02 -7.761967671524470234e+02 -7.581607857616879755e+02 -7.881962160549334158e+02
-7.889378844519417271e+02 -7.885923676693112156e+02 -7.793027294476235056e+02 -7.962093789275621702e+02
-7.825034273742725190e+02 -8.015857718286889622e+02 -7.842564888797338654e+02 -7.886375878239091435e+02
-7.794479113244792643e+02 -8.029438873775740149e+02 -8.034011746142474522e+02 -7.849178454271259398e+02
0.000000000000000000e+00 0.000000000000000000e+00 0.000000000000000000e+00 0.000000000000000000e+00
-6.153052616397864085e+02 -6.437220527654340003e+02 -6.224963795689484414e+02 -6.266873530313339415e+02
-6.185370402563464722e+02 -6.613185041100815624e+02 -6.170800354748353129e+02 -6.460029338901900928e+02
-8.357831887026596860e+02 -8.142342711901999337e+02 -8.322144459643373011e+02 -8.268202261094188543e+02
-8.411567970691074834e+02 -8.216072641711562028e+02 -8.187911500857361489e+02 -8.399489486695448477e+02
0.000000000000000000e+00 0.000000000000000000e+00 0.000000000000000000e+00 0.000000000000000000e+00
-8.340832547166360200e+02 -8.414409727451752588e+02 -8.201908697915722541e+02 -8.109082085813466847e+02
0.000000000000000000e+00 0.000000000000000000e+00 0.000000000000000000e+00 0.000000000000000000e+00
-8.292164461654177785e+02 -8.491359795777854060e+02 -8.159270994523196805e+02 -8.504144320135327462e+02
-8.592411434055541122e+02 -8.327039032494271851e+02 -8.481874512820306791e+02 -8.483712279288808986e+02
0.000000000000000000e+00 0.000000000000000000e+00 0.000000000000000000e+00 0.000000000000000000e+00
-8.378577869357477539e+02 -7.992918729246374596e+02 -7.995291330588009941e+02 -7.997663931929647561e+02
0.000000000000000000e+00 0.000000000000000000e+00 0.000000000000000000e+00 0.000000000000000000e+00
-7.773675550496685673e+02 -7.857738049534558513e+02 -7.698253263073594326e+02 -7.716604986021829973e+02
0.000000000000000000e+00 0.000000000000000000e+00 0.000000000000000000e+00 0.000000000000000000e+00
-7.681409492756786221e+02 -7.944447759334882448e+02 -7.920533071469022843e+02 -7.819644455881550584e+02
-7.852255983784202726e+02 -7.733575805265627423e+02 -7.928053964274273540e+02 -7.877809184935294979e+02
-7.922832434421604830e+02 -7.900751740821002613e+02 -7.931783693278234750e+02 -7.858732966936451021e+02
0.000000000000000000e+00 0.000000000000000000e+00 0.000000000000000000e+00 0.000000000000000000e+00
-7.802583836811820674e+02 -7.924921094733506379e+02 -7.752877783937321965e+02 -7.928678525675120454e+02
0.000000000000000000e+00 0.000000000000000000e+00 0.000000000000000000e+00 0.000000000000000000e+00
-6.121825248650844742e+02 -6.237762159394138735e+02 -6.426962150740101833e+02 -6.228322592933318447e+02
0.000000000000000000e+00 0.000000000000000000e+00 0.000000000000000000e+00 0.000000000000000000e+00
-8.430961058114443176e+02 -8.332052678535214909e+02 -8.331505585138922925e+02 -8.431504173544624337e+02
-8.446537264706598762e+02 -8.248288819582742235e+02 -8.396474186533728243e+02 -8.426902267855207356e+02
0.000000000000000000e+00 0.000000000000000000e+00 0.000000000000000000e+00 0.000000000000000000e+00
-8.277418577062276199e+02 -8.259887149455540793e+02 -8.158461790246041119e+02 -8.491082948415129295e+02
-8.260646859061380383e+02 -8.419114400788191688e+02 -8.323191742517118428e+02 -8.446049914373513730e+02
-8.263777011234504926e+02 -8.256296749315232546e+02 -8.292628725907250100e+02 -8.409914446378528510e+02
-8.379632685882521628e+02 -8.388978196168382055e+02 -8.281123017684881233e+02 -8.533143835622757933e+02
-8.281146543895118839e+02 -8.283811734648161291e+02 -8.287436806910569658e+02 -8.410035045946478931e+02
-8.304483878815078697e+02 -8.287267034444284945e+02 -8.213956621287403550e+02 -8.305664904925832843e+02
-7.950409211019912163e+02 -8.164771579822695458e+02 -8.076673282907484008e+02 -8.176307815576063831e+02
-7.710379699513006244e+02 -7.711765333140536995e+02 -7.895733461462482410e+02 -7.977543148191924729e+02
-8.041797548734913335e+02 -8.041788431973053548e+02 -7.711507284829074251e+02 -7.907551877102994240e+02
-7.894249563757330179e+02 -7.938726491627385258e+02 -7.722495076687737310e+02 -7.713005339595281384e+02
0.000000000000000000e+00 0.000000000000000000e+00 0.000000000000000000e+00 0.000000000000000000e+00
0.000000000000000000e+00 0.000000000000000000e+00 0.000000000000000000e+00 0.000000000000000000e+00
-7.933993818070850921e+02 -7.685704844314536786e+02 -7.775802707817196051e+02 -7.970857307309071302e+02
-7.743423246548524048e+02 -7.938462458960425465e+02 -7.843091959330470218e+02 -7.753687457755639798e+02
0.000000000000000000e+00 0.000000000000000000e+00 0.000000000000000000e+00 0.000000000000000000e+00
-6.125161990069855165e+02 -6.215593189012547555e+02 -6.141833838774231253e+02 -6.156672007286560984e+02
-6.189577140913712583e+02 -6.167630722908985490e+02 -6.216255184737167383e+02 -6.188903912259468143e+02
0.000000000000000000e+00 0.000000000000000000e+00 0.000000000000000000e+00 0.000000000000000000e+00
-8.459106805316146165e+02 -8.286174540468222176e+02 -8.454104200829409592e+02 -8.459567985620667514e+02
-8.309724608783985786e+02 -8.304697671090704034e+02 -8.308477243809647916e+02 -8.440206618855403349e+02
-8.281403671358532392e+02 -8.405963047451491548e+02 -8.304719247370195490e+02 -8.267704785388791606e+02
-8.273785604998685130e+02 -8.283596626891478536e+02 -8.286861545608020378e+02 -8.279915093794677432e+02
0.000000000000000000e+00 0.000000000000000000e+00 0.000000000000000000e+00 0.000000000000000000e+00
0.000000000000000000e+00 0.000000000000000000e+00 0.000000000000000000e+00 0.000000000000000000e+00
0.000000000000000000e+00 0.000000000000000000e+00 0.000000000000000000e+00 0.000000000000000000e+00
0.000000000000000000e+00 0.000000000000000000e+00 0.000000000000000000e+00 0.000000000000000000e+00
0.000000000000000000e+00 0.000000000000000000e+00 0.000000000000000000e+00 0.000000000000000000e+00
0.000000000000000000e+00 0.000000000000000000e+00 0.000000000000000000e+00 0.000000000000000000e+00
-7.877589882580493850e+02 -7.988910102461394445e+02 -7.882297067410306681e+02 -7.989610556881629009e+02
-7.923160802230594300e+02 -8.031116272953109956e+02 -7.895753541797847674e+02 -7.893885464277225310e+02
0.000000000000000000e+00 0.000000000000000000e+00 0.000000000000000000e+00 0.000000000000000000e+00
0.000000000000000000e+00 0.000000000000000000e+00 0.000000000000000000e+00 0.000000000000000000e+00
0.000000000000000000e+00 0.000000000000000000e+00 0.000000000000000000e+00 0.000000000000000000e+00
0.000000000000000000e+00 0.000000000000000000e+00 0.000000000000000000e+00 0.000000000000000000e+00
-6.405639628424595458e+02 -6.234364118793773741e+02 -6.236931877305330545e+02 -6.247447614819532191e+02
-6.193599390010471097e+02 -6.143051449022848374e+02 -6.190349491090089487e+02 -6.239125189358226180e+02
-6.227238926882882879e+02 -6.234300551062650584e+02 -6.208559888074594255e+02 -6.176745661186629377e+02
