-5.236590788308762567e-01 -5.235200044457252178e-01 -5.235297512189659441e-01 -5.238624230466560894e-01
-5.249914771014080328e-01 -5.244881555291686093e-01 -5.245667213633428139e-01 -5.246303319522994668e-01
-5.124271035871600377e-01 -5.124477434290791722e-01 -5.129939568025251306e-01 -5.127793522199621812e-01
-5.003934227828557013e-01 -5.005897253372441069e-01 -5.002849310995961529e-01 -5.000925544175311988e-01
0.000000000000000000e+00 0.000000000000000000e+00 0.000000000000000000e+00 0.000000000000000000e+00
-4.869436480167696479e-01 -4.869114164268852352e-01 -4.869224177481334959e-01 -4.868918405071657185e-01
-4.868893557856852627e-01 -4.869038076899128153e-01 -4.869433241994935435e-01 -4.869221936635407810e-01
0.000000000000000000e+00 0.000000000000000000e+00 0.000000000000000000e+00 0.000000000000000000e+00
-4.869846700139375262e-01 -4.869252446511607713e-01 -4.869252446511607713e-01 -4.869259383097985783e-01
-4.868816909285665351e-01 -4.869186709853734474e-01 -4.870490504723004599e-01 -4.869131824051308177e-01
-5.228647309378273711e-01 -5.228515938787225981e-01 -5.225682406065410568e-01 -5.228987617880784811e-01
-5.366921898418272052e-01 -5.365312847563955545e-01 -5.367069953283055694e-01 -5.366907192188127285e-01
0.000000000000000000e+00 0.000000000000000000e+00 0.000000000000000000e+00 0.000000000000000000e+00
-4.870956167100088940e-01 -4.870847750336372850e-01 -4.869074365691495321e-01 -4.869076512602473206e-01
-4.869044255007183852e-01 -4.869224899719251654e-01 -4.870733016279034100e-01 -4.869113206566572094e-01
-4.869153420616922356e-01 -4.869006608101634215e-01 -4.870186934053683525e-01 -4.869294889982698771e-01
-4.869142553237317816e-01 -4.869005795556500260e-01 -4.871375410280640028e-01 -4.869127524523713113e-01
-4.869103958210735938e-01 -4.869135421570827127e-01 -4.871361178457341845e-01 -4.869128980398059747e-01
-4.868993102632913073e-01 -4.869258786749475210e-01 -4.872741832553056374e-01 -4.869390555896548900e-01
-4.869069146714674057e-01 -4.868641518433348137e-01 -4.873488721311707850e-01 -4.869244131258564368e-01
-5.075753742269362156e-01 -5.074395243448142079e-01 -5.075360125372027076e-01 -5.075020781805498205e-01
-5.086281956844846963e-01 -5.085967837487445076e-01 -5.085240255427713185e-01 -5.086962631207656571e-01
-4.915030929352456335e-01 -4.915175728635468588e-01 -4.917178455842987073e-01 -4.916832690917894988e-01
-4.728345025125644807e-01 -4.728334080402201156e-01 -4.730174317427731090e-01 -4.728683454866328129e-01
0.000000000000000000e+00 0.000000000000000000e+00 0.000000000000000000e+00 0.000000000000000000e+00
0.000000000000000000e+00 0.000000000000000000e+00 0.000000000000000000e+00 0.000000000000000000e+00
0.000000000000000000e+00 0.000000000000000000e+00 0.000000000000000000e+00 0.000000000000000000e+00
0.000000000000000000e+00 0.000000000000000000e+00 0.000000000000000000e+00 0.000000000000000000e+00
-4.874208174939292371e-01 -4.869402166932487175e-01 -4.869181229497243080e-01 -4.869013783753475821e-01
-4.869183918959008039e-01 -4.868833030823349062e-01 -4.869253073730618331e-01 -4.869149841943683499e-01
-4.898148862059746311e-01 -4.903500878708624833e-01 -4.899748558337502780e-01 -4.902826911837954160e-01
-4.876348886593951382e-01 -4.882589033695715619e-01 -4.880570010140191095e-01 -4.879320663867610097e-01
0.000000000000000000e+00 0.000000000000000000e+00 0.000000000000000000e+00 0.000000000000000000e+00
-4.422428320284368941e-01 -4.424785745742987886e-01 -4.419215066920486601e-01 -4.422233592945560288e-01
-4.231790765177175784e-01 -4.231981411438326401e-01 -4.235894169627888450e-01 -4.231943349112301522e-01
-4.232084996354701367e-01 -4.231863056646376076e-01 -4.233101655324334467e-01 -4.231932241484697155e-01
0.000000000000000000e+00 0.000000000000000000e+00 0.000000000000000000e+00 0.000000000000000000e+00
0.000000000000000000e+00 0.000000000000000000e+00 0.000000000000000000e+00 0.000000000000000000e+00
0.000000000000000000e+00 0.000000000000000000e+00 0.000000000000000000e+00 0.000000000000000000e+00
0.000000000000000000e+00 0.000000000000000000e+00 0.000000000000000000e+00 0.000000000000000000e+00
-4.724708826787932248e-01 -4.728007660642220000e-01 -4.723360733051426008e-01 -4.723371599053580172e-01
-4.631733454213643464e-01 -4.632827870167827156e-01 -4.631205190378507863e-01 -4.629918126567978964e-01
-4.381395117664206862e-01 -4.380091937783909817e-01 -4.380686831208905341e-01 -4.383460058058933906e-01
-4.194161262434004112e-01 -4.195862842245438040e-01 -4.194690303434945866e-01 -4.192248224547875934e-01
-4.021733774317136079e-01 -4.020693909151943912e-01 -4.023750308240927054e-01 -4.020465759595558963e-01
0.000000000000000000e+00 0.000000000000000000e+00 0.000000000000000000e+00 0.000000000000000000e+00
-2.435112864963165924e-01 -2.428032071858741148e-01 -2.427946462345928758e-01 -2.431278101690479143e-01
-2.333710291645842705e-01 -2.328957658899218075e-01 -2.334237537079233704e-01 -2.328911085466975339e-01
0.000000000000000000e+00 0.000000000000000000e+00 0.000000000000000000e+00 0.000000000000000000e+00
0.000000000000000000e+00 0.000000000000000000e+00 0.000000000000000000e+00 0.000000000000000000e+00
-4.616727252795702618e-01 -4.621234896436295370e-01 -4.616648435181597843e-01 -4.615386015674270981e-01
-4.502433525782686408e-01 -4.500109767309076747e-01 -4.503139859722612992e-01 -4.502881463447511168e-01
-4.260781228625371009e-01 -4.263171195386091794e-01 -4.262570882793414451e-01 -4.256483846853196251e-01
-3.906670059331628364e-01 -3.904826788086039335e-01 -3.908716183725666760e-01 -3.905345908149581713e-01
-3.656801617438840690e-01 -3.659432383279917489e-01 -3.660833540639752415e-01 -3.653080393064924158e-01
-3.135109085189881628e-01 -3.135118447278912313e-01 -3.139935696918941810e-01 -3.128803913552606342e-01
-2.521060060785201840e-01 -2.524741092078287563e-01 -2.529236750353002772e-01 -2.520176916059076455e-01
-2.230449763090874005e-01 -2.228542017882685911e-01 -2.234355130263450950e-01 -2.226717073474102637e-01
-2.075434614872701811e-01 -2.071357412086814176e-01 -2.069905328548966861e-01 -2.071969619278689889e-01
-2.026290436931693084e-01 -2.031697234245273820e-01 -2.034246038826015013e-01 -2.031697234245273820e-01
0.000000000000000000e+00 0.000000000000000000e+00 0.000000000000000000e+00 0.000000000000000000e+00
0.000000000000000000e+00 0.000000000000000000e+00 0.000000000000000000e+00 0.000000000000000000e+00
0.000000000000000000e+00 0.000000000000000000e+00 0.000000000000000000e+00 0.000000000000000000e+00
-3.462832759969528551e-01 -3.467083584865042201e-01 -3.463664079007635066e-01 -3.463525694255087384e-01
0.000000000000000000e+00 0.000000000000000000e+00 0.000000000000000000e+00 0.000000000000000000e+00
0.000000000000000000e+00 0.000000000000000000e+00 0.000000000000000000e+00 0.000000000000000000e+00
-1.840143683070049052e-01 -1.852486899524951047e-01 -1.846135987164324865e-01 -1.840932432876304370e-01
-1.917922809860093669e-01 -1.927356143119104137e-01 -1.924981583171462562e-01 -1.923229658721510027e-01
-1.946376073799943318e-01 -1.940716146312924384e-01 -1.946109098175362873e-01 -1.943396166999433738e-01
-1.983711978056215131e-01 -1.985148208596125841e-01 -1.987260113731565414e-01 -1.983540706502855133e-01
-2.704015152199999439e-01 -2.702975139773863278e-01 -2.703253383360744722e-01 -2.705670593849384131e-01
-2.716735842194948902e-01 -2.717799884383570452e-01 -2.716489481434526398e-01 -2.722561326593214148e-01
-2.777154251011704766e-01 -2.775825726553625694e-01 -2.773151963616298232e-01 -2.771596899818908888e-01
-2.956665442095811613e-01 -2.955281195909565950e-01 -2.955074531246156266e-01 -2.961324914132652530e-01
0.000000000000000000e+00 0.000000000000000000e+00 0.000000000000000000e+00 0.000000000000000000e+00
0.000000000000000000e+00 0.000000000000000000e+00 0.000000000000000000e+00 0.000000000000000000e+00
-9.945168414817304181e-02 -1.011054812671610820e-01 -9.972268907696849038e-02 -1.010144087633623317e-01
-1.597715062623319415e-01 -1.596477252564155458e-01 -1.592396530969538426e-01 -1.592415669205606010e-01
-1.781953309307239275e-01 -1.778653196100596079e-01 -1.784046924361116782e-01 -1.780683723134795504e-01
0.000000000000000000e+00 0.000000000000000000e+00 0.000000000000000000e+00 0.000000000000000000e+00
-2.688864336424703350e-01 -2.691660740177502231e-01 -2.688632361481761435e-01 -2.690138808375136525e-01
-2.681210821724905324e-01 -2.675273675686719588e-01 -2.675180977108599922e-01 -2.681855471086125875e-01
-2.629833973736558916e-01 -2.626132274069520878e-01 -2.625086690943692069e-01 -2.630196907534178008e-01
-2.407362787745022381e-01 -2.413085002151233727e-01 -2.411288504902117380e-01 -2.409139993021880977e-01
-1.771814473097110820e-01 -1.764150845487618968e-01 -1.768247488443560334e-01 -1.764690298674315150e-01
-9.771703314349980407e-02 -9.790328323369054675e-02 -9.787427553191063723e-02 -9.731669490601135841e-02
0.000000000000000000e+00 0.000000000000000000e+00 0.000000000000000000e+00 0.000000000000000000e+00
0.000000000000000000e+00 0.000000000000000000e+00 0.000000000000000000e+00 0.000000000000000000e+00
-1.780678342207797915e-01 -1.786589980477624184e-01 -1.780609472183364850e-01 -1.780545620455350753e-01
-1.780536146867905123e-01 -1.780683723134795504e-01 -1.780728250552092162e-01 -1.780683723134795504e-01
-2.688342461717075915e-01 -2.692539523697285997e-01 -2.688513518857330031e-01 -2.688589933090919093e-01
0.000000000000000000e+00 0.000000000000000000e+00 0.000000000000000000e+00 0.000000000000000000e+00
0.000000000000000000e+00 0.000000000000000000e+00 0.000000000000000000e+00 0.000000000000000000e+00
-2.087213002473965739e-01 -2.090508131453726326e-01 -2.086871876442840112e-01 -2.089732311743338344e-01
-1.714595801850034296e-01 -1.714070113210039437e-01 -1.712375460656213322e-01 -1.714057763381137967e-01
-1.210687824191116063e-01 -1.216591428847675904e-01 -1.214562047957372382e-01 -1.212053291701105928e-01
-7.136268929929780180e-02 -7.065772784747839652e-02 -7.189854104376217081e-02 -7.135832437696536246e-02
-7.136268929929780180e-02 -7.136268929929780180e-02 -7.136705021026659712e-02 -7.136268929929780180e-02
0.000000000000000000e+00 0.000000000000000000e+00 0.000000000000000000e+00 0.000000000000000000e+00
0.000000000000000000e+00 0.000000000000000000e+00 0.000000000000000000e+00 0.000000000000000000e+00
