-6.083855743740177457e-01 -6.082518601883835085e-01 -6.082323952178749771e-01 -6.080729454388782429e-01
-6.090775521544645743e-01 -6.096256229857991427e-01 -6.097131695999403744e-01 -6.093918882467495024e-01
-5.928242946758158771e-01 -5.928521660509687985e-01 -5.932712109949860313e-01 -5.927840746238706160e-01
-5.751063019220973294e-01 -5.751359931737893838e-01 -5.758577861693993105e-01 -5.751390799819141586e-01
0.000000000000000000e+00 0.000000000000000000e+00 0.000000000000000000e+00 0.000000000000000000e+00
-5.565138745816980981e-01 -5.564941336257898108e-01 -5.564935036358483744e-01 -5.564689228329734449e-01
-5.564615408010258335e-01 -5.564705531262358340e-01 -5.565064787634022014e-01 -5.565033600425022264e-01
0.000000000000000000e+00 0.000000000000000000e+00 0.000000000000000000e+00 0.000000000000000000e+00
-5.565601701926712330e-01 -5.564672324556527716e-01 -5.565026015039282736e-01 -5.564981055315179059e-01
-5.564583171724043487e-01 -5.564846718409244275e-01 -5.565666687819249558e-01 -5.565054527797369532e-01
-6.062747202680643932e-01 -6.066055359798918634e-01 -6.061441064752600694e-01 -6.069719726223431477e-01
-6.260915026916731296e-01 -6.262421753964335647e-01 -6.260484468463687335e-01 -6.262224056775512748e-01
0.000000000000000000e+00 0.000000000000000000e+00 0.000000000000000000e+00 0.000000000000000000e+00
-5.564411297584955785e-01 -5.570918683587284814e-01 -5.564930927626254853e-01 -5.564830472846346021e-01
-5.564868879719752082e-01 -5.565046978725177729e-01 -5.566071409620323429e-01 -5.564757711490863068e-01
-5.564742646371482193e-01 -5.564748554266091274e-01 -5.565766925481386851e-01 -5.565145493049625802e-01
-5.565007545643199105e-01 -5.564793884022557480e-01 -5.567387329011320718e-01 -5.564716614278413243e-01
-5.564692932920421997e-01 -5.565069802322430981e-01 -5.565897577573802879e-01 -5.564834789136238191e-01
-5.563881419795069228e-01 -5.564759479861763891e-01 -5.567091618939432607e-01 -5.565296689338089520e-01
-5.564779967837436558e-01 -5.564302740216128251e-01 -5.569301779767389382e-01 -5.565056150071734375e-01
-5.842724059828802163e-01 -5.844663173529081046e-01 -5.843892170088439419e-01 -5.842980471151034694e-01
-5.857384970445117522e-01 -5.863023917554245346e-01 -5.857543652101356857e-01 -5.857710098796992115e-01
-5.622693091104085106e-01 -5.622558842002762791e-01 -5.618414926314834190e-01 -5.621688410775886879e-01
-5.364334275241627870e-01 -5.371304810018321385e-01 -5.364500421198876712e-01 -5.361232389524406283e-01
0.000000000000000000e+00 0.000000000000000000e+00 0.000000000000000000e+00 0.000000000000000000e+00
0.000000000000000000e+00 0.000000000000000000e+00 0.000000000000000000e+00 0.000000000000000000e+00
0.000000000000000000e+00 0.000000000000000000e+00 0.000000000000000000e+00 0.000000000000000000e+00
0.000000000000000000e+00 0.000000000000000000e+00 0.000000000000000000e+00 0.000000000000000000e+00
-5.564742023818233241e-01 -5.564999032922089972e-01 -5.557838490044579860e-01 -5.563315688123618985e-01
-5.557817277235442832e-01 -5.564347687493240713e-01 -5.564975681167728672e-01 -5.564819237658978901e-01
-5.596372562368978620e-01 -5.599220324032401219e-01 -5.593884440155147963e-01 -5.598948147082453142e-01
-5.569912636573149944e-01 -5.569640045608863499e-01 -5.567090063611666029e-01 -5.572125407404353581e-01
0.000000000000000000e+00 0.000000000000000000e+00 0.000000000000000000e+00 0.000000000000000000e+00
-4.954903317969506782e-01 -4.953048428277515569e-01 -4.953156165473613926e-01 -4.954826812541479608e-01
-4.712536549137634201e-01 -4.710410795669731088e-01 -4.707837874686978119e-01 -4.710480630333920282e-01
-4.710371511440255010e-01 -4.710161981838706935e-01 -4.713688773911315355e-01 -4.710491918065379258e-01
0.000000000000000000e+00 0.000000000000000000e+00 0.000000000000000000e+00 0.000000000000000000e+00
0.000000000000000000e+00 0.000000000000000000e+00 0.000000000000000000e+00 0.000000000000000000e+00
0.000000000000000000e+00 0.000000000000000000e+00 0.000000000000000000e+00 0.000000000000000000e+00
0.000000000000000000e+00 0.000000000000000000e+00 0.000000000000000000e+00 0.000000000000000000e+00
-5.361649050284387208e-01 -5.360775708664299311e-01 -5.361319224999852029e-01 -5.360387110537251365e-01
-5.239496209095427792e-01 -5.238009063871709170e-01 -5.235058335981328526e-01 -5.234342910521596615e-01
-4.906988851196436019e-01 -4.907991206740804913e-01 -4.902495822695512873e-01 -4.903654579484634790e-01
-4.658267112802671472e-01 -4.654464618241113127e-01 -4.662768350440468779e-01 -4.655956614407992245e-01
-4.440952558141810225e-01 -4.443691319413586860e-01 -4.437644761164332707e-01 -4.440190661574227593e-01
0.000000000000000000e+00 0.000000000000000000e+00 0.000000000000000000e+00 0.000000000000000000e+00
-2.543164814089943215e-01 -2.543658070828205275e-01 -2.543663032068682606e-01 -2.546037772932150944e-01
-2.442163366063651309e-01 -2.438546314854984354e-01 -2.436772818259591855e-01 -2.438662012727337292e-01
0.000000000000000000e+00 0.000000000000000000e+00 0.000000000000000000e+00 0.000000000000000000e+00
0.000000000000000000e+00 0.000000000000000000e+00 0.000000000000000000e+00 0.000000000000000000e+00
-5.214094117980998533e-01 -5.221396100740318680e-01 -5.214242295057741616e-01 -5.216790252279613904e-01
-5.065468790718739012e-01 -5.063133951942880850e-01 -5.067205464692775552e-01 -5.063595943373427888e-01
-4.748592765063831544e-01 -4.745408401651792230e-01 -4.743641816199137828e-01 -4.745972660608758220e-01
-4.294318734365563106e-01 -4.292920655928504359e-01 -4.298611679192185231e-01 -4.294808972758544785e-01
-3.982419146905322171e-01 -3.989142662873220724e-01 -3.978975238037842366e-01 -3.979025037375734097e-01
-3.353604601354156500e-01 -3.353393124056138208e-01 -3.348225474816086678e-01 -3.348056943255794393e-01
-2.643384246957403150e-01 -2.646144016763231077e-01 -2.655129859852720653e-01 -2.646397677829535611e-01
-2.321392445911107938e-01 -2.326030039789835913e-01 -2.323427766465981925e-01 -2.326903574976857958e-01
-2.157050476681653117e-01 -2.155284771732351445e-01 -2.156459924820486873e-01 -2.154888289336872320e-01
-2.112500011157780744e-01 -2.110539347585651537e-01 -2.113944288312230857e-01 -2.110522783190278973e-01
0.000000000000000000e+00 0.000000000000000000e+00 0.000000000000000000e+00 0.000000000000000000e+00
0.000000000000000000e+00 0.000000000000000000e+00 0.000000000000000000e+00 0.000000000000000000e+00
0.000000000000000000e+00 0.000000000000000000e+00 0.000000000000000000e+00 0.000000000000000000e+00
-3.747142075323822707e-01 -3.756454099042285111e-01 -3.748334204058891284e-01 -3.748470925499318707e-01
0.000000000000000000e+00 0.000000000000000000e+00 0.000000000000000000e+00 0.000000000000000000e+00
0.000000000000000000e+00 0.000000000000000000e+00 0.000000000000000000e+00 0.000000000000000000e+00
-1.886402261644730127e-01 -1.903330645517455622e-01 -1.894473856804251843e-01 -1.899244749109183505e-01
-1.983732067332281968e-01 -1.986810863408824124e-01 -1.981544334732903978e-01 -1.980712041422200143e-01
-2.012730411338163328e-01 -2.010882329085681985e-01 -2.005815407949785023e-01 -2.012305460460772355e-01
-2.065746074573895641e-01 -2.068779792308165777e-01 -2.060172605683583402e-01 -2.065808100586119522e-01
-2.856441505855723539e-01 -2.855198158873443193e-01 -2.855175711288737150e-01 -2.850239338514748977e-01
-2.869465259148277214e-01 -2.863640982768180798e-01 -2.863668385519888004e-01 -2.869575114390085502e-01
-2.933759485877790452e-01 -2.932168322671749316e-01 -2.928347029605842256e-01 -2.937411550015271433e-01
-3.145001869446415466e-01 -3.150011103115086808e-01 -3.143072471300000226e-01 -3.144215647511326983e-01
0.000000000000000000e+00 0.000000000000000000e+00 0.000000000000000000e+00 0.000000000000000000e+00
0.000000000000000000e+00 0.000000000000000000e+00 0.000000000000000000e+00 0.000000000000000000e+00
-9.945716730669131034e-02 -1.006596446657845728e-01 -9.946650801791966090e-02 -1.006775734207587120e-01
-1.630144805712716582e-01 -1.630550401010936457e-01 -1.627402119943143211e-01 -1.625619618632325458e-01
-1.832507824999335677e-01 -1.830415609260349352e-01 -1.833124205041275212e-01 -1.831132319725809199e-01
0.000000000000000000e+00 0.000000000000000000e+00 0.000000000000000000e+00 0.000000000000000000e+00
-2.838264166382943321e-01 -2.840980208325586398e-01 -2.838006243440063803e-01 -2.841118878968428296e-01
-2.829299715097965406e-01 -2.823099650686266004e-01 -2.823139836630597088e-01 -2.829083280056514105e-01
-2.760535108363810219e-01 -2.765771119958790325e-01 -2.764214166538314088e-01 -2.761341202145465301e-01
-2.516943014671200185e-01 -2.517934808216297227e-01 -2.515127802850434802e-01 -2.516982787473112104e-01
-1.812476797802698159e-01 -1.812946169642679350e-01 -1.807970799986715060e-01 -1.808845749918802648e-01
-9.732547743309438726e-02 -9.756493951534196685e-02 -9.899175813928655365e-02 -9.731669490601135841e-02
0.000000000000000000e+00 0.000000000000000000e+00 0.000000000000000000e+00 0.000000000000000000e+00
0.000000000000000000e+00 0.000000000000000000e+00 0.000000000000000000e+00 0.000000000000000000e+00
-1.831155881526159712e-01 -1.837344229899776638e-01 -1.831136770354869492e-01 -1.830978737457973904e-01
-1.831069776761722612e-01 -1.831155881526159712e-01 -1.831173867538694322e-01 -1.831070133432702585e-01
-2.837766026788341445e-01 -2.842459265422326298e-01 -2.838058501479649443e-01 -2.838052396786929776e-01
0.000000000000000000e+00 0.000000000000000000e+00 0.000000000000000000e+00 0.000000000000000000e+00
0.000000000000000000e+00 0.000000000000000000e+00 0.000000000000000000e+00 0.000000000000000000e+00
-2.164238345532065178e-01 -2.171499589421222454e-01 -2.164115843324357913e-01 -2.163114121105079446e-01
-1.749163684518690864e-01 -1.757832383692103373e-01 -1.758620301594802648e-01 -1.750031918816601084e-01
-1.221426389706888604e-01 -1.219431063589038328e-01 -1.227162550606129138e-01 -1.221606206743573592e-01
-7.073678227086194203e-02 -7.036134126007918821e-02 -7.125248376453424681e-02 -7.064414091405343821e-02
-6.977166810491440552e-02 -6.977166810491440552e-02 -7.073287667372876730e-02 -6.977166810491440552e-02
0.000000000000000000e+00 0.000000000000000000e+00 0.000000000000000000e+00 0.000000000000000000e+00
0.000000000000000000e+00 0.000000000000000000e+00 0.000000000000000000e+00 0.000000000000000000e+00
