-6.855646861953995641e-01 -6.853643323424578604e-01 -6.853866261755348077e-01 -6.861714362558017921e-01
-6.886745201322717058e-01 -6.881808597979396369e-01 -6.875242545290710661e-01 -6.878001811673529753e-01
-6.658181486266999682e-01 -6.657730316827520367e-01 -6.662601889807705513e-01 -6.657428028991825286e-01
-6.432854214386712899e-01 -6.433585065596083563e-01 -6.430793244995317570e-01 -6.433865403150781370e-01
0.000000000000000000e+00 0.000000000000000000e+00 0.000000000000000000e+00 0.000000000000000000e+00
-6.200066083578272824e-01 -6.199800196126100671e-01 -6.199793726605429267e-01 -6.199294875986034459e-01
-6.199227458448357542e-01 -6.199788220290639584e-01 -6.200128659540286025e-01 -6.199536108844957427e-01
0.000000000000000000e+00 0.000000000000000000e+00 0.000000000000000000e+00 0.000000000000000000e+00
-6.200266097618422068e-01 -6.199617144446948336e-01 -6.199458017385536257e-01 -6.199703614932471352e-01
-6.199106723341372138e-01 -6.199515687824621590e-01 -6.200727980369139525e-01 -6.199789561583149977e-01
-6.843674057391621046e-01 -6.839306124673352194e-01 -6.844615751189824238e-01 -6.845747349661026604e-01
-7.106012174454474639e-01 -7.104599958602773047e-01 -7.107353127786677494e-01 -7.105043754427302627e-01
0.000000000000000000e+00 0.000000000000000000e+00 0.000000000000000000e+00 0.000000000000000000e+00
-6.196993112347949362e-01 -6.197187365513516788e-01 -6.190258255340079785e-01 -6.199271080692368985e-01
-6.199707347285836612e-01 -6.199181211982666140e-01 -6.200244659350092613e-01 -6.199582848754174869e-01
-6.199639021335962008e-01 -6.199401011178301557e-01 -6.201346270329001209e-01 -6.199827757309476217e-01
-6.208642398936006224e-01 -6.199569520583048110e-01 -6.203362595923268552e-01 -6.199602286138207186e-01
-6.199616176494060493e-01 -6.199699667684825943e-01 -6.205000308176316093e-01 -6.199461343474249597e-01
-6.199227112279425134e-01 -6.199548618610031259e-01 -6.202816355933826742e-01 -6.200063670693217732e-01
-6.199450389155474195e-01 -6.198778658494232818e-01 -6.205869429746778687e-01 -6.199787237788433325e-01
-6.559531367885678144e-01 -6.556590809476580128e-01 -6.555458922456095516e-01 -6.554909408336357934e-01
-6.578046221691973283e-01 -6.582463660183256460e-01 -6.573575357643781647e-01 -6.579914820144162624e-01
-6.274549838581566785e-01 -6.274623949621546126e-01 -6.272136971141533124e-01 -6.277599370127939782e-01
-5.949484056184741743e-01 -5.949900711596788350e-01 -5.953050639734678295e-01 -5.945956131066210126e-01
0.000000000000000000e+00 0.000000000000000000e+00 0.000000000000000000e+00 0.000000000000000000e+00
0.000000000000000000e+00 0.000000000000000000e+00 0.000000000000000000e+00 0.000000000000000000e+00
0.000000000000000000e+00 0.000000000000000000e+00 0.000000000000000000e+00 0.000000000000000000e+00
0.000000000000000000e+00 0.000000000000000000e+00 0.000000000000000000e+00 0.000000000000000000e+00
-6.199088305122995024e-01 -6.199810459829465659e-01 -6.199704417841755966e-01 -6.199080916291653809e-01
-6.199670797633445307e-01 -6.198720454795138002e-01 -6.199961472260806516e-01 -6.199741073830939975e-01
-6.245212016829521096e-01 -6.246227619819547661e-01 -6.246619325913403964e-01 -6.251228006152460548e-01
-6.209152360910398238e-01 -6.207521872823540399e-01 -6.211119034227754465e-01 -6.209010832663248713e-01
0.000000000000000000e+00 0.000000000000000000e+00 0.000000000000000000e+00 0.000000000000000000e+00
-5.440786803256411064e-01 -5.441610373275227452e-01 -5.436884027194793800e-01 -5.442892263928944541e-01
-5.141688719082893044e-01 -5.142716132237393767e-01 -5.144825231629820417e-01 -5.143057634545038503e-01
-5.143000674965136909e-01 -5.143277842670557209e-01 -5.145788297600218941e-01 -5.143073771702822983e-01
0.000000000000000000e+00 0.000000000000000000e+00 0.000000000000000000e+00 0.000000000000000000e+00
0.000000000000000000e+00 0.000000000000000000e+00 0.000000000000000000e+00 0.000000000000000000e+00
0.000000000000000000e+00 0.000000000000000000e+00 0.000000000000000000e+00 0.000000000000000000e+00
0.000000000000000000e+00 0.000000000000000000e+00 0.000000000000000000e+00 0.000000000000000000e+00
-5.943681142261291184e-01 -5.948676400919655771e-01 -5.936337597005588718e-01 -5.942873339732840376e-01
-5.788923389884345072e-01 -5.791522790144504329e-01 -5.784670656223583896e-01 -5.785901738969148056e-01
-5.376655583627756307e-01 -5.370202437883339064e-01 -5.376541876972483758e-01 -5.372128953880064284e-01
-5.073188506473043091e-01 -5.078864025777248825e-01 -5.075877374523464214e-01 -5.078512866698289274e-01
-4.811139114854530718e-01 -4.817941160046655957e-01 -4.809913632452300081e-01 -4.810669377391458834e-01
0.000000000000000000e+00 0.000000000000000000e+00 0.000000000000000000e+00 0.000000000000000000e+00
-2.634717149685992243e-01 -2.634687577778873080e-01 -2.634797194275648735e-01 -2.637357812666158985e-01
-2.521404363596903564e-01 -2.517885409503604621e-01 -2.516098965922130559e-01 -2.517786211206742841e-01
0.000000000000000000e+00 0.000000000000000000e+00 0.000000000000000000e+00 0.000000000000000000e+00
0.000000000000000000e+00 0.000000000000000000e+00 0.000000000000000000e+00 0.000000000000000000e+00
-5.757676364498913735e-01 -5.768240973721446840e-01 -5.757776844269301142e-01 -5.759977908697360149e-01
-5.568738934997282675e-01 -5.567246048044429685e-01 -5.573232465400044244e-01 -5.570783540305288550e-01
-5.180905161615948495e-01 -5.177244986265924220e-01 -5.176566515964792226e-01 -5.179744102774433978e-01
-4.634239920543125058e-01 -4.645866451870136471e-01 -4.639684983218138603e-01 -4.636642937603057124e-01
-4.266405040584392849e-01 -4.263629263839043282e-01 -4.264512053676101644e-01 -4.265038073026692911e-01
-3.535837594915394733e-01 -3.536057889633504869e-01 -3.546796190913554248e-01 -3.532473747709292677e-01
-2.745641502082287189e-01 -2.748880652947260361e-01 -2.745856727526399532e-01 -2.747350657852299372e-01
-2.394323205679626809e-01 -2.392728298871271975e-01 -2.401954322295075106e-01 -2.394557942410112106e-01
-2.208064340305988804e-01 -2.205321052826636208e-01 -2.216829332058384838e-01 -2.205445732911232026e-01
-2.158911837506943543e-01 -2.156516390132820482e-01 -2.159989490980235294e-01 -2.156493387053095012e-01
0.000000000000000000e+00 0.000000000000000000e+00 0.000000000000000000e+00 0.000000000000000000e+00
0.000000000000000000e+00 0.000000000000000000e+00 0.000000000000000000e+00 0.000000000000000000e+00
0.000000000000000000e+00 0.000000000000000000e+00 0.000000000000000000e+00 0.000000000000000000e+00
-3.987723473862352930e-01 -4.013508366723967380e-01 -3.988430077245416205e-01 -3.988309378688388307e-01
0.000000000000000000e+00 0.000000000000000000e+00 0.000000000000000000e+00 0.000000000000000000e+00
0.000000000000000000e+00 0.000000000000000000e+00 0.000000000000000000e+00 0.000000000000000000e+00
-1.925335862930450948e-01 -1.940691609369191994e-01 -1.931121706799377447e-01 -1.925488553617138721e-01
-2.021551770690475092e-01 -2.032039427847269208e-01 -2.024525399021085137e-01 -2.024335524339921644e-01
-2.051159306250794068e-01 -2.057509923117562811e-01 -2.051790995373261595e-01 -2.058833062058390839e-01
-2.107556639457905390e-01 -2.110087818590340447e-01 -2.110676251702758022e-01 -2.107579927082865456e-01
-2.976504832856465277e-01 -2.974904058723110145e-01 -2.974770687050982687e-01 -2.968746994327099431e-01
-2.991351984916902351e-01 -2.984553537466406725e-01 -2.985541701507788415e-01 -2.991569535775267519e-01
-3.064075332594862200e-01 -3.062099468458907570e-01 -3.057952723346435975e-01 -3.069824374930806288e-01
-3.301411877855152111e-01 -3.298928571401543164e-01 -3.302075375915126121e-01 -3.304241488605986210e-01
0.000000000000000000e+00 0.000000000000000000e+00 0.000000000000000000e+00 0.000000000000000000e+00
0.000000000000000000e+00 0.000000000000000000e+00 0.000000000000000000e+00 0.000000000000000000e+00
-9.946259563362440381e-02 -1.007662537173216466e-01 -1.004953609760724925e-01 -1.008466706301863053e-01
-1.646302805865131613e-01 -1.644878229358655852e-01 -1.647197291024723453e-01 -1.651978422200106322e-01
-1.863551825555972430e-01 -1.861467159604336952e-01 -1.864704015271078097e-01 -1.862288483270605199e-01
0.000000000000000000e+00 0.000000000000000000e+00 0.000000000000000000e+00 0.000000000000000000e+00
-2.955871216934666257e-01 -2.957908080688746444e-01 -2.955376658411850710e-01 -2.959185486461721748e-01
-2.935960268694177144e-01 -2.940025453580523140e-01 -2.937842654858707214e-01 -2.944915028028361470e-01
-2.877686058911459455e-01 -2.873984216252093438e-01 -2.871479327318282038e-01 -2.876100443368789783e-01
-2.604693813739029085e-01 -2.606877070570591814e-01 -2.603752952915281971e-01 -2.605371831659967774e-01
-1.843118090654543295e-01 -1.842894717660903681e-01 -1.852492889883347871e-01 -1.841330319967607876e-01
-9.849729460154053873e-02 -9.751634399262519570e-02 -9.892128788978189757e-02 -9.728959081415289312e-02
0.000000000000000000e+00 0.000000000000000000e+00 0.000000000000000000e+00 0.000000000000000000e+00
0.000000000000000000e+00 0.000000000000000000e+00 0.000000000000000000e+00 0.000000000000000000e+00
-1.862520115591113357e-01 -1.869158950532930907e-01 -1.862524866380682598e-01 -1.859596328183679981e-01
-1.852715752975404861e-01 -1.852715752975404861e-01 -1.862484611287138214e-01 -1.862433893673982599e-01
-2.955400986630085658e-01 -2.960561155817070245e-01 -2.955461669124221924e-01 -2.955565858012810243e-01
0.000000000000000000e+00 0.000000000000000000e+00 0.000000000000000000e+00 0.000000000000000000e+00
0.000000000000000000e+00 0.000000000000000000e+00 0.000000000000000000e+00 0.000000000000000000e+00
-2.224986284952348847e-01 -2.220932557575382993e-01 -2.224934996008562094e-01 -2.222435416028804012e-01
-1.783985164516465050e-01 -1.783579354018745566e-01 -1.782527639219417259e-01 -1.786772341048635804e-01
-1.232404918812194244e-01 -1.235957423318039539e-01 -1.240597894017894803e-01 -1.235128180372427054e-01
-7.075207057966553803e-02 -7.036134126007918821e-02 -7.145895361364806853e-02 -7.073494916730643789e-02
-7.074231924279850148e-02 -7.075207057966553803e-02 -7.075696840951015143e-02 -7.074231533166723540e-02
0.000000000000000000e+00 0.000000000000000000e+00 0.000000000000000000e+00 0.000000000000000000e+00
0.000000000000000000e+00 0.000000000000000000e+00 0.000000000000000000e+00 0.000000000000000000e+00
