1.204451407707189281e+00 -6.616436408275921943e-02 -6.193303922286794855e-02 -2.095275901063232624e-02
3.096600305989216095e-01 -6.656410310401861263e-02 1.029731281005901167e+00 4.225746753537582695e-02
2.319105624542421862e-01 -6.013962869382254856e-02 1.071653215550004035e+00 1.199941974665491989e-01
1.913734769301246585e-01 -3.880504150230264931e-02 9.891986284667028118e-01 3.703958300902567835e-01
-7.016893106753828435e-02 -6.968930802319760198e-02 9.695000484765201598e-01 -6.949052364599056508e-02
1.149587767998228260e+00 -4.629722173500066401e-02 -6.394586498509800820e-02 2.747514986637702994e-01
2.745305493836219172e-04 1.302913912564928056e-01 1.963183213468613075e-01 1.429546818436681965e+00
4.192438659711790472e-02 2.940274171085787147e-01 2.971975017074253433e-02 1.233876338096328240e+00
9.464807611023007272e-02 5.508440701213190849e-01 3.439284968101585793e-02 1.204112365750588998e+00
8.652323593252001510e-01 1.138453941039141881e+00 4.166333378880168747e-01 -4.508491718124111453e-02
1.253351375156495751e+00 -4.071696842909629938e-02 -6.375804981359402268e-02 3.351092206771498772e-01
9.606389446110928654e-02 1.191298026770599261e+00 1.747544486575390854e-01 -1.559358243380285294e-02
1.885326991395779028e-01 3.759257143898822595e-01 1.225433391695820440e+00 -6.041208002533550447e-02
1.196659586461246982e-01 4.508218140006405861e-01 1.204348872580076835e+00 1.111209061383348073e+00
1.166552596197635398e-02 3.223070308619488955e-01 1.591630036927606240e-01 -5.932564272797379024e-02
1.103281794421003381e+00 -5.596476247396570125e-02 -6.242126467970666309e-02 3.301994418164418965e-01
-4.148051892166779164e-02 3.770088633095594610e-01 5.035597554027971233e-03 1.100575103233752072e+00
1.044325571420930965e+00 4.634341858738295628e-01 -1.671556890831050676e-02 2.924337940846015171e-01
-2.831644217855027335e-03 1.146302896322995979e+00 -1.415503794570892402e-03 5.552722720099722425e-02
5.143776439536438400e-02 9.127646893740529732e-01 1.013425211460599717e+00 -6.545104087655310987e-02
-6.579513896203013912e-02 -4.465987389244250455e-02 -6.424371329286791832e-02 1.301132598977098764e+00
-6.322078428558990104e-02 8.883446518978729278e-01 -2.732542617862958670e-02 3.367613415064549254e-01
-6.420429863154229755e-02 6.952644236471648698e-02 -1.810356225523522197e-02 1.219439015354437661e+00
-6.259521133323672770e-02 4.496011873805223491e-01 -4.948869588741448139e-02 1.020937111347270942e+00
-6.177923732751013086e-02 1.176566413811031664e+00 -1.739953325425281500e-02 -6.166659493955351651e-02
