1.072406225345056807e+00 -7.982726503957246478e-02 -7.920043739063131749e-02 -5.145099628958230836e-02
3.138697696857857822e-01 -7.935958056448436104e-02 1.296159269785112311e+00 1.282953343732363971e-01
2.538085145312117819e-01 -7.445471927195891626e-02 1.487904018778282600e+00 -6.224985208598071695e-02
2.557673680031476438e-01 -8.277269761185042374e-02 1.218410926100979452e+00 8.086484839702109961e-02
1.380625400497837163e-01 -8.397379851283966190e-02 1.259903790246318600e+00 1.686181344727642473e-01
1.389339537323991625e+00 -8.072641490002652187e-02 2.666441794466880011e-01 1.770163895191173217e-02
-5.909181766790962131e-02 -7.633449761571904635e-02 1.285701343729907631e+00 -7.576420249926789363e-02
4.731374264668461449e-01 5.336084367180619209e-02 -8.289412979358849742e-02 1.170225195255647721e+00
1.318501680108420615e+00 1.696906075659721791e-01 1.815140847743487162e-01 8.654233647149149611e-02
1.009807779852343879e-01 2.413951383277621876e-01 2.243687447954466896e-01 1.124540495214451985e+00
1.303700917238758417e-01 1.440410794626639512e-01 1.166562914433239978e-01 1.243538822932551913e+00
2.643596168959902459e-01 1.468738408055056732e+00 2.354942257100709202e-01 2.331118122101443202e-01
1.317886621091519661e+00 1.759215211688573421e-01 2.678470188763525384e-01 1.202182111028910344e-01
-5.512908611027522027e-02 1.367247520039245101e+00 4.313948544419367037e-01 -7.892656437776252032e-02
4.017003354494775302e-01 9.437002848233914942e-02 -8.205230166642883682e-02 6.005986377234313611e-01
1.417849056061782020e+00 2.219670299950089742e-01 7.157860588732477547e-01 1.228282800645871808e-01
1.030686758156098976e-01 1.526514349649829683e+00 1.359099591859570522e-01 1.886449782721005830e-01
1.422233773107921539e+00 1.896278117655614825e-01 2.559968169286127027e-01 -2.795828944353344423e-03
2.209822125920101188e-01 2.518304245495530114e-01 1.072134625834924027e+00 2.067002136596828021e-01
1.481974324910996510e-01 4.085424302359557114e-01 1.397464142817241184e+00 3.342769211555706166e-01
1.244698308504829376e-01 1.158034739618187814e+00 3.235451862021276326e-01 -8.384561443487997812e-02
2.972057178998867566e-01 1.182358733573912885e-01 -8.283061955051090886e-02 1.763339366077599779e-01
1.341735786446811352e+00 1.570835757016786904e-01 4.943640664980593624e-01 1.314046813742724140e-01
1.074822040834450820e-01 1.273746992973277203e+00 1.371310896359763387e-01 1.946048218716970590e-01
2.612736998368180852e-01 1.057888731408202498e-01 1.464004093775816140e-01 1.102977165151147299e+00
1.361439156068542822e+00 3.215742523762740723e-02 6.350099173644900563e-02 9.032505304011122227e-02
6.440501266009653059e-02 3.886277805766621962e-01 2.847661126012414612e-01 1.254512106127655624e+00
5.197631635747484297e-02 1.258632059825921079e+00 2.854552595851302943e-01 -8.120442971376584662e-02
1.047068231366358182e+00 4.310977433398922587e-01 -8.262606893824156473e-02 1.719533704829585286e-01
2.597951711020641263e-01 1.363171884697552128e-01 1.242463158944190349e+00 2.584774269203529151e-01
2.331993604359202110e-01 1.385407652773906984e+00 3.144969111031628572e-01 2.015937785372357849e-01
1.642339129563536448e-01 1.636818762690855633e-01 1.540902811381617665e+00 1.323695911838455308e-01
1.926310580164799779e-01 1.027519882535633949e-01 1.396730267098573064e+00 2.207454846068893084e-01
4.276259462719176480e-02 1.272034298376621519e+00 1.037362170408336060e-01 4.277385571099946715e-02
-3.947916618408668643e-02 3.435353624935132411e-01 1.388336720566537119e+00 -7.858042660851398409e-02
-7.878769446026141765e-02 -7.820180717191502207e-02 -8.032770293968022335e-02 1.283747678345651400e+00
-8.267149834509254780e-02 1.515685428976593085e-01 1.195121687350185619e-01 1.197409040897573274e+00
-7.834547261061865220e-02 2.091240242681705053e-01 6.183492076756651190e-02 1.341977660159297425e+00
-8.417380284053493922e-02 2.172712799269939377e-01 8.028175786345283227e-02 1.316088772321385880e+00
-8.226708045385133783e-02 1.507161037566102368e-01 1.130992643208985071e-01 1.274814921288870417e+00
-8.281599886771495722e-02 1.844429643751580861e-01 6.570269347033201590e-02 1.088188109333539266e+00
-7.734358884875180973e-02 1.246015069969711897e+00 -6.121768875748524047e-02 -7.688498698462599423e-02
