-3.397749495146291238e-02 -7.343557498842676057e-02 -7.408463621643419927e-02 5.731038967526729255e-01
3.867913104061704299e-01 -7.363838412483257601e-02 -5.402306733459606020e-02 5.158174583906565136e-01
4.964828603100632232e-01 -7.468841480166470148e-02 -1.605125328220364384e-02 4.963422974511021435e-01
-3.087279278777689887e-02 -7.589792206798114116e-02 3.416942089044147646e-01 4.934479352119162665e-01
3.661570086540776869e-01 -7.705026198584745412e-02 -4.449341848583522607e-02 5.021574377790702925e-01
5.536180531091070556e-01 -8.257717790596397212e-02 -8.207983606425314771e-02 6.288851693918303676e-01
6.463593720749396532e-01 -8.081660802662980758e-02 -5.916283423515707185e-02 -8.150458147103378792e-02
-7.457363784126778972e-02 3.706908014559884279e-01 -7.611935592176459486e-02 3.926943345347764791e-01
6.000119148900505683e-01 1.947611522537420412e-02 3.702938875623576487e-02 6.314942366547443564e-02
4.539372923232974921e-01 1.457785215975331179e-02 4.306264771373138900e-01 4.307899436028284068e-01
-3.896543628577524288e-02 4.472567585515412336e-01 4.274432549383558322e-01 3.515525281439046967e-01
4.194463048981696418e-01 3.750305375145449732e-02 1.009720218769739192e-01 -5.112778357793505007e-03
3.862295826760848150e-01 -6.296456406553904706e-02 5.470788326524822498e-01 2.410546943463429959e-01
4.606917617598864645e-01 -5.273535361566076413e-02 6.435470795994457927e-01 -7.589420088194705205e-02
-4.240583425955549157e-02 4.373831636630575725e-01 -7.658416354491129341e-02 4.377618081560776808e-01
4.451263765363698832e-01 8.386525344041923999e-03 1.434383166387955683e-02 4.049646309334827832e-01
2.304493324466869164e-01 2.303202159161814866e-01 2.303245811326223857e-01 2.376593338241282105e-01
3.933811049710448926e-01 5.708227511315147051e-01 3.532900474558170467e-01 3.744619701631279884e-01
3.555974400736252039e-01 -7.477485849046959510e-02 2.760018718930424275e-01 3.557873341191304939e-01
2.753008791250759479e-01 1.897075734412144443e-01 2.734716722264902977e-02 3.188844416735762688e-01
2.616626491517748399e-01 2.337840930028869946e-01 1.947395493194881491e-02 -7.190736928416588403e-02
-1.520167349431828831e-02 3.023905586131980794e-01 -7.871732933299778467e-02 3.219200008486083342e-01
2.569413002931166812e-01 6.240707838644247302e-02 5.925421686913366626e-02 2.566882815962240327e-01
2.624689314116898653e-01 2.805058424123728633e-01 1.432602788879264177e-02 2.858939202158995441e-01
1.154333415418496434e-01 1.670576353237283873e-01 6.144278780079539398e-02 2.156656682948328296e-01
2.392047078130707660e-01 9.427838360547326213e-02 2.324071368280456462e-01 2.323362913752334002e-01
1.701910240797404328e-01 1.885360115397988201e-01 9.821599458224672397e-02 1.703617814201276170e-01
4.022140090174859961e-01 1.013341513742827965e-01 3.109847856024137713e-01 -8.323232513091875784e-02
1.095223134543540366e-01 3.139982827435773838e-01 -8.108294178633176919e-02 1.481009203994478329e-01
1.682747942812511110e-01 1.681232793399304870e-01 1.681540711509496300e-01 3.376328697322663469e-02
4.200204747548126338e-01 3.607350023865626421e-01 4.199445106236697201e-01 3.409513691751041992e-02
2.519977884963597314e-01 2.518229470748182819e-01 3.633807576770872183e-01 2.510599777042435976e-01
2.162873059380561735e-01 2.163610957321869810e-01 2.164375661559367059e-01 2.165145717378425261e-01
2.118246952576596231e-01 2.120913099558998094e-01 2.401380124071043343e-01 6.870763037695774844e-02
4.649645680387720637e-01 2.058009082293869862e-02 4.140310756402817982e-01 -8.071349049128757891e-02
-8.009234035390169759e-02 4.745727645897716562e-01 -7.822952807980620982e-02 -3.388560220575891069e-02
-8.190453705443818955e-02 3.264655591468874629e-01 4.187473608692660609e-01 3.596102130333527769e-01
-7.053287894579533812e-02 1.958282234882516015e-01 2.597171771237362647e-01 2.378273850516435528e-01
-7.245686148977854846e-02 2.203073087498107485e-01 2.352710267025563962e-01 3.939373303035288709e-02
-7.599468269183493052e-02 3.657381975653342665e-01 3.927607273136546340e-01 1.114859238679533349e-01
-7.701973703592632226e-02 3.312733977534446650e-01 2.887087544130023109e-01 2.892125816968700858e-01
-7.890961603194338037e-02 -7.964373941821156766e-02 3.093928475352727969e-01 -7.896869696499733693e-02
