-3.621897143276218571e+02 -3.620363374339043503e+02 -3.621694858860337263e+02 -3.615940513111635255e+02
-3.357535542087920817e+02 -3.612993498434021262e+02 -3.614419908032444368e+02 -3.612699539497822343e+02
-3.604991480888386377e+02 -3.602959017354579032e+02 -3.599136906837808283e+02 -3.605778560931626089e+02
0.000000000000000000e+00 0.000000000000000000e+00 0.000000000000000000e+00 0.000000000000000000e+00
0.000000000000000000e+00 0.000000000000000000e+00 0.000000000000000000e+00 0.000000000000000000e+00
0.000000000000000000e+00 0.000000000000000000e+00 0.000000000000000000e+00 0.000000000000000000e+00
0.000000000000000000e+00 0.000000000000000000e+00 0.000000000000000000e+00 0.000000000000000000e+00
0.000000000000000000e+00 0.000000000000000000e+00 0.000000000000000000e+00 0.000000000000000000e+00
0.000000000000000000e+00 0.000000000000000000e+00 0.000000000000000000e+00 0.000000000000000000e+00
-2.428768460669659532e+02 -2.421991618019596899e+02 -2.427972713611817710e+02 -2.427203343341492996e+02
0.000000000000000000e+00 0.000000000000000000e+00 0.000000000000000000e+00 0.000000000000000000e+00
0.000000000000000000e+00 0.000000000000000000e+00 0.000000000000000000e+00 0.000000000000000000e+00
0.000000000000000000e+00 0.000000000000000000e+00 0.000000000000000000e+00 0.000000000000000000e+00
-2.465264463905306513e+02 -2.458638786279255442e+02 -2.461273243721427946e+02 -2.463412691608215823e+02
0.000000000000000000e+00 0.000000000000000000e+00 0.000000000000000000e+00 0.000000000000000000e+00
-2.535356448981322899e+02 -2.528260769015647327e+02 -2.533010380363032255e+02 -2.501558362559821376e+02
-2.491046945743962624e+02 -2.493126078147490432e+02 -2.539922057011216339e+02 -2.514253259362540405e+02
-2.516459490097291223e+02 -2.506593197186421662e+02 -2.552209548429683252e+02 -2.521004761211643768e+02
0.000000000000000000e+00 0.000000000000000000e+00 0.000000000000000000e+00 0.000000000000000000e+00
0.000000000000000000e+00 0.000000000000000000e+00 0.000000000000000000e+00 0.000000000000000000e+00
-3.617140712089861267e+02 -3.620400316777866010e+02 -3.617108332678591296e+02 -3.122600150414714903e+02
-3.323676431350784242e+02 -3.603085297787745844e+02 -3.581120005355749640e+02 -7.647647653733856998e+01
-7.712411087278455568e+01 -3.581014391086507089e+02 -2.628425532805483158e+02 -3.152239741061343921e+02
0.000000000000000000e+00 0.000000000000000000e+00 0.000000000000000000e+00 0.000000000000000000e+00
0.000000000000000000e+00 0.000000000000000000e+00 0.000000000000000000e+00 0.000000000000000000e+00
-2.888784017075050201e+02 -2.884374124492226201e+02 -2.873696436340906644e+02 -2.890319475887866361e+02
-2.885231696107129551e+02 -2.881568275459201800e+02 -2.880296662407795907e+02 -2.876598674955797037e+02
0.000000000000000000e+00 0.000000000000000000e+00 0.000000000000000000e+00 0.000000000000000000e+00
-2.425244634797420247e+02 -2.431801269129961725e+02 -2.432670725393027737e+02 -2.432181944318655837e+02
-2.417147530907578812e+02 -2.424121215416914197e+02 -2.422261013538728207e+02 -2.424450623603295867e+02
-2.413674155643431902e+02 -2.406422471604315945e+02 -2.411902307532965324e+02 -2.402981681266391547e+02
-2.431591804190984476e+02 -2.434168057862111141e+02 -2.440437080925083819e+02 -2.438306757970638046e+02
-2.459251502087373638e+02 -2.451043170505227522e+02 -2.458191563836894318e+02 -2.454709651907577381e+02
-2.450089438656282539e+02 -2.451157500854464502e+02 -2.462814293356142343e+02 -2.456531628240371390e+02
0.000000000000000000e+00 0.000000000000000000e+00 0.000000000000000000e+00 0.000000000000000000e+00
-2.515791534204115010e+02 -2.501062268367402339e+02 -2.467811635196750615e+02 -2.472271883917055106e+02
0.000000000000000000e+00 0.000000000000000000e+00 0.000000000000000000e+00 0.000000000000000000e+00
-2.528539874701299937e+02 -2.549314103103533284e+02 -2.534588725383051155e+02 -2.495580039946601403e+02
-2.466351077087651333e+02 -2.474101625404725553e+02 -2.522914821799624860e+02 -2.511317596461607877e+02
0.000000000000000000e+00 0.000000000000000000e+00 0.000000000000000000e+00 0.000000000000000000e+00
0.000000000000000000e+00 0.000000000000000000e+00 0.000000000000000000e+00 0.000000000000000000e+00
0.000000000000000000e+00 0.000000000000000000e+00 0.000000000000000000e+00 0.000000000000000000e+00
-7.767089534842871501e+01 -2.967670553128151596e+02 -2.940761798822432525e+02 -3.470014229510215955e+02
-2.895686656165036084e+02 -3.509032890487479790e+02 -3.493935726359229648e+02 -3.493970518276843791e+02
0.000000000000000000e+00 0.000000000000000000e+00 0.000000000000000000e+00 0.000000000000000000e+00
0.000000000000000000e+00 0.000000000000000000e+00 0.000000000000000000e+00 0.000000000000000000e+00
-2.877910749254046436e+02 -2.871133452826950361e+02 -2.879768544596316246e+02 -2.881847676999846044e+02
0.000000000000000000e+00 0.000000000000000000e+00 0.000000000000000000e+00 0.000000000000000000e+00
-2.413036912998827006e+02 -2.419979085393470655e+02 -2.409663316819902548e+02 -2.393997991251935105e+02
-2.410983901093033808e+02 -2.412577055190911040e+02 -2.412709111359231713e+02 -2.373729917963792673e+02
-2.335844415894141548e+02 -2.380262803504642193e+02 -2.378625841763359006e+02 -2.374418929060790333e+02
0.000000000000000000e+00 0.000000000000000000e+00 0.000000000000000000e+00 0.000000000000000000e+00
0.000000000000000000e+00 0.000000000000000000e+00 0.000000000000000000e+00 0.000000000000000000e+00
-2.427566348466725401e+02 -2.439037498142257618e+02 -2.427383137306224796e+02 -2.429658013524080786e+02
0.000000000000000000e+00 0.000000000000000000e+00 0.000000000000000000e+00 0.000000000000000000e+00
-2.489502931989564161e+02 -2.476417760412679741e+02 -2.466977442527478956e+02 -2.445129569205080315e+02
-2.341267148358775216e+02 -2.403510824576627556e+02 -2.475230694661438520e+02 -2.441112933505014553e+02
0.000000000000000000e+00 0.000000000000000000e+00 0.000000000000000000e+00 0.000000000000000000e+00
-2.413317956185859998e+02 -2.482390693290898014e+02 -2.458122740772097643e+02 -2.450074346572669128e+02
-2.424417826176765516e+02 -2.410828736779041606e+02 -2.456726104222082654e+02 -2.452091259072294349e+02
0.000000000000000000e+00 0.000000000000000000e+00 0.000000000000000000e+00 0.000000000000000000e+00
-3.135456078339350370e+02 -3.133241377189842751e+02 -3.134235163252035363e+02 -2.765819622061042082e+02
-2.849755364797869674e+02 -2.958693613351841805e+02 -3.105377986117646856e+02 -7.812008386709617014e+01
-7.847169256396193759e+01 -3.441132378893588566e+02 -2.764607178460657906e+02 -3.012182867208770745e+02
-3.096698473391683137e+02 -3.081324643673616492e+02 -3.023400331361386861e+02 -2.852230304739047142e+02
-2.913765241569112732e+02 -2.908741349699796501e+02 -2.910256093219170452e+02 -2.750385263580374158e+02
-2.942221281001080229e+02 -2.788337858966443719e+02 -2.835868861253949262e+02 -2.565757344966259552e+02
-2.736611579644624044e+02 -2.738002515944724564e+02 -2.794538510390127612e+02 -2.397800681517542500e+02
-2.519859030287856854e+02 -2.356495919795780196e+02 -2.481019499673576547e+02 -2.490102522562155229e+02
0.000000000000000000e+00 0.000000000000000000e+00 0.000000000000000000e+00 0.000000000000000000e+00
-2.321284299728705491e+02 -2.313563762432873716e+02 -2.315467049738039407e+02 -2.293415011504862377e+02
-2.272514231908671150e+02 -2.283978814394775156e+02 -2.294475447303407805e+02 -2.286881765816065410e+02
-2.337357010060089237e+02 -2.340329742647986677e+02 -2.308952537312026720e+02 -2.358997880531612736e+02
-2.322289785779298086e+02 -2.389165535346180604e+02 -2.349871990071860068e+02 -2.419074130051934617e+02
-2.427515613461806083e+02 -2.429594745865335028e+02 -2.349764378268189375e+02 -2.439006687343744773e+02
-2.461817513173149621e+02 -2.446261822292034367e+02 -2.374678256577152524e+02 -2.369293325571606772e+02
0.000000000000000000e+00 0.000000000000000000e+00 0.000000000000000000e+00 0.000000000000000000e+00
0.000000000000000000e+00 0.000000000000000000e+00 0.000000000000000000e+00 0.000000000000000000e+00
-2.442512555328784742e+02 -2.431872140083287377e+02 -2.403733450368693809e+02 -2.377960062788934579e+02
-2.416534149904926778e+02 -2.422660019605458501e+02 -2.416257164347154571e+02 -2.372335872753010335e+02
-3.018458007991386012e+02 -3.018530428776118697e+02 -3.019275500431093064e+02 -3.017363425578524811e+02
0.000000000000000000e+00 0.000000000000000000e+00 0.000000000000000000e+00 0.000000000000000000e+00
-7.887426975968239162e+01 -2.795060042213915494e+02 -2.424687443294632487e+02 -2.603665158855414461e+02
-2.862239315509694961e+02 -2.484734179947197390e+02 -7.872385648499914623e+01 -3.103339224744227636e+02
-3.174690122260237217e+02 -2.965043343737330019e+02 -3.178430186199976220e+02 -3.083244409908072043e+02
0.000000000000000000e+00 0.000000000000000000e+00 0.000000000000000000e+00 0.000000000000000000e+00
-2.960401564001338670e+02 -2.871443278100305747e+02 -2.925686794845274221e+02 -2.927176340209074397e+02
0.000000000000000000e+00 0.000000000000000000e+00 0.000000000000000000e+00 0.000000000000000000e+00
-2.532240899829239140e+02 -2.445692453062577272e+02 -2.517294623184342299e+02 -2.518685559484441683e+02
0.000000000000000000e+00 0.000000000000000000e+00 0.000000000000000000e+00 0.000000000000000000e+00
-2.296292232865892515e+02 -2.281041928983775904e+02 -2.293223565918292763e+02 -2.293047725941031274e+02
-2.256619579778391653e+02 -2.276194892477785743e+02 -2.278967202945344752e+02 -2.277463522619726746e+02
0.000000000000000000e+00 0.000000000000000000e+00 0.000000000000000000e+00 0.000000000000000000e+00
-2.282938875426834784e+02 -2.367360694682311646e+02 -2.317482675143155859e+02 -2.357677872219132098e+02
0.000000000000000000e+00 0.000000000000000000e+00 0.000000000000000000e+00 0.000000000000000000e+00
-2.361949322000612597e+02 -2.376588158843362919e+02 -2.365608422400697464e+02 -2.434481722293502912e+02
-2.409200528941096309e+02 -2.309554178145021694e+02 -2.346053501006825570e+02 -2.406949096772351595e+02
0.000000000000000000e+00 0.000000000000000000e+00 0.000000000000000000e+00 0.000000000000000000e+00
-2.435726041777633952e+02 -2.422892437051664842e+02 -2.359474563987774900e+02 -2.382195322380834170e+02
0.000000000000000000e+00 0.000000000000000000e+00 0.000000000000000000e+00 0.000000000000000000e+00
-3.007764326258352980e+02 -3.008560319148281224e+02 -3.008075320766559457e+02 -2.994204677620870712e+02
-2.991047297045817572e+02 -2.992894606137454616e+02 -2.996957422128111261e+02 -2.491179459873567339e+02
-7.892214658473751854e+01 -2.377632437705891562e+02 -2.928056271952727911e+02 -2.806245011202889259e+02
-3.009590773162756250e+02 -3.029861646368429433e+02 -1.725954170613285896e+02 -3.088001138644055459e+02
-3.128998180371089575e+02 -3.083319780482028136e+02 -2.786675979860538632e+02 -3.043548933582645191e+02
-3.083434677711633185e+02 -3.091607390288928627e+02 -3.101498135562570155e+02 -2.970488775223647053e+02
-2.870978045610893332e+02 -2.915820142727802704e+02 -3.061879091591349038e+02 -2.966985938910470963e+02
0.000000000000000000e+00 0.000000000000000000e+00 0.000000000000000000e+00 0.000000000000000000e+00
-2.507145567243233302e+02 -2.491296678886729410e+02 -2.486633571329104484e+02 -2.488024507629204436e+02
0.000000000000000000e+00 0.000000000000000000e+00 0.000000000000000000e+00 0.000000000000000000e+00
-2.279776853120357316e+02 -2.271138680936662411e+02 -2.274895478419878714e+02 -2.280535620314613539e+02
-2.242740461406896770e+02 -2.241528563376284922e+02 -2.248318037121987913e+02 -2.230083505778929407e+02
-2.206567911996231715e+02 -2.237785810043593244e+02 -2.242460501843083307e+02 -2.264312572744991598e+02
-2.234614128351608997e+02 -2.308122262236063307e+02 -2.255264757161781120e+02 -2.256408289131589413e+02
0.000000000000000000e+00 0.000000000000000000e+00 0.000000000000000000e+00 0.000000000000000000e+00
0.000000000000000000e+00 0.000000000000000000e+00 0.000000000000000000e+00 0.000000000000000000e+00
-2.391627585318244087e+02 -2.301727614517422467e+02 -2.389775408960804839e+02 -2.379387907655319339e+02
-2.316551372618378082e+02 -2.396111440824429337e+02 -2.405147849543757559e+02 -2.363843366432467690e+02
-2.351229289903175470e+02 -2.390314531873351598e+02 -2.416238990627688850e+02 -2.373664651287352285e+02
0.000000000000000000e+00 0.000000000000000000e+00 0.000000000000000000e+00 0.000000000000000000e+00
-2.583543191601979174e+02 -3.000617037053583545e+02 -3.001530414388079748e+02 -3.001305718308401538e+02
0.000000000000000000e+00 0.000000000000000000e+00 0.000000000000000000e+00 0.000000000000000000e+00
-7.886776906998410652e+01 -2.536782805115611836e+02 -2.347970361840439750e+02 -2.958621279412425906e+02
-2.993531978760413494e+02 -3.016079875926571958e+02 -3.032694204223921588e+02 -2.911028873220752189e+02
-3.055107091026744683e+02 -2.910996899513753533e+02 -2.913723147980568910e+02 -2.900311814439885438e+02
0.000000000000000000e+00 0.000000000000000000e+00 0.000000000000000000e+00 0.000000000000000000e+00
-2.792068399077185745e+02 -2.913504184352996731e+02 -2.869719220126190180e+02 -2.871504001421044450e+02
0.000000000000000000e+00 0.000000000000000000e+00 0.000000000000000000e+00 0.000000000000000000e+00
-2.548932420102551646e+02 -2.469607555529876777e+02 -2.547916161276326363e+02 -2.477290216684327788e+02
-2.416482069075254913e+02 -2.500005872035305856e+02 -2.551201870994521244e+02 -2.549878063962926831e+02
0.000000000000000000e+00 0.000000000000000000e+00 0.000000000000000000e+00 0.000000000000000000e+00
-2.141476191763279360e+02 -2.176827626884652602e+02 -2.177249707565720769e+02 -2.177091890481420933e+02
-2.201740649467274125e+02 -2.212111091157115084e+02 -2.167861655600905806e+02 -2.232118495664385875e+02
-2.252200720206352855e+02 -2.263418852064971816e+02 -2.177076744531029249e+02 -2.163032271777236417e+02
-2.126679270730234919e+02 -2.125495027086124082e+02 -2.171873795970991239e+02 -2.079150364650738538e+02
0.000000000000000000e+00 0.000000000000000000e+00 0.000000000000000000e+00 0.000000000000000000e+00
-2.390116154674650488e+02 -2.295314506291330190e+02 -2.271700932417589058e+02 -2.311240102622754762e+02
-2.286382793365774546e+02 -2.301234925247922547e+02 -2.343601636769288064e+02 -2.310458019699493661e+02
0.000000000000000000e+00 0.000000000000000000e+00 0.000000000000000000e+00 0.000000000000000000e+00
0.000000000000000000e+00 0.000000000000000000e+00 0.000000000000000000e+00 0.000000000000000000e+00
-7.810509578839284472e+01 -2.954945775998785962e+02 -2.257484252259658604e+02 -3.037870533366477730e+02
-2.497971621665367650e+02 -2.614832086573539982e+02 -7.845500369275964658e+01 -2.433034352056030798e+02
-2.186317222047430562e+02 -2.971633593472483312e+02 -7.871103026885033671e+01 -2.529576759188575750e+02
0.000000000000000000e+00 0.000000000000000000e+00 0.000000000000000000e+00 0.000000000000000000e+00
-2.691039311307956723e+02 -2.839211412792975580e+02 -2.828429907532054131e+02 -2.949295625805143004e+02
-2.869590048792697417e+02 -2.695912590786254555e+02 -2.724984949395362150e+02 -2.914914010584170114e+02
-2.545557599499013861e+02 -2.807922318334989882e+02 -2.664348504095609087e+02 -2.855676397623763023e+02
-2.555838412810477962e+02 -2.557229349110578198e+02 -2.576674706040515161e+02 -2.773667012734610466e+02
-2.654260750867533716e+02 -2.457831866640300689e+02 -2.536257373605393184e+02 -2.507513219946434333e+02
-2.368437286719833139e+02 -2.500406754732917420e+02 -2.486146080855913567e+02 -2.267530334173803226e+02
-2.292261689128403361e+02 -2.293257201107428500e+02 -2.339847625664019688e+02 -2.087303893974342373e+02
-2.077882340596094366e+02 -2.144559565954982929e+02 -2.144620740006044457e+02 -2.118968117091395698e+02
0.000000000000000000e+00 0.000000000000000000e+00 0.000000000000000000e+00 0.000000000000000000e+00
0.000000000000000000e+00 0.000000000000000000e+00 0.000000000000000000e+00 0.000000000000000000e+00
-2.020131218484627880e+02 -2.126761332771629043e+02 -2.066229584146054492e+02 -2.068514146957494120e+02
0.000000000000000000e+00 0.000000000000000000e+00 0.000000000000000000e+00 0.000000000000000000e+00
-2.324105194301334620e+02 -2.274378431900605619e+02 -2.287243812869558894e+02 -2.307365992522900342e+02
-2.283132496301116703e+02 -2.259362115787023129e+02 -2.288459028751725555e+02 -2.287808500200035837e+02
-2.268271980353823380e+02 -2.258450764278883867e+02 -2.250809838736807933e+02 -2.251646006206885033e+02
-2.251291279985640301e+02 -2.237805678741663655e+02 -2.276826348209477828e+02 -2.266340138906479638e+02
-7.764290275845638689e+01 -2.460341146071629055e+02 -2.559078256101289242e+02 -2.895372377279725242e+02
0.000000000000000000e+00 0.000000000000000000e+00 0.000000000000000000e+00 0.000000000000000000e+00
0.000000000000000000e+00 0.000000000000000000e+00 0.000000000000000000e+00 0.000000000000000000e+00
0.000000000000000000e+00 0.000000000000000000e+00 0.000000000000000000e+00 0.000000000000000000e+00
0.000000000000000000e+00 0.000000000000000000e+00 0.000000000000000000e+00 0.000000000000000000e+00
0.000000000000000000e+00 0.000000000000000000e+00 0.000000000000000000e+00 0.000000000000000000e+00
-2.445213461028300230e+02 -2.599361242261811640e+02 -2.467804009553228184e+02 -2.469096238081856711e+02
0.000000000000000000e+00 0.000000000000000000e+00 0.000000000000000000e+00 0.000000000000000000e+00
-2.687273689485812156e+02 -2.349897928632368291e+02 -2.638460070850029524e+02 -2.642445101197808413e+02
0.000000000000000000e+00 0.000000000000000000e+00 0.000000000000000000e+00 0.000000000000000000e+00
0.000000000000000000e+00 0.000000000000000000e+00 0.000000000000000000e+00 0.000000000000000000e+00
-2.007555804839683731e+02 -2.109555387813284995e+02 -2.099395686613065095e+02 -2.100887715141693661e+02
0.000000000000000000e+00 0.000000000000000000e+00 0.000000000000000000e+00 0.000000000000000000e+00
-1.879051456190635747e+02 -1.863866740172049958e+02 -1.865999873482648184e+02 -1.890554875375833035e+02
-1.926832026029991880e+02 -1.979036237942945036e+02 -1.943186451743852672e+02 -1.920608493263774790e+02
0.000000000000000000e+00 0.000000000000000000e+00 0.000000000000000000e+00 0.000000000000000000e+00
-2.281683572110725891e+02 -2.262661138008290322e+02 -2.227926985553144448e+02 -2.234690252619670900e+02
0.000000000000000000e+00 0.000000000000000000e+00 0.000000000000000000e+00 0.000000000000000000e+00
-2.223311575051252760e+02 -2.225314788588816555e+02 -2.211011462840183697e+02 -2.212796244135039103e+02
0.000000000000000000e+00 0.000000000000000000e+00 0.000000000000000000e+00 0.000000000000000000e+00
-2.651220438155171450e+02 -2.581473518590867116e+02 -2.239568812730962861e+02 -7.707508244920782658e+01
-7.640250785885751839e+01 -2.534555144574160011e+02 -2.299184676520803805e+02 -2.708353471671533157e+02
0.000000000000000000e+00 0.000000000000000000e+00 0.000000000000000000e+00 0.000000000000000000e+00
-2.257217262294046236e+02 -2.176794601312500959e+02 -2.259404206195204665e+02 -2.261510681146850175e+02
-2.121076689228271448e+02 -2.254730418392888112e+02 -2.248439788490013882e+02 -2.262778302050234061e+02
-2.231405403820872664e+02 -2.252249952641151367e+02 -2.228019758602651450e+02 -2.274607195319266566e+02
-2.253723504030010929e+02 -2.465642677124247086e+02 -2.237931240334066558e+02 -2.282783591297426540e+02
0.000000000000000000e+00 0.000000000000000000e+00 0.000000000000000000e+00 0.000000000000000000e+00
-2.647609152989181212e+02 -2.332392344639920623e+02 -2.245754964096091157e+02 -2.273349480563142890e+02
0.000000000000000000e+00 0.000000000000000000e+00 0.000000000000000000e+00 0.000000000000000000e+00
-2.002116621981051026e+02 -1.992295828543049652e+02 -2.004105754915142938e+02 -2.005708398545325224e+02
-1.918408221443862089e+02 -2.049853043825684153e+02 -2.000367110704906679e+02 -2.006394587949235131e+02
0.000000000000000000e+00 0.000000000000000000e+00 0.000000000000000000e+00 0.000000000000000000e+00
-1.768843778506864055e+02 -1.781810713686624865e+02 -1.757376990386916304e+02 -1.758669218915544548e+02
0.000000000000000000e+00 0.000000000000000000e+00 0.000000000000000000e+00 0.000000000000000000e+00
0.000000000000000000e+00 0.000000000000000000e+00 0.000000000000000000e+00 0.000000000000000000e+00
-2.227258183152611082e+02 -2.203089561932422384e+02 -2.183772335934008879e+02 -2.190038880933337850e+02
0.000000000000000000e+00 0.000000000000000000e+00 0.000000000000000000e+00 0.000000000000000000e+00
-2.169283158786071510e+02 -2.169261165269738854e+02 -2.148357895425003221e+02 -2.150044363187620320e+02
0.000000000000000000e+00 0.000000000000000000e+00 0.000000000000000000e+00 0.000000000000000000e+00
0.000000000000000000e+00 0.000000000000000000e+00 0.000000000000000000e+00 0.000000000000000000e+00
-7.562167915532214124e+01 -2.253860675963909159e+02 -2.506110362520130934e+02 -2.708027906991421787e+02
0.000000000000000000e+00 0.000000000000000000e+00 0.000000000000000000e+00 0.000000000000000000e+00
0.000000000000000000e+00 0.000000000000000000e+00 0.000000000000000000e+00 0.000000000000000000e+00
0.000000000000000000e+00 0.000000000000000000e+00 0.000000000000000000e+00 0.000000000000000000e+00
-2.232229220191774743e+02 -2.249487246857987941e+02 -2.245584041088955587e+02 -2.213957668131131413e+02
-2.359257597571372855e+02 -2.209781329500313518e+02 -2.216930930460733862e+02 -2.214679298032824875e+02
-2.483305120877235481e+02 -2.330356428317921598e+02 -2.341563806555272436e+02 -2.198054385398402815e+02
-2.591572258838941138e+02 -2.330999462663512816e+02 -2.490644122385372157e+02 -2.303119387931413939e+02
0.000000000000000000e+00 0.000000000000000000e+00 0.000000000000000000e+00 0.000000000000000000e+00
0.000000000000000000e+00 0.000000000000000000e+00 0.000000000000000000e+00 0.000000000000000000e+00
-1.886062964818023602e+02 -1.927674390341534831e+02 -1.900438685786752444e+02 -1.818189613032692762e+02
-1.784675474041391681e+02 -1.785769990508437957e+02 -1.829278324599523557e+02 -1.728821313575265606e+02
-1.676435495372800801e+02 -1.673093487639318369e+02 -1.731036612177709628e+02 -1.645230531136751608e+02
-1.593155202513365225e+02 -1.614620509884938997e+02 -1.623248088178359012e+02 -1.614251160692610370e+02
0.000000000000000000e+00 0.000000000000000000e+00 0.000000000000000000e+00 0.000000000000000000e+00
-2.172809383995890755e+02 -2.142081206438373613e+02 -2.168822562967131091e+02 -2.181926217902538383e+02
-2.122581929246677817e+02 -2.128833110741191206e+02 -2.104952934736059547e+02 -2.082452704082362516e+02
-2.116371838159048195e+02 -2.102442585855896482e+02 -2.122688295446078541e+02 -2.115673539141229753e+02
-2.067378906179521891e+02 -2.060657336747969168e+02 -2.090334583261289083e+02 -2.045372661318706093e+02
-2.895970517969600451e+02 -2.879224288410753161e+02 -2.879076163611111951e+02 -2.307504121715395513e+02
-7.472845500970232990e+01 -2.857513825247456225e+02 -2.801573967057324808e+02 -2.982365543712113549e+02
-2.834240938261926885e+02 -2.995142292340174777e+02 -2.999575391345068738e+02 -2.986213328937493543e+02
0.000000000000000000e+00 0.000000000000000000e+00 0.000000000000000000e+00 0.000000000000000000e+00
-2.212103108333851367e+02 -2.213197624800896790e+02 -2.214292141267943350e+02 -2.215863415166381571e+02
-2.247469986689413872e+02 -2.248035109216268665e+02 -2.211416918929941176e+02 -2.216419621882706110e+02
-2.481394044562946988e+02 -2.199402711060799902e+02 -2.224954308871549244e+02 -2.378003392111777714e+02
-2.314596580383830826e+02 -2.349006070197118845e+02 -2.494936624261225973e+02 -2.359855990919095348e+02
-2.569602425447961878e+02 -2.574187571251646887e+02 -2.317672007571556207e+02 -2.510121973814005685e+02
0.000000000000000000e+00 0.000000000000000000e+00 0.000000000000000000e+00 0.000000000000000000e+00
0.000000000000000000e+00 0.000000000000000000e+00 0.000000000000000000e+00 0.000000000000000000e+00
-1.792856812665240795e+02 -1.893076525456718571e+02 -1.842234205228006942e+02 -1.843130613615419122e+02
0.000000000000000000e+00 0.000000000000000000e+00 0.000000000000000000e+00 0.000000000000000000e+00
-1.585757188424744868e+02 -1.579824778290576432e+02 -1.577768605388141623e+02 -1.572428069710869352e+02
-1.524196613858862293e+02 -1.578201820122293668e+02 -1.571347346669921592e+02 -1.575414361002867736e+02
0.000000000000000000e+00 0.000000000000000000e+00 0.000000000000000000e+00 0.000000000000000000e+00
0.000000000000000000e+00 0.000000000000000000e+00 0.000000000000000000e+00 0.000000000000000000e+00
-2.033860218582625805e+02 -2.019816737276470349e+02 -2.046906251529413225e+02 -1.997792099447296721e+02
0.000000000000000000e+00 0.000000000000000000e+00 0.000000000000000000e+00 0.000000000000000000e+00
-2.047442275825668503e+02 -2.015016861478531212e+02 -2.002662704982839159e+02 -2.004349172745456826e+02
-2.790747907603362137e+02 -2.882792171601449809e+02 -2.912496782814022254e+02 -2.914664032297806102e+02
-2.542740969596606533e+02 -2.517179786949587310e+02 -2.840561109781214100e+02 -7.371946800204521821e+01
-7.259295407388623289e+01 -2.824544934684810755e+02 -2.287235837222284829e+02 -2.763433955517890581e+02
-2.858839678786488321e+02 -2.855637607246086986e+02 -2.633695612345431414e+02 -2.852668851294369574e+02
0.000000000000000000e+00 0.000000000000000000e+00 0.000000000000000000e+00 0.000000000000000000e+00
0.000000000000000000e+00 0.000000000000000000e+00 0.000000000000000000e+00 0.000000000000000000e+00
-2.414023817080411050e+02 -2.227765366523123021e+02 -2.142330602914738051e+02 -2.143326114893763474e+02
0.000000000000000000e+00 0.000000000000000000e+00 0.000000000000000000e+00 0.000000000000000000e+00
-2.508414973832388455e+02 -2.444323910185837860e+02 -2.382208714800585483e+02 -2.450977484596361649e+02
-2.066721660777494662e+02 -2.405459559701700982e+02 -2.450919939950438788e+02 -2.371827106295395993e+02
0.000000000000000000e+00 0.000000000000000000e+00 0.000000000000000000e+00 0.000000000000000000e+00
-1.810267165436494565e+02 -1.820718767214165723e+02 -1.744264704876944165e+02 -1.745061910469949567e+02
0.000000000000000000e+00 0.000000000000000000e+00 0.000000000000000000e+00 0.000000000000000000e+00
-1.515292881763139405e+02 -1.507451994763272580e+02 -1.502983390401983286e+02 -1.514385730426946566e+02
-1.407632471125866402e+02 -1.497001730103829402e+02 -1.484816751518401929e+02 -1.477705597405182800e+02
-1.441139329204522426e+02 -1.474907925504896014e+02 -1.503999741430484960e+02 -1.488677641635873670e+02
-1.720445664234516130e+02 -1.711012051419849627e+02 -1.702793633593703646e+02 -1.680628983810650254e+02
-1.909858799928880728e+02 -1.911553487154594677e+02 -1.905271046729077113e+02 -1.921809507386245741e+02
-1.950835427369448496e+02 -1.952226363669549301e+02 -1.981622605755050301e+02 -1.959749628554146454e+02
-1.980054061227210127e+02 -2.004222593885592403e+02 -2.012736614496569132e+02 -1.969829433287925440e+02
-2.688306864766875606e+02 -2.910810102998635216e+02 -2.720114325303221676e+02 -2.734558147940257413e+02
0.000000000000000000e+00 0.000000000000000000e+00 0.000000000000000000e+00 0.000000000000000000e+00
-7.134867671789837118e+01 -2.146800892177670619e+02 -2.203379460026354764e+02 -2.263932140393553141e+02
0.000000000000000000e+00 0.000000000000000000e+00 0.000000000000000000e+00 0.000000000000000000e+00
-1.798437785436059926e+02 -2.215115172506826298e+02 -2.215709708405831577e+02 -2.214642162671252663e+02
0.000000000000000000e+00 0.000000000000000000e+00 0.000000000000000000e+00 0.000000000000000000e+00
-2.307489554194284267e+02 -2.162585418927790215e+02 -2.142016958816840031e+02 -2.379833258812293764e+02
-2.127094409655059337e+02 -2.141613179966410314e+02 -2.147874349072247355e+02 -2.368717676639276704e+02
-2.451646132647390459e+02 -2.391785083996099672e+02 -2.101316122325821141e+02 -2.446596287138288517e+02
-2.359001362289822623e+02 -2.005707407835736831e+02 -2.080631491802297433e+02 -2.374023512283413311e+02
0.000000000000000000e+00 0.000000000000000000e+00 0.000000000000000000e+00 0.000000000000000000e+00
-1.813523573598602354e+02 -1.825292505873576658e+02 -1.751354632860495713e+02 -1.752052536356997905e+02
0.000000000000000000e+00 0.000000000000000000e+00 0.000000000000000000e+00 0.000000000000000000e+00
-1.482347452130595684e+02 -1.456634093241401615e+02 -1.434304944970462827e+02 -1.425626882508122719e+02
-1.324185362452527386e+02 -1.334883330966933954e+02 -1.366071620103486168e+02 -1.246166352926150864e+02
-1.034151892176637517e+02 -1.230389973456964441e+02 -1.251359269755202632e+02 -1.265763545123637215e+02
0.000000000000000000e+00 0.000000000000000000e+00 0.000000000000000000e+00 0.000000000000000000e+00
0.000000000000000000e+00 0.000000000000000000e+00 0.000000000000000000e+00 0.000000000000000000e+00
0.000000000000000000e+00 0.000000000000000000e+00 0.000000000000000000e+00 0.000000000000000000e+00
-2.009815658653164121e+02 -2.009217757807521707e+02 -1.990763181858400230e+02 -1.992449649621016476e+02
-2.692399431766911562e+02 -2.742485020792113914e+02 -2.729431239561040456e+02 -2.633200534581935131e+02
-2.606714298088894566e+02 -2.592388634964731864e+02 -2.702199896524945189e+02 -2.084463448582880858e+02
-2.521242232962289904e+02 -2.049750361467110906e+02 -2.504611224942600245e+02 -6.998746988355119925e+01
-2.444416313074093807e+02 -2.481681728522530648e+02 -1.967387340998543550e+02 -6.851083228439736672e+01
-2.039207803411514419e+02 -2.164001262396760978e+02 -1.936446506904020453e+02 -6.691983434641210238e+01
-6.521280569961028561e+01 -2.017587651592133398e+02 -1.890187301237557165e+02 -1.883781054947231723e+02
0.000000000000000000e+00 0.000000000000000000e+00 0.000000000000000000e+00 0.000000000000000000e+00
0.000000000000000000e+00 0.000000000000000000e+00 0.000000000000000000e+00 0.000000000000000000e+00
0.000000000000000000e+00 0.000000000000000000e+00 0.000000000000000000e+00 0.000000000000000000e+00
-2.289139184158071600e+02 -1.986774077409813231e+02 -2.158189617593762364e+02 -2.100158171836686734e+02
-2.039343571656146139e+02 -1.853513982195691767e+02 -1.906433174616175847e+02 -1.842617526691007299e+02
-1.942677755628357090e+02 -1.800682153178937313e+02 -1.818011911927115136e+02 -1.914014221137806260e+02
-1.794845522787954337e+02 -1.795444024786455657e+02 -1.788974188463717496e+02 -1.780306040811097716e+02
-1.484209901740512976e+02 -1.468528162296144046e+02 -1.601624354873399056e+02 -1.477510479687022951e+02
-1.226788860626304682e+02 -1.232650740759818291e+02 -1.328125695195429046e+02 -1.198323951010345354e+02
-6.925573805239457670e+01 -8.908730874001939526e+01 -9.542156870954717363e+01 -9.103150000000213993e+01
0.000000000000000000e+00 0.000000000000000000e+00 0.000000000000000000e+00 0.000000000000000000e+00
-1.786913519999964706e+01 -1.671622999999966197e+01 -1.106601400954708936e+01 -1.686650790660743127e+01
0.000000000000000000e+00 0.000000000000000000e+00 0.000000000000000000e+00 0.000000000000000000e+00
0.000000000000000000e+00 0.000000000000000000e+00 0.000000000000000000e+00 0.000000000000000000e+00
-2.681431383720540111e+02 -2.752119145925824455e+02 -2.700598893821475599e+02 -2.705849341156608716e+02
0.000000000000000000e+00 0.000000000000000000e+00 0.000000000000000000e+00 0.000000000000000000e+00
-2.566873836552402963e+02 -2.535473021488552661e+02 -2.556454771214611128e+02 -2.434416004390579360e+02
-2.486855201024622772e+02 -2.442368654583204091e+02 -2.531930745283642352e+02 -2.100009038014709120e+02
-2.414924946640364851e+02 -2.222490965934736380e+02 -2.468722457693199885e+02 -1.208925875369461380e+02
-1.969661364729721527e+02 -1.562466639934523585e+02 -2.175219541777183281e+02 -6.338801525394750058e+01
-1.762808046795732650e+02 -1.650891817375369612e+02 -1.911230136343300217e+02 -6.145049135822741704e+01
-5.939630863056798660e+01 -1.820564724897445501e+02 -1.965293033618515892e+02 -1.867730167638961234e+02
-2.089332940473227325e+02 -1.968813318205539815e+02 -1.441874741232990687e+02 -2.153905075062012600e+02
-1.938790285236364639e+02 -2.091922365198314253e+02 -2.138952976932141326e+02 -2.280718546149395536e+02
-2.188844968195004412e+02 -1.892102760793228526e+02 -2.051526993247521489e+02 -2.007997056496445225e+02
-1.993331086795686815e+02 -2.066002791455957777e+02 -1.972624109348547847e+02 -1.858741187544610796e+02
0.000000000000000000e+00 0.000000000000000000e+00 0.000000000000000000e+00 0.000000000000000000e+00
-1.557574447335250909e+02 -1.475800299769185813e+02 -1.554710244005196387e+02 -1.477251470338356967e+02
0.000000000000000000e+00 0.000000000000000000e+00 0.000000000000000000e+00 0.000000000000000000e+00
-7.209341000000270583e+01 -7.448296500000263620e+01 -7.259980899634710738e+01 -3.077444029081615184e+01
-2.755853492945307792e+01 -4.453355063634871769e+00 -5.660417280277271601e+01 -2.933773503027925145e+01
-3.080801582496842528e+01 -2.441735044871991533e+01 -3.010932918299954864e+01 -2.987763847198788270e+01
-3.113962293894315181e+01 -3.063002313879319161e+01 -3.227012977793364001e+01 -3.156630838114226378e+01
0.000000000000000000e+00 0.000000000000000000e+00 0.000000000000000000e+00 0.000000000000000000e+00
-2.712902902030260179e+02 -2.769909553176215695e+02 -2.567643598323749075e+02 -2.570155386635964874e+02
-2.788563931161477285e+02 -2.750275542253716594e+02 -2.621958174726973425e+02 -2.553464495739135884e+02
-2.576169794188718356e+02 -2.543140275505585350e+02 -2.582494301928122695e+02 -2.507338498165012197e+02
0.000000000000000000e+00 0.000000000000000000e+00 0.000000000000000000e+00 0.000000000000000000e+00
-2.442822554839644624e+02 -2.468507191186211287e+02 -2.461859132307100140e+02 -2.369977635922912498e+02
0.000000000000000000e+00 0.000000000000000000e+00 0.000000000000000000e+00 0.000000000000000000e+00
0.000000000000000000e+00 0.000000000000000000e+00 0.000000000000000000e+00 0.000000000000000000e+00
-5.721461583176088794e+01 -1.390117726051699378e+02 -1.538145842938719738e+02 -1.975938415858020960e+02
-1.330570210328196765e+02 -2.157663297394309723e+02 -1.936070763938981543e+02 -1.813949663381151538e+02
-1.919726868737459142e+02 -1.937450439261292559e+02 -1.693814695928849687e+02 -1.961220274478538101e+02
-2.050899000999681334e+02 -1.905412543538894283e+02 -1.858465516826602766e+02 -2.170084703645854063e+02
-1.786919031349727902e+02 -2.110465293047483897e+02 -1.809904508387758995e+02 -1.896920695612131453e+02
-1.631480211027364646e+02 -1.632178114523866554e+02 -1.693485441391713664e+02 -1.653545556685363351e+02
-1.511842985728303574e+02 -1.517574306613153681e+02 -1.420637641087797647e+02 -1.492688361812058986e+02
0.000000000000000000e+00 0.000000000000000000e+00 0.000000000000000000e+00 0.000000000000000000e+00
0.000000000000000000e+00 0.000000000000000000e+00 0.000000000000000000e+00 0.000000000000000000e+00
-4.075410101529637075e+01 -8.744903653759852347e+00 -4.312113564926925591e+01 -4.641030361399349147e+01
-3.940478194510559717e+01 -3.840356227891609819e+01 -3.944222013177883213e+01 -3.942485563971980156e+01
0.000000000000000000e+00 0.000000000000000000e+00 0.000000000000000000e+00 0.000000000000000000e+00
0.000000000000000000e+00 0.000000000000000000e+00 0.000000000000000000e+00 0.000000000000000000e+00
-2.679726457610588000e+02 -2.788354771502127960e+02 -2.775718048410211622e+02 -2.777483844691440709e+02
-2.726000835807643625e+02 -2.770034561877932902e+02 -2.791610965024462416e+02 -2.716764862139841625e+02
-2.738508979863310628e+02 -2.582587426994379030e+02 -2.721702026909173355e+02 -2.713617001142832237e+02
-2.693269486249724878e+02 -2.721736561965514625e+02 -2.751777871112263369e+02 -2.752721162283205558e+02
0.000000000000000000e+00 0.000000000000000000e+00 0.000000000000000000e+00 0.000000000000000000e+00
0.000000000000000000e+00 0.000000000000000000e+00 0.000000000000000000e+00 0.000000000000000000e+00
-1.872170203944735363e+02 -1.869133713784293320e+02 -1.871089122956180688e+02 -1.487172607172848871e+02
-1.863095239980445399e+02 -1.625783774523212060e+02 -1.821676610875036886e+02 -5.490644747142457760e+01
-1.805430801550361934e+02 -1.796529279136070159e+02 -1.668166025597718374e+02 -5.247053770197052103e+01
-4.990262917721629776e+01 -1.887142500161635610e+02 -1.270667732526786011e+02 -1.632534976179611590e+02
0.000000000000000000e+00 0.000000000000000000e+00 0.000000000000000000e+00 0.000000000000000000e+00
0.000000000000000000e+00 0.000000000000000000e+00 0.000000000000000000e+00 0.000000000000000000e+00
0.000000000000000000e+00 0.000000000000000000e+00 0.000000000000000000e+00 0.000000000000000000e+00
-1.273466684251589385e+02 -1.260220167810650196e+02 -1.208325605387827437e+02 -1.207197447308764424e+02
-1.134509199335647196e+02 -1.186423507458925570e+02 -1.188991609323876872e+02 -1.188653443692509200e+02
0.000000000000000000e+00 0.000000000000000000e+00 0.000000000000000000e+00 0.000000000000000000e+00
-5.362109904263947158e+01 -1.289990242248125618e+01 -4.832160187503729531e+01 -5.961598406307727060e+01
0.000000000000000000e+00 0.000000000000000000e+00 0.000000000000000000e+00 0.000000000000000000e+00
-9.880693797075318230e+01 -9.820279910977326665e+01 -9.827258945942347168e+01 -9.834237980907369092e+01
0.000000000000000000e+00 0.000000000000000000e+00 0.000000000000000000e+00 0.000000000000000000e+00
-2.645983237848901695e+02 -2.762536635473122715e+02 -2.731812190915815677e+02 -2.714322105863518573e+02
-2.713258492226288467e+02 -2.716125268032805025e+02 -2.740174671023864903e+02 -2.727140211606372304e+02
-2.745676322788225434e+02 -2.728987795434878763e+02 -2.748151885217320114e+02 -2.741590191620802557e+02
0.000000000000000000e+00 0.000000000000000000e+00 0.000000000000000000e+00 0.000000000000000000e+00
0.000000000000000000e+00 0.000000000000000000e+00 0.000000000000000000e+00 0.000000000000000000e+00
-1.879874355787414117e+02 -1.880704362856908460e+02 -1.880632579594508798e+02 -1.881494667641592571e+02
-1.876417675225724793e+02 -1.876048961401880604e+02 -1.875390953847203264e+02 -1.874009373537546992e+02
-1.849849365052014321e+02 -1.855711547717312442e+02 -1.852796531940419982e+02 -1.834698493143645237e+02
-1.828474281486008692e+02 -1.837606269765708191e+02 -1.823119016745034173e+02 -1.639204066803783917e+02
-1.570917242504567639e+02 -1.439799980222119018e+02 -1.793014280723328966e+02 -4.719887647103288941e+01
-1.558650197269727187e+02 -1.232413727690362180e+02 -1.372924562385055083e+02 -4.435721669376196274e+01
-1.480431228687787097e+02 -1.273358942031032512e+02 -1.346970937607021881e+02 -4.137754308168420891e+01
-1.016076242380297714e+02 -9.419963174287703112e+01 -1.449467440836482126e+02 -3.826341984451029532e+01
-3.502169306304298857e+01 -1.240208553429197593e+02 -9.688396810824875161e+01 -1.113509280309265250e+02
-1.212891243478593424e+02 -1.036803803529046490e+02 -6.440325876315947085e+01 -1.063590907840064972e+02
-8.954797620125663116e+01 -8.005458211853073180e+01 -8.867690711302152806e+01 -2.080281585403485778e+01
-8.271803624622046414e+01 -1.691813118907671054e+01 -7.103909652636309602e+01 -8.446770226347250343e+01
-8.828565904885761029e+01 -9.147222911105478715e+01 -9.278812511659944562e+01 -9.116867136021053852e+01
-9.727087282135326518e+01 -9.521666926341048054e+01 -9.283953159159945301e+01 -9.127338509624949836e+01
0.000000000000000000e+00 0.000000000000000000e+00 0.000000000000000000e+00 0.000000000000000000e+00
-2.615111632589812984e+02 -2.707143402830026844e+02 -2.277156786850940762e+02 -2.281236224502742402e+02
0.000000000000000000e+00 0.000000000000000000e+00 0.000000000000000000e+00 0.000000000000000000e+00
0.000000000000000000e+00 0.000000000000000000e+00 0.000000000000000000e+00 0.000000000000000000e+00
0.000000000000000000e+00 0.000000000000000000e+00 0.000000000000000000e+00 0.000000000000000000e+00
0.000000000000000000e+00 0.000000000000000000e+00 0.000000000000000000e+00 0.000000000000000000e+00
0.000000000000000000e+00 0.000000000000000000e+00 0.000000000000000000e+00 0.000000000000000000e+00
-1.894451112315774139e+02 -1.896488768931197910e+02 -2.110265416592755514e+02 -1.895562522094582505e+02
0.000000000000000000e+00 0.000000000000000000e+00 0.000000000000000000e+00 0.000000000000000000e+00
0.000000000000000000e+00 0.000000000000000000e+00 0.000000000000000000e+00 0.000000000000000000e+00
0.000000000000000000e+00 0.000000000000000000e+00 0.000000000000000000e+00 0.000000000000000000e+00
-1.636963259148141390e+02 -1.276785142654240133e+02 -1.635731069679464156e+02 -1.637421706079563535e+02
0.000000000000000000e+00 0.000000000000000000e+00 0.000000000000000000e+00 0.000000000000000000e+00
0.000000000000000000e+00 0.000000000000000000e+00 0.000000000000000000e+00 0.000000000000000000e+00
-1.154237417119003766e+02 -1.077531329621317724e+02 -9.104195532295501891e+01 -3.165698240904863425e+01
-1.026166807395749174e+02 -1.050182677011025305e+02 -1.035660457402621120e+02 -2.816868911298150380e+01
-7.926296927171576101e+01 -2.455238882103610010e+01 -8.127339757569654921e+01 -9.238476531317192553e+01
-9.789424672395267635e+01 -8.704502632448770783e+01 -5.699479861422393157e+01 -9.815185913154550690e+01
-8.978414833714310817e+01 -9.731170840643953568e+01 -8.616413714355834941e+01 -9.656840434926957073e+01
-9.918049139135317205e+01 -9.573082181824960912e+01 -1.007832649561994458e+02 -9.952919329010347838e+01
0.000000000000000000e+00 0.000000000000000000e+00 0.000000000000000000e+00 0.000000000000000000e+00
