-6.820138174336526617e+02 -6.832364968453554184e+02 -6.835902676600561563e+02 -6.856895971734840032e+02
-6.868990728565456720e+02 -6.808544146069017415e+02 -6.820367719880479171e+02 -6.833023738929282445e+02
-6.824545866154893474e+02 -6.865824532106919378e+02 -6.885663593080163309e+02 -6.786530460465919532e+02
-6.761976589362293453e+02 -6.810424073536180458e+02 -6.860131606876834667e+02 -6.820925281206373256e+02
0.000000000000000000e+00 0.000000000000000000e+00 0.000000000000000000e+00 0.000000000000000000e+00
-6.789496108579018028e+02 -6.793226644847433136e+02 -6.796957181115856201e+02 -6.799371439358193356e+02
-6.872670956338445194e+02 -6.809042724797371875e+02 -6.788514356582650180e+02 -6.848445584350190529e+02
0.000000000000000000e+00 0.000000000000000000e+00 0.000000000000000000e+00 0.000000000000000000e+00
-6.746903620190724951e+02 -6.662106434730665114e+02 -6.684460361005565119e+02 -6.713402478042604571e+02
-6.721707204994870608e+02 -6.700163637350794943e+02 -6.745531655724679467e+02 -6.697474745821320994e+02
-6.667244586204517418e+02 -6.699322478678366224e+02 -6.724106590019410987e+02 -6.701574192996021111e+02
-6.631292981521186221e+02 -6.681682032586739979e+02 -6.734991988660156039e+02 -6.687837557175723759e+02
0.000000000000000000e+00 0.000000000000000000e+00 0.000000000000000000e+00 0.000000000000000000e+00
0.000000000000000000e+00 0.000000000000000000e+00 0.000000000000000000e+00 0.000000000000000000e+00
0.000000000000000000e+00 0.000000000000000000e+00 0.000000000000000000e+00 0.000000000000000000e+00
0.000000000000000000e+00 0.000000000000000000e+00 0.000000000000000000e+00 0.000000000000000000e+00
0.000000000000000000e+00 0.000000000000000000e+00 0.000000000000000000e+00 0.000000000000000000e+00
-1.364058240165896621e+02 -1.350361851608571442e+02 -1.351456368075617718e+02 -1.375164376631513505e+02
-1.434417151062552875e+02 -1.419922076667733961e+02 -1.430254614379616669e+02 -1.433369266753803686e+02
-1.493400972700742955e+02 -1.474107677375278911e+02 -1.474066893779993563e+02 -1.487315356533968611e+02
-6.874148295570414575e+02 -6.831131969558022092e+02 -6.896292657243616304e+02 -6.895109500362955259e+02
-6.771637797750029222e+02 -6.784792714246573269e+02 -6.830357106823361164e+02 -6.864535993998749746e+02
-6.822894817277617676e+02 -6.788773596542716859e+02 -6.734962285687474832e+02 -6.795200553858712738e+02
-6.741995555968384224e+02 -6.797402889370272305e+02 -6.782964325857059293e+02 -6.705648667711298003e+02
0.000000000000000000e+00 0.000000000000000000e+00 0.000000000000000000e+00 0.000000000000000000e+00
0.000000000000000000e+00 0.000000000000000000e+00 0.000000000000000000e+00 0.000000000000000000e+00
-6.860472591689238016e+02 -6.812486157267028375e+02 -6.857461956514853227e+02 -6.851562196122008572e+02
0.000000000000000000e+00 0.000000000000000000e+00 0.000000000000000000e+00 0.000000000000000000e+00
-6.764215474251249134e+02 -6.698195232450403864e+02 -6.746608899953840819e+02 -6.750922739841389557e+02
0.000000000000000000e+00 0.000000000000000000e+00 0.000000000000000000e+00 0.000000000000000000e+00
-6.615671119056597718e+02 -6.686543740136401084e+02 -6.645284996296444433e+02 -6.649015532564869773e+02
0.000000000000000000e+00 0.000000000000000000e+00 0.000000000000000000e+00 0.000000000000000000e+00
-5.968931964130094912e+02 -5.953734699723401036e+02 -5.961236503945266350e+02 -5.965638908167134105e+02
0.000000000000000000e+00 0.000000000000000000e+00 0.000000000000000000e+00 0.000000000000000000e+00
-1.612904774364390619e+02 -1.977755266331422490e+02 -1.974536822506310045e+02 -1.971745581788289030e+02
0.000000000000000000e+00 0.000000000000000000e+00 0.000000000000000000e+00 0.000000000000000000e+00
-9.329611069601300244e+01 -1.007205626554924294e+02 -1.007903530051426628e+02 -1.096517170925302764e+02
-1.311862161563432778e+02 -1.274832347861292874e+02 -1.208419104441411775e+02 -1.279595464771860520e+02
-1.436578577920775501e+02 -1.440365365181909567e+02 -1.417774343278248352e+02 -1.440715121656988629e+02
-1.538546273470458630e+02 -1.517732781438586187e+02 -1.525170750257128702e+02 -1.524828593153009137e+02
-6.901529667413100242e+02 -6.940482086504925974e+02 -6.859754957790726166e+02 -6.863099451580818595e+02
0.000000000000000000e+00 0.000000000000000000e+00 0.000000000000000000e+00 0.000000000000000000e+00
-6.758282220413633468e+02 -6.758246073892649974e+02 -6.816006538260613752e+02 -6.834660673577955095e+02
-6.809840198978388344e+02 -6.774169304316450280e+02 -6.727191631949144721e+02 -6.837251060157107077e+02
-6.773078643091080266e+02 -6.776132589461501539e+02 -6.787419231851860104e+02 -6.837220073869319776e+02
-6.851845235611297085e+02 -6.855286384907601587e+02 -6.806360590991839672e+02 -6.872674209165720640e+02
-6.828832147423572678e+02 -6.819250306356821056e+02 -6.828131609775929292e+02 -6.863368250943158273e+02
-6.747348089397694366e+02 -6.759087330929313566e+02 -6.794483705933300826e+02 -6.839901720570018142e+02
-6.807259634180345529e+02 -6.713492338624035938e+02 -6.761736744791616047e+02 -6.725079371092393785e+02
-6.685336194321557741e+02 -6.703832741935646027e+02 -6.733305972714817926e+02 -6.650401023056517715e+02
-6.616217770036415686e+02 -6.616657041488963387e+02 -6.690024544148483301e+02 -6.649017752891589907e+02
0.000000000000000000e+00 0.000000000000000000e+00 0.000000000000000000e+00 0.000000000000000000e+00
-5.960937852934224566e+02 -5.956306496382446767e+02 -5.948352838327004974e+02 -5.963367778897285234e+02
0.000000000000000000e+00 0.000000000000000000e+00 0.000000000000000000e+00 0.000000000000000000e+00
-1.222733426379932951e+02 -1.867471140653953228e+02 -1.491488398263707893e+02 -2.725206113416014375e+00
0.000000000000000000e+00 0.000000000000000000e+00 0.000000000000000000e+00 0.000000000000000000e+00
-7.709092829941734237e+01 -8.242524306015496904e+01 -5.264539274006965286e+01 -8.265836842833286369e+01
-1.166432431450744076e+02 -1.195333584768106761e+02 -1.238667950237795168e+02 -1.321614694612562459e+02
-1.511347255982948639e+02 -1.496308483329457033e+02 -1.512178048657780778e+02 -1.518835645987079488e+02
-1.617786783154689658e+02 -1.610428690645761378e+02 -1.607595327581936715e+02 -1.618900347074222736e+02
0.000000000000000000e+00 0.000000000000000000e+00 0.000000000000000000e+00 0.000000000000000000e+00
-7.234957995987538197e+02 -7.237329533343626053e+02 -7.214034697777030942e+02 -7.220386630370976491e+02
0.000000000000000000e+00 0.000000000000000000e+00 0.000000000000000000e+00 0.000000000000000000e+00
-6.761533850419948521e+02 -6.825250543696329260e+02 -6.788148818234266173e+02 -6.796175259609337900e+02
0.000000000000000000e+00 0.000000000000000000e+00 0.000000000000000000e+00 0.000000000000000000e+00
0.000000000000000000e+00 0.000000000000000000e+00 0.000000000000000000e+00 0.000000000000000000e+00
0.000000000000000000e+00 0.000000000000000000e+00 0.000000000000000000e+00 0.000000000000000000e+00
0.000000000000000000e+00 0.000000000000000000e+00 0.000000000000000000e+00 0.000000000000000000e+00
-6.796894701909951664e+02 -6.704855579497692588e+02 -6.791123516255825052e+02 -6.723296329371667071e+02
-6.637988183347913491e+02 -6.637268820703412757e+02 -6.669460614992062801e+02 -6.672125495142996670e+02
-6.649140350605476897e+02 -6.637600583258298457e+02 -6.597253175878502134e+02 -6.610914716727439782e+02
0.000000000000000000e+00 0.000000000000000000e+00 0.000000000000000000e+00 0.000000000000000000e+00
-5.932547231405560524e+02 -5.927204444825897554e+02 -5.920019274189586440e+02 -5.923573220560003847e+02
0.000000000000000000e+00 0.000000000000000000e+00 0.000000000000000000e+00 0.000000000000000000e+00
-2.389613944264634426e+02 -5.339977009674565345e+00 -2.663790826828376339e+02 -2.406432113622562952e+02
0.000000000000000000e+00 0.000000000000000000e+00 0.000000000000000000e+00 0.000000000000000000e+00
0.000000000000000000e+00 0.000000000000000000e+00 0.000000000000000000e+00 0.000000000000000000e+00
0.000000000000000000e+00 0.000000000000000000e+00 0.000000000000000000e+00 0.000000000000000000e+00
-1.681870504364124770e+02 -1.673082858613655048e+02 -1.686840505714392009e+02 -1.698332796017205908e+02
-2.066862114527144172e+02 -1.760969276899889735e+02 -1.821441999319313538e+02 -1.811335634479190446e+02
-7.205655818435966466e+02 -7.230935764357514017e+02 -7.205965604774355597e+02 -7.205217818946715624e+02
-7.199097536806762037e+02 -7.194875978067976803e+02 -7.213365625130544458e+02 -7.184066870640823481e+02
0.000000000000000000e+00 0.000000000000000000e+00 0.000000000000000000e+00 0.000000000000000000e+00
-6.824987090333327160e+02 -6.771401317415040921e+02 -6.816755216939259299e+02 -6.833944738359991788e+02
-6.788030259343347552e+02 -6.780371338145126856e+02 -6.815278246111442968e+02 -6.826489604600653820e+02
-6.739055694760563711e+02 -6.797053729093562424e+02 -6.771068907757683064e+02 -6.814585594159682387e+02
-6.741018292071875067e+02 -6.701395223273808597e+02 -6.752067335150571807e+02 -6.772370571746503174e+02
-6.725051732780335669e+02 -6.677470137349444030e+02 -6.713271390706189550e+02 -6.751085418115857237e+02
-6.719075647142401522e+02 -6.734093120534004129e+02 -6.677345469071321986e+02 -6.769256307155668537e+02
-6.635900577895363313e+02 -6.613013803795123522e+02 -6.662748244971552367e+02 -6.670805984931730563e+02
-6.572983837903075255e+02 -6.594580310025760355e+02 -6.525046088270739801e+02 -6.589023324347551807e+02
0.000000000000000000e+00 0.000000000000000000e+00 0.000000000000000000e+00 0.000000000000000000e+00
-5.895793350341895120e+02 -5.902111942829983491e+02 -5.898112941734906371e+02 -5.886948126778198684e+02
0.000000000000000000e+00 0.000000000000000000e+00 0.000000000000000000e+00 0.000000000000000000e+00
-4.154249264639336161e+02 -7.834170341931959491e+00 -3.710083035612515800e+02 -4.178485436596104137e+02
-4.224413623919658676e+02 -4.226394737436705782e+02 -3.827664867725386557e+02 -4.235985041994850917e+02
-4.442211979473208885e+02 -4.237137065087533756e+02 -4.252681754008694952e+02 -4.236292618900934031e+02
-4.294008836744159225e+02 -4.215801050772989811e+02 -4.233696033884948520e+02 -4.219545066858061091e+02
0.000000000000000000e+00 0.000000000000000000e+00 0.000000000000000000e+00 0.000000000000000000e+00
-2.864468618946071956e+02 -2.143405109310015746e+02 -2.409982243155943706e+02 -2.411175665106523240e+02
-7.163824025757154459e+02 -7.184266177164784040e+02 -7.192783832073695294e+02 -7.198487796664583129e+02
-7.204593782202093735e+02 -7.172966480748066260e+02 -7.189800056939086517e+02 -7.174224802814142095e+02
0.000000000000000000e+00 0.000000000000000000e+00 0.000000000000000000e+00 0.000000000000000000e+00
-6.774631120622010485e+02 -6.852782253422384429e+02 -6.834226275382776521e+02 -6.829308672957256476e+02
-6.817382962977579837e+02 -6.849831776181417808e+02 -6.794240296965825792e+02 -6.836595684807406315e+02
0.000000000000000000e+00 0.000000000000000000e+00 0.000000000000000000e+00 0.000000000000000000e+00
-6.686773435572492872e+02 -6.763574825464889955e+02 -6.763043041335524777e+02 -6.685748998781211867e+02
0.000000000000000000e+00 0.000000000000000000e+00 0.000000000000000000e+00 0.000000000000000000e+00
0.000000000000000000e+00 0.000000000000000000e+00 0.000000000000000000e+00 0.000000000000000000e+00
0.000000000000000000e+00 0.000000000000000000e+00 0.000000000000000000e+00 0.000000000000000000e+00
-6.348759218097654866e+02 -6.370497747292323538e+02 -6.315947875582770621e+02 -6.363879412466376380e+02
-6.099671038801889154e+02 -6.089779468287769078e+02 -6.091430229327304460e+02 -5.972221184740576518e+02
-5.831916311539861226e+02 -5.838968786294535676e+02 -5.855020125838284457e+02 -5.324373941187425316e+02
-5.469671947021482765e+02 -5.472956307546086236e+02 -5.525622722409615335e+02 -2.429572380927283177e+02
-4.343559317246708247e+02 -1.020439591025855819e+01 -4.747982736647935553e+02 -3.575950402333613170e+02
0.000000000000000000e+00 0.000000000000000000e+00 0.000000000000000000e+00 0.000000000000000000e+00
0.000000000000000000e+00 0.000000000000000000e+00 0.000000000000000000e+00 0.000000000000000000e+00
-4.405376533200272320e+02 -4.203779468520581872e+02 -4.210938961773638312e+02 -4.212428507137437919e+02
0.000000000000000000e+00 0.000000000000000000e+00 0.000000000000000000e+00 0.000000000000000000e+00
-3.085276647554663896e+02 -2.743294755843520534e+02 -3.038475280199177178e+02 -3.054847821194924222e+02
-7.180122557816342805e+02 -7.157160870573352440e+02 -7.147879287878963623e+02 -7.181692108789718532e+02
-7.190123046045347337e+02 -7.153318260651312812e+02 -7.159468564743764318e+02 -7.193714500802398106e+02
0.000000000000000000e+00 0.000000000000000000e+00 0.000000000000000000e+00 0.000000000000000000e+00
-6.732884324889890877e+02 -6.830288707707278490e+02 -6.766147366659561158e+02 -6.804305850284908956e+02
-6.845324538676887869e+02 -6.855991479899338401e+02 -6.838379000992408692e+02 -6.805903084296024872e+02
-6.846488781413668221e+02 -6.777498016099806364e+02 -6.874240458519137746e+02 -6.869526332864475080e+02
0.000000000000000000e+00 0.000000000000000000e+00 0.000000000000000000e+00 0.000000000000000000e+00
-6.606526774659787407e+02 -6.607748138372684252e+02 -6.526637301236214626e+02 -6.545009024843275256e+02
0.000000000000000000e+00 0.000000000000000000e+00 0.000000000000000000e+00 0.000000000000000000e+00
0.000000000000000000e+00 0.000000000000000000e+00 0.000000000000000000e+00 0.000000000000000000e+00
0.000000000000000000e+00 0.000000000000000000e+00 0.000000000000000000e+00 0.000000000000000000e+00
-6.187103896418348086e+02 -6.152968679715296503e+02 -6.185181306899719402e+02 -6.187162420416766508e+02
0.000000000000000000e+00 0.000000000000000000e+00 0.000000000000000000e+00 0.000000000000000000e+00
-5.479980259433405081e+02 -5.104512065430105849e+02 -4.047065638453180441e+02 -1.456270628185137106e+01
-4.326353109133427779e+02 -1.244793057284648263e+01 -4.346892004776820500e+02 -4.327285827593067324e+02
0.000000000000000000e+00 0.000000000000000000e+00 0.000000000000000000e+00 0.000000000000000000e+00
0.000000000000000000e+00 0.000000000000000000e+00 0.000000000000000000e+00 0.000000000000000000e+00
-4.586361573853042728e+02 -4.298775736376403529e+02 -4.303219957316406408e+02 -4.135752919284070117e+02
-4.008662788426609609e+02 -3.931087523751193658e+02 -4.145213038267090724e+02 -3.688872179580678221e+02
-3.418770797967309818e+02 -3.223214824799506459e+02 -3.716033654028921092e+02 -3.558176481233613231e+02
0.000000000000000000e+00 0.000000000000000000e+00 0.000000000000000000e+00 0.000000000000000000e+00
-7.195628216600725864e+02 -7.127679537814321975e+02 -7.189238228728216882e+02 -7.194992362387810090e+02
0.000000000000000000e+00 0.000000000000000000e+00 0.000000000000000000e+00 0.000000000000000000e+00
0.000000000000000000e+00 0.000000000000000000e+00 0.000000000000000000e+00 0.000000000000000000e+00
-6.853723087163685932e+02 -6.866235605963750004e+02 -6.859182316957667354e+02 -6.881847297610164560e+02
-6.925564127727921004e+02 -6.895288817715689902e+02 -6.882139266265760398e+02 -6.881239490169580222e+02
0.000000000000000000e+00 0.000000000000000000e+00 0.000000000000000000e+00 0.000000000000000000e+00
-6.588473845966132103e+02 -6.548762217502920748e+02 -6.530165999270034263e+02 -6.598810437857065381e+02
-6.441436580978256643e+02 -6.463262174615915683e+02 -6.443991064618855944e+02 -6.509202135462534216e+02
-6.466572122536150573e+02 -6.461690115507208247e+02 -6.452985845028968015e+02 -6.360579121684455686e+02
-6.292833895819921963e+02 -6.370287274862321283e+02 -6.405162986274293644e+02 -6.281022009584227135e+02
-6.254904447860016035e+02 -6.237545538876909177e+02 -6.256831939522976427e+02 -6.255387073423927404e+02
0.000000000000000000e+00 0.000000000000000000e+00 0.000000000000000000e+00 0.000000000000000000e+00
-3.346642344691838389e+02 -1.654633850410253615e+01 -4.222933437629613422e+02 -4.773806417797289328e+02
0.000000000000000000e+00 0.000000000000000000e+00 0.000000000000000000e+00 0.000000000000000000e+00
-5.600650698649095602e+02 -5.506251575873511683e+02 -5.508526452091366536e+02 -5.510801328309221390e+02
0.000000000000000000e+00 0.000000000000000000e+00 0.000000000000000000e+00 0.000000000000000000e+00
-5.072808453083748645e+02 -4.551568196032753804e+02 -4.756297209330455757e+02 -4.757786754694257638e+02
0.000000000000000000e+00 0.000000000000000000e+00 0.000000000000000000e+00 0.000000000000000000e+00
0.000000000000000000e+00 0.000000000000000000e+00 0.000000000000000000e+00 0.000000000000000000e+00
-7.152011435609452974e+02 -7.137748382030690664e+02 -7.140608145067419628e+02 -7.165881489635089565e+02
-7.171828142398338741e+02 -7.161151354613266449e+02 -7.158298390709140904e+02 -7.138108006467100495e+02
-7.082822644119644337e+02 -7.082103126650955573e+02 -7.138508378808405723e+02 -7.121933614719946490e+02
0.000000000000000000e+00 0.000000000000000000e+00 0.000000000000000000e+00 0.000000000000000000e+00
0.000000000000000000e+00 0.000000000000000000e+00 0.000000000000000000e+00 0.000000000000000000e+00
-7.013726077892295052e+02 -6.980571652671179663e+02 -6.951554520429918966e+02 -6.945346283374398126e+02
-6.902254031883321659e+02 -6.933437363848793211e+02 -6.976042431822163508e+02 -6.974603291366775011e+02
0.000000000000000000e+00 0.000000000000000000e+00 0.000000000000000000e+00 0.000000000000000000e+00
-6.403143510632975222e+02 -6.400895484438038920e+02 -6.380516961502771665e+02 -6.452472992329537647e+02
-6.466212504546757600e+02 -6.392306169816122292e+02 -6.419402504937786489e+02 -6.416798807507774427e+02
-6.358826485451654662e+02 -6.294279289024847230e+02 -6.365777783812826556e+02 -6.362282441411956597e+02
0.000000000000000000e+00 0.000000000000000000e+00 0.000000000000000000e+00 0.000000000000000000e+00
-4.544873879339869518e+02 -6.138955443902631259e+02 -6.140925632843986932e+02 -6.157648665998985962e+02
-5.655767621803755674e+02 -1.840094845465869611e+01 -5.908178763049614872e+02 -4.918112345603869926e+02
0.000000000000000000e+00 0.000000000000000000e+00 0.000000000000000000e+00 0.000000000000000000e+00
-5.750660728212279764e+02 -5.495110111924842613e+02 -5.470573632061550597e+02 -5.438862753424357379e+02
-5.332251197844808530e+02 -5.334623799186440465e+02 -5.361971764050916818e+02 -5.259189884804063695e+02
-5.232894106804928924e+02 -4.964928987544640222e+02 -5.170443157417955717e+02 -5.382728081758220924e+02
-5.305650458163496523e+02 -5.425793517971148958e+02 -5.376399223212926017e+02 -5.528650412762297037e+02
-5.633042629530076510e+02 -5.581636195843361747e+02 -5.519313482030775049e+02 -5.592760384901495172e+02
-7.158435983890552734e+02 -7.146325713339265349e+02 -7.164278634207062169e+02 -7.165683413580006800e+02
-7.161428994521320419e+02 -7.150018117912884463e+02 -7.148044028084808588e+02 -7.165397444488332894e+02
-7.105941860102420833e+02 -7.069263257008972232e+02 -7.131005774051245680e+02 -7.134410607836873623e+02
-7.029167950850500119e+02 -7.087007092755573012e+02 -7.081022279049294639e+02 -7.099273737409267824e+02
-6.989762207895709025e+02 -7.015456394257452075e+02 -7.046391397190990347e+02 -7.056853634874432828e+02
-7.051317788117598866e+02 -7.023882068986955574e+02 -6.999694582539527801e+02 -7.020710801704135520e+02
0.000000000000000000e+00 0.000000000000000000e+00 0.000000000000000000e+00 0.000000000000000000e+00
-6.939800981009169618e+02 -6.885163372068764147e+02 -6.939982519962459264e+02 -6.928146993075449700e+02
0.000000000000000000e+00 0.000000000000000000e+00 0.000000000000000000e+00 0.000000000000000000e+00
-6.534395543448148373e+02 -6.490778474153729576e+02 -6.535601247273646095e+02 -6.532459035357389894e+02
0.000000000000000000e+00 0.000000000000000000e+00 0.000000000000000000e+00 0.000000000000000000e+00
0.000000000000000000e+00 0.000000000000000000e+00 0.000000000000000000e+00 0.000000000000000000e+00
-5.084751911149584771e+02 -6.138400813709142767e+02 -5.630513289481340280e+02 -2.174720195706790449e+01
-5.571781800489671923e+02 -2.013256857677669132e+01 -5.596297312400836290e+02 -3.910090982045944656e+02
0.000000000000000000e+00 0.000000000000000000e+00 0.000000000000000000e+00 0.000000000000000000e+00
-6.014517025662144079e+02 -5.625596657887182346e+02 -5.856952335434034467e+02 -5.859129388705160864e+02
0.000000000000000000e+00 0.000000000000000000e+00 0.000000000000000000e+00 0.000000000000000000e+00
0.000000000000000000e+00 0.000000000000000000e+00 0.000000000000000000e+00 0.000000000000000000e+00
0.000000000000000000e+00 0.000000000000000000e+00 0.000000000000000000e+00 0.000000000000000000e+00
-5.767801503845528259e+02 -5.642000612359975094e+02 -5.622015753508263742e+02 -5.624192806779390139e+02
0.000000000000000000e+00 0.000000000000000000e+00 0.000000000000000000e+00 0.000000000000000000e+00
-7.139458092770410076e+02 -7.170868610777803269e+02 -7.161841522533588886e+02 -7.154244189922418400e+02
0.000000000000000000e+00 0.000000000000000000e+00 0.000000000000000000e+00 0.000000000000000000e+00
0.000000000000000000e+00 0.000000000000000000e+00 0.000000000000000000e+00 0.000000000000000000e+00
0.000000000000000000e+00 0.000000000000000000e+00 0.000000000000000000e+00 0.000000000000000000e+00
-6.994376466500269771e+02 -6.989932121066302670e+02 -6.991338432775544334e+02 -7.007631059276101269e+02
-6.985369830879704978e+02 -6.970560052785434664e+02 -6.950437246172414234e+02 -6.997283326653466702e+02
-6.889657186448414450e+02 -6.909946374125512421e+02 -6.925006484560891522e+02 -6.925907839813836517e+02
-6.800521932773332310e+02 -6.851030424902410232e+02 -6.830103740085378377e+02 -6.844436980688129779e+02
-5.929678337995576385e+02 -6.575315567607465255e+02 -6.636131219201547538e+02 -2.702328655666221024e+01
-3.327135362282853066e+02 -5.890385762601157467e+02 -5.147398170536716862e+02 -2.586705526005305344e+01
-6.510935858980203648e+02 -4.805788969358287090e+02 -5.870280589353402547e+02 -2.460293005299217128e+01
-6.408275776893401598e+02 -2.323242305264080443e+01 -5.796510581718721369e+02 -3.879856642508650566e+02
0.000000000000000000e+00 0.000000000000000000e+00 0.000000000000000000e+00 0.000000000000000000e+00
0.000000000000000000e+00 0.000000000000000000e+00 0.000000000000000000e+00 0.000000000000000000e+00
-6.212547622034484220e+02 -5.863975003948621634e+02 -6.085290019321287218e+02 -6.153869044412009544e+02
-6.196530271419092060e+02 -5.974795215353167350e+02 -6.070642127421954228e+02 -6.008235410972965838e+02
-6.029369514543136575e+02 -6.001689072889690806e+02 -6.070069672496438216e+02 -6.001519887689385087e+02
-5.958335599588158402e+02 -5.960316713105207782e+02 -6.002900476112625938e+02 -5.898316833821409091e+02
-5.746948522659542959e+02 -5.770066375035853525e+02 -5.954700432833973309e+02 -5.834374757718452429e+02
0.000000000000000000e+00 0.000000000000000000e+00 0.000000000000000000e+00 0.000000000000000000e+00
-7.122072716372678087e+02 -7.151486794960254656e+02 -7.128570600451566861e+02 -7.111325076144290733e+02
-7.088503676886930407e+02 -7.104790837402063062e+02 -7.113172769302636880e+02 -7.075723810897920885e+02
-7.037181102855658992e+02 -7.038721171705990400e+02 -7.065485103538319436e+02 -7.039184159458492331e+02
-7.024408807883438612e+02 -7.018458876894526384e+02 -7.015972180069848037e+02 -7.022318310356022266e+02
-6.992429169828753857e+02 -6.991875261255938767e+02 -6.986144796557985046e+02 -6.994597613050534619e+02
-2.696181872560708825e+02 -6.993006943502937247e+02 -6.950045273046905550e+02 -6.950904211435039315e+02
-6.906321605585288808e+02 -6.914143471431491434e+02 -5.564283704217452851e+02 -6.891029408415345188e+02
-6.848265686385526578e+02 -6.876234948368062305e+02 -6.705929174700610247e+02 -6.854211115544477479e+02
-5.593881991811471153e+02 -2.807063713670894955e+01 -6.785206353056923945e+02 -5.572217957328525699e+02
0.000000000000000000e+00 0.000000000000000000e+00 0.000000000000000000e+00 0.000000000000000000e+00
-6.526457663947887795e+02 -6.295023310048155736e+02 -6.525283488821793298e+02 -6.523083835628629004e+02
-6.465621076445743256e+02 -6.619368575694661558e+02 -6.448719172316156119e+02 -6.364681126869634227e+02
-6.424350131545427303e+02 -6.350990045753078448e+02 -6.362807821372341550e+02 -6.352561046527930557e+02
-6.344854131184033577e+02 -6.341377802366728247e+02 -6.342622538635868068e+02 -6.320893450371521567e+02
-6.256286504519414393e+02 -6.149242169842925705e+02 -6.270396126135275381e+02 -6.273800637970870184e+02
-6.330000703616279907e+02 -6.074007631567831140e+02 -6.261038170617863443e+02 -6.178011463908210317e+02
-6.079162295004474572e+02 -6.086585151071226392e+02 -6.123588828186436785e+02 -6.080205846088917951e+02
0.000000000000000000e+00 0.000000000000000000e+00 0.000000000000000000e+00 0.000000000000000000e+00
-5.586278698138496566e+02 -5.838337950361469666e+02 -5.828323655381049093e+02 -5.830195421254109078e+02
0.000000000000000000e+00 0.000000000000000000e+00 0.000000000000000000e+00 0.000000000000000000e+00
-7.091228470977073357e+02 -7.138453800429459761e+02 -7.137662072502409956e+02 -7.138441406820461452e+02
0.000000000000000000e+00 0.000000000000000000e+00 0.000000000000000000e+00 0.000000000000000000e+00
0.000000000000000000e+00 0.000000000000000000e+00 0.000000000000000000e+00 0.000000000000000000e+00
-7.024550149773810972e+02 -7.035730336119055437e+02 -7.030512790688400173e+02 -7.033694506096959458e+02
0.000000000000000000e+00 0.000000000000000000e+00 0.000000000000000000e+00 0.000000000000000000e+00
-6.961951825496855690e+02 -6.381223022876869209e+02 -5.727697244071940759e+02 -3.118261021110960485e+01
-5.143237125199532329e+02 -6.742148263584534789e+02 -5.007627137850859640e+02 -3.056474670099667534e+01
-5.597459057232466648e+02 -6.873297557452259525e+02 -5.134599356202720628e+02 -2.984078042934710240e+01
-5.067969657070365770e+02 -2.900961644582018906e+01 -5.392752759840088856e+02 -6.749863384372017663e+02
-6.855252042863603492e+02 -6.574749033065724007e+02 -5.571398826733467331e+02 -6.851930385777459378e+02
0.000000000000000000e+00 0.000000000000000000e+00 0.000000000000000000e+00 0.000000000000000000e+00
-6.579926975363943029e+02 -6.825699666458428965e+02 -6.692383964479593033e+02 -6.694854193219888430e+02
0.000000000000000000e+00 0.000000000000000000e+00 0.000000000000000000e+00 0.000000000000000000e+00
0.000000000000000000e+00 0.000000000000000000e+00 0.000000000000000000e+00 0.000000000000000000e+00
-6.563943992329735693e+02 -6.278928997886268917e+02 -6.271810522034212454e+02 -6.274475712787252633e+02
0.000000000000000000e+00 0.000000000000000000e+00 0.000000000000000000e+00 0.000000000000000000e+00
0.000000000000000000e+00 0.000000000000000000e+00 0.000000000000000000e+00 0.000000000000000000e+00
0.000000000000000000e+00 0.000000000000000000e+00 0.000000000000000000e+00 0.000000000000000000e+00
0.000000000000000000e+00 0.000000000000000000e+00 0.000000000000000000e+00 0.000000000000000000e+00
0.000000000000000000e+00 0.000000000000000000e+00 0.000000000000000000e+00 0.000000000000000000e+00
0.000000000000000000e+00 0.000000000000000000e+00 0.000000000000000000e+00 0.000000000000000000e+00
-7.601419700822278855e+02 -7.597104709263458062e+02 -7.591185723746424401e+02 -7.588893211425142908e+02
-7.576964404140425131e+02 -7.574050387947088439e+02 -7.585131696642990846e+02 -7.580164386305821154e+02
0.000000000000000000e+00 0.000000000000000000e+00 0.000000000000000000e+00 0.000000000000000000e+00
0.000000000000000000e+00 0.000000000000000000e+00 0.000000000000000000e+00 0.000000000000000000e+00
-5.726077652187805143e+02 -3.169309547014329098e+01 -6.443359445954822604e+02 -6.441482474199198123e+02
0.000000000000000000e+00 0.000000000000000000e+00 0.000000000000000000e+00 0.000000000000000000e+00
0.000000000000000000e+00 0.000000000000000000e+00 0.000000000000000000e+00 0.000000000000000000e+00
0.000000000000000000e+00 0.000000000000000000e+00 0.000000000000000000e+00 0.000000000000000000e+00
-6.882820240189440710e+02 -6.908465820173937573e+02 -6.906486349212211735e+02 -6.884969309933771910e+02
-6.854108755775606596e+02 -6.862698619877818373e+02 -6.861151539609236352e+02 -6.861473166076571033e+02
-6.849492143703772626e+02 -6.885932792230632913e+02 -6.841678971990838818e+02 -6.882321405707471058e+02
-6.493261922329161280e+02 -6.496415452667329191e+02 -6.964947503311326500e+02 -6.502476877557469379e+02
-6.497554932946577537e+02 -6.499144264707446155e+02 -6.505816294676862981e+02 -6.500595769296041908e+02
-6.737796452275358661e+02 -6.415478319147966886e+02 -6.434279090217312387e+02 -6.669814127055878998e+02
-6.740765307090219949e+02 -6.746219675604178292e+02 -6.761587453346452321e+02 -6.682909012993865190e+02
-6.562480934215030857e+02 -6.775678610683769421e+02 -6.802148091755863106e+02 -6.643829631241349034e+02
-6.687289168940383206e+02 -6.762266527863357624e+02 -6.769988601417534255e+02 -6.496573577670935720e+02
-6.702766767346794268e+02 -6.694908941419084840e+02 -6.527598770363155154e+02 -6.439865157272297438e+02
-7.589365237842727083e+02 -7.587766818162336904e+02 -7.585227290750722204e+02 -7.586823763930074165e+02
-7.587577686995850854e+02 -7.602384228613827872e+02 -7.571447604251819712e+02 -7.612359525922366856e+02
-7.584213592285085497e+02 -7.588308480962431304e+02 -7.589638696990426752e+02 -7.591586399161728878e+02
-7.584882802978279415e+02 -7.560843182476110087e+02 -7.556390370071823099e+02 -7.551549469411875180e+02
-7.572422990912364185e+02 -7.582369755940787854e+02 -7.579885776116823308e+02 -7.573225522686608429e+02
0.000000000000000000e+00 0.000000000000000000e+00 0.000000000000000000e+00 0.000000000000000000e+00
-5.889325047675596352e+02 -3.209405004914584225e+01 -7.226745178366401205e+02 -6.689184738660228504e+02
-6.991983582378093161e+02 -7.146424681860021337e+02 -4.528621888734398340e+02 -7.158469707476928079e+02
-7.080699773660273877e+02 -7.123137002681743297e+02 -7.137132279636430212e+02 -7.124927048297697638e+02
-7.047636448095771584e+02 -7.049244459877177178e+02 -7.055616336840922713e+02 -7.039419532327864317e+02
-6.940641460918894836e+02 -6.942151565006814735e+02 -6.946380476158972215e+02 -6.954006196875130854e+02
-6.887907385807125138e+02 -6.885812080844136744e+02 -6.896774778309727481e+02 -6.886574360666891153e+02
-6.916057413520311457e+02 -7.010620826813619715e+02 -6.906988056404106828e+02 -6.907752007583615068e+02
0.000000000000000000e+00 0.000000000000000000e+00 0.000000000000000000e+00 0.000000000000000000e+00
-6.551181389486796434e+02 -6.547329371371364459e+02 -6.548364649504289901e+02 -6.552829898179628572e+02
-6.785162099742836972e+02 -6.587678695983053103e+02 -6.577810662165693429e+02 -6.702693007168547865e+02
0.000000000000000000e+00 0.000000000000000000e+00 0.000000000000000000e+00 0.000000000000000000e+00
-6.767912573231516262e+02 -6.602388904282813655e+02 -6.737130825928200011e+02 -6.763113657977146431e+02
-6.732383381834322336e+02 -6.823702488341340313e+02 -6.718318665910095433e+02 -6.573389720080082270e+02
-6.703008491737505210e+02 -6.628588887180267193e+02 -6.717408378089488679e+02 -6.301252029339074170e+02
-7.556864799057955224e+02 -7.596086394115070561e+02 -7.593941264088889511e+02 -7.564026664855311992e+02
0.000000000000000000e+00 0.000000000000000000e+00 0.000000000000000000e+00 0.000000000000000000e+00
0.000000000000000000e+00 0.000000000000000000e+00 0.000000000000000000e+00 0.000000000000000000e+00
-6.847737348074261945e+02 -7.537717717921717622e+02 -7.533893064249580220e+02 -7.279058995845131221e+02
0.000000000000000000e+00 0.000000000000000000e+00 0.000000000000000000e+00 0.000000000000000000e+00
-5.436952992976312089e+02 -4.037607465507460915e+02 -5.432768965766529163e+02 -3.258096264504479933e+01
-7.225670714093638480e+02 -3.238774739043028461e+01 -5.196066905198690620e+02 -7.270002578601237246e+02
0.000000000000000000e+00 0.000000000000000000e+00 0.000000000000000000e+00 0.000000000000000000e+00
0.000000000000000000e+00 0.000000000000000000e+00 0.000000000000000000e+00 0.000000000000000000e+00
-7.143973236684231551e+02 -7.169722635716442483e+02 -7.175278771422279078e+02 -7.180667806812714389e+02
0.000000000000000000e+00 0.000000000000000000e+00 0.000000000000000000e+00 0.000000000000000000e+00
0.000000000000000000e+00 0.000000000000000000e+00 0.000000000000000000e+00 0.000000000000000000e+00
-6.942600335172394352e+02 -7.069977976530058186e+02 -7.063674515788734425e+02 -6.942397034268735752e+02
-6.969265327150388885e+02 -6.962754287770108022e+02 -6.968851127534850320e+02 -6.963419365807719714e+02
0.000000000000000000e+00 0.000000000000000000e+00 0.000000000000000000e+00 0.000000000000000000e+00
-6.873095543573632540e+02 -6.679642304823959194e+02 -6.812605593940506878e+02 -6.796847815215995752e+02
-6.765262321609968694e+02 -6.277715989356482851e+02 -6.860026560708786292e+02 -6.808180030858898135e+02
-6.775423725080900113e+02 -6.770967491626172432e+02 -6.835045381439641687e+02 -6.796510922476174983e+02
-6.525306994078654270e+02 -6.854376959690277999e+02 -6.759477835440495710e+02 -6.834514845019716631e+02
0.000000000000000000e+00 0.000000000000000000e+00 0.000000000000000000e+00 0.000000000000000000e+00
-7.559407018723015881e+02 -7.579130979131180084e+02 -7.525225459470923397e+02 -7.525111924097384417e+02
-7.518199836044891526e+02 -7.530359559107099585e+02 -7.534259847097644069e+02 -7.487390612737185620e+02
-7.499813038456585446e+02 -7.500339523171164728e+02 -7.508700842556651196e+02 -6.162333304053203165e+02
-6.199846478417633762e+02 -7.487903937270733650e+02 -7.349978822291906226e+02 -3.260803568601037483e+01
-6.046452719147227981e+02 -5.475241918903475380e+02 -6.047584240931865907e+02 -3.268924300839518082e+01
-5.118397279450621227e+02 -3.268032399756790340e+01 -5.926887327856270531e+02 -7.361440879477073622e+02
-7.327424264486835455e+02 -6.123064857411955018e+02 -7.331424052054261438e+02 -7.328686407731199779e+02
-7.318988630747826392e+02 -7.320299837408016401e+02 -7.322266141798071430e+02 -7.321664958552458984e+02
-7.291235577579316214e+02 -7.299441194112985158e+02 -7.303347219801241863e+02 -7.291834758162864318e+02
-7.256024005864314859e+02 -7.248244313067440316e+02 -7.260849044099845742e+02 -7.250090000359729174e+02
0.000000000000000000e+00 0.000000000000000000e+00 0.000000000000000000e+00 0.000000000000000000e+00
-7.084850525392589589e+02 -7.087710288429318553e+02 -7.090570051466047516e+02 -7.094611749174996476e+02
-6.913776426018215489e+02 -7.091048308610784261e+02 -7.083897626679563473e+02 -7.092375609966163665e+02
0.000000000000000000e+00 0.000000000000000000e+00 0.000000000000000000e+00 0.000000000000000000e+00
-6.883472903718098905e+02 -6.947986040130654146e+02 -6.875908723828456459e+02 -6.952473669773982010e+02
-6.966952702755495466e+02 -6.802689925500317258e+02 -6.932460705211741470e+02 -6.852201760692548760e+02
0.000000000000000000e+00 0.000000000000000000e+00 0.000000000000000000e+00 0.000000000000000000e+00
0.000000000000000000e+00 0.000000000000000000e+00 0.000000000000000000e+00 0.000000000000000000e+00
0.000000000000000000e+00 0.000000000000000000e+00 0.000000000000000000e+00 0.000000000000000000e+00
0.000000000000000000e+00 0.000000000000000000e+00 0.000000000000000000e+00 0.000000000000000000e+00
0.000000000000000000e+00 0.000000000000000000e+00 0.000000000000000000e+00 0.000000000000000000e+00
-7.605679111548447509e+02 -7.523890351827569702e+02 -7.563342279336289948e+02 -7.507957665723154150e+02
0.000000000000000000e+00 0.000000000000000000e+00 0.000000000000000000e+00 0.000000000000000000e+00
-7.398066059123245850e+02 -3.243515459896332231e+01 -5.706666984288673348e+02 -5.586032611193456887e+02
0.000000000000000000e+00 0.000000000000000000e+00 0.000000000000000000e+00 0.000000000000000000e+00
0.000000000000000000e+00 0.000000000000000000e+00 0.000000000000000000e+00 0.000000000000000000e+00
0.000000000000000000e+00 0.000000000000000000e+00 0.000000000000000000e+00 0.000000000000000000e+00
0.000000000000000000e+00 0.000000000000000000e+00 0.000000000000000000e+00 0.000000000000000000e+00
0.000000000000000000e+00 0.000000000000000000e+00 0.000000000000000000e+00 0.000000000000000000e+00
-7.376522131159958917e+02 -7.378741512270490830e+02 -7.361140379126144353e+02 -7.368339534389276650e+02
-7.370133658774831247e+02 -7.381804649929798643e+02 -7.383041015815726951e+02 -7.372852958824695406e+02
0.000000000000000000e+00 0.000000000000000000e+00 0.000000000000000000e+00 0.000000000000000000e+00
-6.952176228486330274e+02 -7.084793117212418565e+02 -7.050088242705373887e+02 -6.879993644406987414e+02
-7.018472036668750889e+02 -6.935898353434176897e+02 -7.017915150104439590e+02 -6.856071970123332449e+02
-6.862068591471437458e+02 -6.869364156406602433e+02 -6.981833325916368267e+02 -6.872829176664490660e+02
-6.991666002583373256e+02 -6.883864167108363290e+02 -7.002562841944051115e+02 -6.890804923891231510e+02
-7.014173187998884487e+02 -7.009311388861012801e+02 -7.009928935877186404e+02 -7.020532194418968857e+02
-7.055003241707930783e+02 -7.058852116465401423e+02 -7.065268692556551287e+02 -7.066488044226905458e+02
-7.086506664562414244e+02 -7.077261050973908141e+02 -7.100274564922442551e+02 -7.049992844890067545e+02
0.000000000000000000e+00 0.000000000000000000e+00 0.000000000000000000e+00 0.000000000000000000e+00
-7.634879923395201331e+02 -7.626615356272359350e+02 -7.643237685585229428e+02 -7.648274353774934298e+02
-7.599291263972911565e+02 -7.575694299789865909e+02 -7.622105725714137634e+02 -7.639214350789541186e+02
-7.613283425283400447e+02 -7.510376527874678914e+02 -7.599322801998814612e+02 -7.633291758039442811e+02
-7.510237472240083889e+02 -5.751755291962543879e+02 -7.590817196775049069e+02 -7.623008413515245820e+02
-7.647512769224432532e+02 -7.616651683073894219e+02 -7.587532258654246107e+02 -7.648806051727775639e+02
-7.586501072183228871e+02 -7.596415765677211311e+02 -7.597784182218584874e+02 -7.602212128150414401e+02
-7.497672753135968833e+02 -7.568240727390237907e+02 -7.507717704662688902e+02 -7.521697697466195223e+02
-7.444509804577846808e+02 -7.515100849226294031e+02 -7.463834346770006505e+02 -7.519448827700143738e+02
-7.501915603334473417e+02 -7.505527544727985969e+02 -7.444249819817794105e+02 -7.504355275111990977e+02
-7.408993794785469618e+02 -7.447523124288726422e+02 -7.408284612074385223e+02 -7.389173069619366743e+02
0.000000000000000000e+00 0.000000000000000000e+00 0.000000000000000000e+00 0.000000000000000000e+00
0.000000000000000000e+00 0.000000000000000000e+00 0.000000000000000000e+00 0.000000000000000000e+00
-7.081100016247532949e+02 -7.078315494022585881e+02 -6.716643056005943890e+02 -6.993694310823043452e+02
0.000000000000000000e+00 0.000000000000000000e+00 0.000000000000000000e+00 0.000000000000000000e+00
0.000000000000000000e+00 0.000000000000000000e+00 0.000000000000000000e+00 0.000000000000000000e+00
0.000000000000000000e+00 0.000000000000000000e+00 0.000000000000000000e+00 0.000000000000000000e+00
-7.044481090663572331e+02 -7.070474764146399593e+02 -7.068683489064837886e+02 -7.071737435435255748e+02
0.000000000000000000e+00 0.000000000000000000e+00 0.000000000000000000e+00 0.000000000000000000e+00
-7.098911278261114148e+02 -7.113042137278557675e+02 -7.092037271176535569e+02 -7.061331526962089811e+02
-7.061873262812300709e+02 -7.067565838865727983e+02 -7.075871323946686289e+02 -7.075704112924338460e+02
0.000000000000000000e+00 0.000000000000000000e+00 0.000000000000000000e+00 0.000000000000000000e+00
0.000000000000000000e+00 0.000000000000000000e+00 0.000000000000000000e+00 0.000000000000000000e+00
-7.635824437084216925e+02 -7.642370737115643351e+02 -7.616666757164036881e+02 -7.520948826466151331e+02
0.000000000000000000e+00 0.000000000000000000e+00 0.000000000000000000e+00 0.000000000000000000e+00
-7.659850147197016668e+02 -7.662726417700080219e+02 -7.652291307096431865e+02 -7.648518303961820948e+02
0.000000000000000000e+00 0.000000000000000000e+00 0.000000000000000000e+00 0.000000000000000000e+00
0.000000000000000000e+00 0.000000000000000000e+00 0.000000000000000000e+00 0.000000000000000000e+00
-7.459235769080227101e+02 -7.462070618803913931e+02 -7.543673573526356222e+02 -7.544688346937442702e+02
-7.500091026428017358e+02 -7.545523536198430747e+02 -7.506929947241719674e+02 -7.473398754816372502e+02
-7.436237715606895335e+02 -7.388391574686768308e+02 -7.470204909054326663e+02 -7.446810968144624212e+02
0.000000000000000000e+00 0.000000000000000000e+00 0.000000000000000000e+00 0.000000000000000000e+00
0.000000000000000000e+00 0.000000000000000000e+00 0.000000000000000000e+00 0.000000000000000000e+00
0.000000000000000000e+00 0.000000000000000000e+00 0.000000000000000000e+00 0.000000000000000000e+00
-7.069230526935899661e+02 -7.044397302255932800e+02 -7.049482380997666269e+02 -7.082914782464774817e+02
-7.078045438511256862e+02 -7.081196330935307515e+02 -7.051631362408338646e+02 -7.092225283674220009e+02
-7.091806890593123853e+02 -7.069150643570861803e+02 -7.068358560596460620e+02 -7.099099257869197572e+02
-7.064782537208222948e+02 -7.097125599105288529e+02 -7.067996910979134100e+02 -7.056749897216370755e+02
0.000000000000000000e+00 0.000000000000000000e+00 0.000000000000000000e+00 0.000000000000000000e+00
-7.072647773041611572e+02 -7.121903239552430023e+02 -7.113416714179251130e+02 -7.083069098196639288e+02
0.000000000000000000e+00 0.000000000000000000e+00 0.000000000000000000e+00 0.000000000000000000e+00
