
Starting position: Point(x=17, y=16)
Exit: Point(x=2, y=1)
Maze:
[[1 0 0 1 0 1 1 1 0 0 1 1 1 0 1 0 1 0 0 1]
 [0 1 2 0 1 0 1 0 0 1 1 0 1 0 1 0 1 1 0 0]
 [0 0 0 1 1 0 1 0 1 1 0 0 1 0 1 0 0 0 0 0]
 [0 1 0 0 1 0 0 0 1 0 1 0 1 0 1 0 1 1 0 0]
 [0 0 0 0 0 0 0 0 1 0 0 0 1 0 1 0 1 1 1 1]
 [1 1 0 1 1 0 1 0 1 0 0 0 1 0 1 0 0 0 1 1]
 [0 0 0 0 0 0 0 0 1 0 1 1 0 0 1 0 0 0 0 0]
 [0 1 0 0 1 1 1 0 1 0 0 0 1 0 0 0 1 0 1 0]
 [0 1 1 0 0 0 0 0 0 0 0 0 0 0 0 0 0 0 0 1]
 [0 0 0 0 1 1 0 1 1 0 0 0 1 0 1 0 1 0 0 0]
 [0 1 1 0 0 0 0 0 0 0 1 0 1 0 1 0 1 1 0 0]
 [1 0 0 0 1 0 1 1 1 0 1 0 1 0 1 0 1 1 0 1]
 [1 1 0 0 1 0 0 0 0 0 0 0 0 0 1 0 1 1 0 0]
 [1 0 1 1 0 1 1 1 0 1 1 1 0 0 1 0 1 1 0 0]
 [0 0 0 0 0 0 0 1 0 0 0 0 0 0 1 0 0 1 1 0]
 [0 1 1 1 0 1 0 0 0 1 0 1 1 1 1 0 0 0 1 0]
 [0 0 0 0 0 1 1 0 1 0 0 0 0 1 0 1 1 0 0 0]
 [1 1 1 1 0 1 1 0 1 0 0 0 0 0 0 0 1 1 0 0]
 [1 0 0 0 0 0 0 0 0 1 0 1 0 1 0 0 1 0 0 0]
 [1 0 0 0 1 0 1 0 0 0 1 1 0 0 1 0 1 0 1 0]]
Policy 0:
α=0.1, γ=0.99, ϵ=0.01
 -6.971941241064498627e+02 -7.125216200387088747e+02
-7.130091284829081815e+02 -7.132366161046936668e+02 -7.159853880547649396e+02 -7.136890965039556249e+02
0.000000000000000000e+00 0.000000000000000000e+00 0.000000000000000000e+00 0.000000000000000000e+00
0.000000000000000000e+00 0.000000000000000000e+00 0.000000000000000000e+00 0.000000000000000000e+00
0.000000000000000000e+00 0.000000000000000000e+00 0.000000000000000000e+00 0.000000000000000000e+00
-9.544207259156057717e+02 -9.442544881179871936e+02 -9.447375110448019768e+02 -9.478352709463925976e+02
-9.529367995212712685e+02 -9.524795615773157351e+02 -9.573165694773779251e+02 -9.433419232727044346e+02
-9.442875187252373053e+02 -9.383907860563049326e+02 -9.498404160947173978e+02 -9.351426598633694312e+02
0.000000000000000000e+00 0.000000000000000000e+00 0.000000000000000000e+00 0.000000000000000000e+00
0.000000000000000000e+00 0.000000000000000000e+00 0.000000000000000000e+00 0.000000000000000000e+00
0.000000000000000000e+00 0.000000000000000000e+00 0.000000000000000000e+00 0.000000000000000000e+00
0.000000000000000000e+00 0.000000000000000000e+00 0.000000000000000000e+00 0.000000000000000000e+00
0.000000000000000000e+00 0.000000000000000000e+00 0.000000000000000000e+00 0.000000000000000000e+00
-2.083864003862049117e+02 -2.798483816344094066e+02 -2.779700868087585945e+02 -2.779903236859415188e+02
0.000000000000000000e+00 0.000000000000000000e+00 0.000000000000000000e+00 0.000000000000000000e+00
-4.283771936162485190e+02 -4.106983201501661824e+02 -4.178911659808193804e+02 -4.180203888336822047e+02
0.000000000000000000e+00 0.000000000000000000e+00 0.000000000000000000e+00 0.000000000000000000e+00
-6.199312500922846993e+02 -6.243128444267960049e+02 -6.183369404632150008e+02 -6.184897771781677420e+02
0.000000000000000000e+00 0.000000000000000000e+00 0.000000000000000000e+00 0.000000000000000000e+00
0.000000000000000000e+00 0.000000000000000000e+00 0.000000000000000000e+00 0.000000000000000000e+00
-7.213241535547737158e+02 -7.176066859237066637e+02 -7.152937793479925404e+02 -7.201908774269157902e+02
0.000000000000000000e+00 0.000000000000000000e+00 0.000000000000000000e+00 0.000000000000000000e+00
-7.836054881436070900e+02 -7.835947634346133555e+02 -7.838612825099174870e+02 -7.795773789641866642e+02
0.000000000000000000e+00 0.000000000000000000e+00 0.000000000000000000e+00 0.000000000000000000e+00
-9.534218537538382634e+02 -9.387816541467384468e+02 -9.518508932339133253e+02 -9.575482795160656906e+02
-9.568033224815524136e+02 -9.463748843891833076e+02 -9.501080748516741323e+02 -9.442273853026765664e+02
0.000000000000000000e+00 0.000000000000000000e+00 0.000000000000000000e+00 0.000000000000000000e+00
-9.440251503934672428e+02 -9.500694693974020311e+02 -9.437947962241785262e+02 -9.441195703773407786e+02
0.000000000000000000e+00 0.000000000000000000e+00 0.000000000000000000e+00 0.000000000000000000e+00
-9.467586533058941995e+02 -9.549509770884748150e+02 -9.581518510649608515e+02 -9.581810143425524302e+02
-9.629424694457998157e+02 -9.629202859920619630e+02 -9.568382798816463719e+02 -9.571312084684780075e+02
0.000000000000000000e+00 0.000000000000000000e+00 0.000000000000000000e+00 0.000000000000000000e+00
0.000000000000000000e+00 0.000000000000000000e+00 0.000000000000000000e+00 0.000000000000000000e+00
-1.666138478950414878e+02 -2.360352098402869956e+02 -3.022264161696579965e+00 -1.730450422955496492e+02
-3.342723476371777451e+02 -2.995812641325667869e+02 -5.924923263420960318e+00 -3.205800618387406189e+02
-4.497541047646471952e+02 -4.430228891484281348e+02 -1.575829680308535501e+02 -4.519765169312298667e+02
-5.197628513682435596e+02 -5.199118059046236340e+02 -4.158519482238873479e+02 -5.157839448666336466e+02
-5.912378456936612565e+02 -5.960032331999417465e+02 -5.371120310882927242e+02 -6.059149819573777904e+02
-6.384080587440075760e+02 -6.335677834915042013e+02 -6.134150594082301495e+02 -6.340220318074007082e+02
0.000000000000000000e+00 0.000000000000000000e+00 0.000000000000000000e+00 0.000000000000000000e+00
-7.306687512294831777e+02 -7.291720993008706273e+02 -7.255589985703602451e+02 -7.258162587045235341e+02
0.000000000000000000e+00 0.000000000000000000e+00 0.000000000000000000e+00 0.000000000000000000e+00
-7.771489806002995238e+02 -7.789410278719853977e+02 -7.753504353104482334e+02 -7.794044652046859483e+02
-7.800866078258380867e+02 -7.771710124163345199e+02 -7.784557896750862938e+02 -7.799773237519910936e+02
0.000000000000000000e+00 0.000000000000000000e+00 0.000000000000000000e+00 0.000000000000000000e+00
-9.561884334738630287e+02 -9.452627201592410984e+02 -9.427904898426148748e+02 -9.431152639957768997e+02
0.000000000000000000e+00 0.000000000000000000e+00 0.000000000000000000e+00 0.000000000000000000e+00
-9.482357624629898964e+02 -9.517809697994848648e+02 -9.360135054827605927e+02 -9.443548935835999600e+02
0.000000000000000000e+00 0.000000000000000000e+00 0.000000000000000000e+00 0.000000000000000000e+00
-9.401635971105258704e+02 -9.401659046219114089e+02 -9.518865494857882368e+02 -9.576501719648977087e+02
-9.626685846801294701e+02 -9.565793605908373820e+02 -9.558072954487793140e+02 -9.562910750133211195e+02
0.000000000000000000e+00 0.000000000000000000e+00 0.000000000000000000e+00 0.000000000000000000e+00
0.000000000000000000e+00 0.000000000000000000e+00 0.000000000000000000e+00 0.000000000000000000e+00
0.000000000000000000e+00 0.000000000000000000e+00 0.000000000000000000e+00 0.000000000000000000e+00
-3.171927146888505717e+02 -8.699675469799210248e+00 -3.440040541924223021e+02 -3.840321102100558051e+02
-3.467767558414663540e+02 -4.506297383867760118e+02 -1.134085251157400620e+01 -4.193698097266416198e+02
0.000000000000000000e+00 0.000000000000000000e+00 0.000000000000000000e+00 0.000000000000000000e+00
-6.404403923613930374e+02 -6.223819305449109152e+02 -6.373971227047807133e+02 -6.401806951137846227e+02
-6.720214532235952447e+02 -6.525396312262370202e+02 -6.711760326625767448e+02 -6.681087683374422568e+02
-7.186260823884911133e+02 -7.199727627581638671e+02 -6.998830142790226319e+02 -7.214383869410341958e+02
-7.422985262488690523e+02 -7.369274515263525700e+02 -7.411081405162785813e+02 -7.364774828278104906e+02
-7.575625463869927216e+02 -7.575563288122617678e+02 -7.590243297320178044e+02 -7.614068774394407910e+02
-7.714477949409171060e+02 -7.723764691325543481e+02 -7.710066958064884375e+02 -7.696347211521257350e+02
-7.760646756912448154e+02 -7.750957027341200956e+02 -7.759360229359720051e+02 -7.719085896504096809e+02
0.000000000000000000e+00 0.000000000000000000e+00 0.000000000000000000e+00 0.000000000000000000e+00
-9.534094616399871711e+02 -9.429638217992933278e+02 -9.355355038257648630e+02 -9.374470960391627159e+02
0.000000000000000000e+00 0.000000000000000000e+00 0.000000000000000000e+00 0.000000000000000000e+00
-9.456248019962278022e+02 -9.534036109036949256e+02 -9.525538709124750767e+02 -9.457221969970180453e+02
0.000000000000000000e+00 0.000000000000000000e+00 0.000000000000000000e+00 0.000000000000000000e+00
-9.520918450951116938e+02 -9.351962348461555621e+02 -9.411157552582753851e+02 -9.496822563258906484e+02
-9.530317852588099186e+02 -9.587393028019595249e+02 -9.585171095471673652e+02 -9.549461603982606448e+02
0.000000000000000000e+00 0.000000000000000000e+00 0.000000000000000000e+00 0.000000000000000000e+00
0.000000000000000000e+00 0.000000000000000000e+00 0.000000000000000000e+00 0.000000000000000000e+00
0.000000000000000000e+00 0.000000000000000000e+00 0.000000000000000000e+00 0.000000000000000000e+00
0.000000000000000000e+00 0.000000000000000000e+00 0.000000000000000000e+00 0.000000000000000000e+00
-3.895541117348211060e+02 -1.384934209833327401e+01 -4.201776114501553820e+02 -3.109834572811195130e+02
0.000000000000000000e+00 0.000000000000000000e+00 0.000000000000000000e+00 0.000000000000000000e+00
-6.471276307453753134e+02 -6.414697849303754538e+02 -6.434925635420843264e+02 -6.437004767824374767e+02
0.000000000000000000e+00 0.000000000000000000e+00 0.000000000000000000e+00 0.000000000000000000e+00
-7.413381983965379050e+02 -7.319470291779010722e+02 -7.400270075964195939e+02 -7.399064102695465408e+02
0.000000000000000000e+00 0.000000000000000000e+00 0.000000000000000000e+00 0.000000000000000000e+00
-7.686992515812702322e+02 -7.711300561728997991e+02 -7.686512915064976141e+02 -7.689581146403668299e+02
0.000000000000000000e+00 0.000000000000000000e+00 0.000000000000000000e+00 0.000000000000000000e+00
0.000000000000000000e+00 0.000000000000000000e+00 0.000000000000000000e+00 0.000000000000000000e+00
-9.360906768812754990e+02 -9.405434064374812806e+02 -9.408683763376906199e+02 -9.424961259707031331e+02
-9.445151187031202653e+02 -9.409762831820049769e+02 -9.373162076775290643e+02 -9.348194482774342760e+02
-9.423013274867213340e+02 -9.436757522365260229e+02 -9.364075561294340559e+02 -9.471403733454990288e+02
-9.519166472081240045e+02 -9.522623481021363432e+02 -9.416880397238621754e+02 -9.403410762708875836e+02
-9.402406068635866632e+02 -9.422454694947497273e+02 -9.487670499917699090e+02 -9.439334425265503796e+02
-9.420466960173830557e+02 -9.430909483556787336e+02 -9.534131439630596105e+02 -9.524347689950602671e+02
0.000000000000000000e+00 0.000000000000000000e+00 0.000000000000000000e+00 0.000000000000000000e+00
0.000000000000000000e+00 0.000000000000000000e+00 0.000000000000000000e+00 0.000000000000000000e+00
-5.883038518471067846e+02 -5.884429454771166093e+02 -5.885820391071267750e+02 -5.891802544297536315e+02
-5.878965210569767805e+02 -5.880078615346483275e+02 -5.882267286395617703e+02 -5.903592352941911940e+02
-5.876608191093417872e+02 -5.876083836970566381e+02 -5.878134929494317475e+02 -1.722943118459359937e+02
-4.275536750877103032e+02 -1.623011675683052246e+01 -4.677359228748622968e+02 -5.780144696553555832e+02
-6.099118119066321242e+02 -6.105270195767247969e+02 -5.502581109158586514e+02 -6.177625648862142498e+02
-6.477670280474638957e+02 -6.455372511273430973e+02 -6.467843699583991111e+02 -6.479093928124723334e+02
0.000000000000000000e+00 0.000000000000000000e+00 0.000000000000000000e+00 0.000000000000000000e+00
-7.510192398181350200e+02 -7.477143228065972380e+02 -7.506839855628197711e+02 -7.506635614555967777e+02
0.000000000000000000e+00 0.000000000000000000e+00 0.000000000000000000e+00 0.000000000000000000e+00
-7.805066296807924573e+02 -7.802924102024190915e+02 -7.776220003494214552e+02 -7.772901757615260294e+02
-7.853351253451992307e+02 -7.855606477039842730e+02 -7.858792010575871245e+02 -7.872687773208535873e+02
-8.257065999852155755e+02 -8.038928760875310218e+02 -8.042300271161414003e+02 -8.067973949884025160e+02
0.000000000000000000e+00 0.000000000000000000e+00 0.000000000000000000e+00 0.000000000000000000e+00
-9.404189141748433940e+02 -9.315165281947439553e+02 -9.295302824199388851e+02 -9.299144854206897435e+02
0.000000000000000000e+00 0.000000000000000000e+00 0.000000000000000000e+00 0.000000000000000000e+00
0.000000000000000000e+00 0.000000000000000000e+00 0.000000000000000000e+00 0.000000000000000000e+00
0.000000000000000000e+00 0.000000000000000000e+00 0.000000000000000000e+00 0.000000000000000000e+00
-9.337097589240278239e+02 -9.478614994414901957e+02 -9.379245130566929447e+02 -9.452566085115546457e+02
-9.476195534211951781e+02 -9.455924988500537438e+02 -9.479983191650983372e+02 -9.469438253538449999e+02
0.000000000000000000e+00 0.000000000000000000e+00 0.000000000000000000e+00 0.000000000000000000e+00
0.000000000000000000e+00 0.000000000000000000e+00 0.000000000000000000e+00 0.000000000000000000e+00
0.000000000000000000e+00 0.000000000000000000e+00 0.000000000000000000e+00 0.000000000000000000e+00
-6.069782047541548309e+02 -4.494096018263936685e+02 -6.053911251903691664e+02 -6.051346813770190920e+02
-4.489000158572137025e+02 -1.848817213190792685e+01 -5.760296391516278618e+02 -5.443763171859068279e+02
0.000000000000000000e+00 0.000000000000000000e+00 0.000000000000000000e+00 0.000000000000000000e+00
-6.731431296961148973e+02 -6.677636614966329489e+02 -6.727993736452184521e+02 -6.732072241681560172e+02
0.000000000000000000e+00 0.000000000000000000e+00 0.000000000000000000e+00 0.000000000000000000e+00
-7.641329760341118345e+02 -7.576359879525771248e+02 -7.599998387738916108e+02 -7.633062028409975710e+02
-7.738038626667175777e+02 -7.740313502885032904e+02 -7.736487992071481585e+02 -7.773566144393212198e+02
-7.888442440249602896e+02 -7.900048730653181792e+02 -7.874972783323585190e+02 -7.873871269768253569e+02
0.000000000000000000e+00 0.000000000000000000e+00 0.000000000000000000e+00 0.000000000000000000e+00
-8.449502760976959053e+02 -8.328615697524477355e+02 -8.330574953310056117e+02 -8.332849829527915517e+02
0.000000000000000000e+00 0.000000000000000000e+00 0.000000000000000000e+00 0.000000000000000000e+00
-9.332084366160606805e+02 -9.258305990470612414e+02 -9.335857278637525951e+02 -9.334770016899325356e+02
-9.274117125839410392e+02 -9.241744979602802914e+02 -9.206426567406927006e+02 -9.170554608708982869e+02
0.000000000000000000e+00 0.000000000000000000e+00 0.000000000000000000e+00 0.000000000000000000e+00
0.000000000000000000e+00 0.000000000000000000e+00 0.000000000000000000e+00 0.000000000000000000e+00
-9.269211071901761443e+02 -9.343478861188459632e+02 -9.247434417497579489e+02 -9.257073314046044743e+02
0.000000000000000000e+00 0.000000000000000000e+00 0.000000000000000000e+00 0.000000000000000000e+00
0.000000000000000000e+00 0.000000000000000000e+00 0.000000000000000000e+00 0.000000000000000000e+00
-6.348200944697631485e+02 -6.380764147436890426e+02 -6.347831081876513508e+02 -6.382807699535933352e+02
-6.246341743776556541e+02 -6.248420876180089181e+02 -6.246284113825059876e+02 -6.261849629560881567e+02
-6.188996749410977145e+02 -5.980294826125738155e+02 -6.190970088898183121e+02 -6.208139269623038672e+02
-6.291925559042439318e+02 -2.062616545772922194e+01 -6.230758159840585222e+02 -4.390299932294375367e+02
-5.390379297584789811e+02 -5.962832497667418465e+02 -2.264412612999311136e+01 -5.415355292600772827e+02
-4.303582557814733605e+02 -6.837528912267338228e+02 -2.454108619271978498e+01 -5.664341595497061235e+02
-5.908835282375556517e+02 -5.346129212482214825e+02 -2.631680434077827968e+01 -5.381100312494352238e+02
-6.916206945889804274e+02 -7.598905972458118185e+02 -2.797236358743057849e+01 -5.614473104208493623e+02
0.000000000000000000e+00 0.000000000000000000e+00 0.000000000000000000e+00 0.000000000000000000e+00
-8.075352141612717105e+02 -8.066082387941569323e+02 -8.082257130895109185e+02 -8.085222893402672071e+02
0.000000000000000000e+00 0.000000000000000000e+00 0.000000000000000000e+00 0.000000000000000000e+00
-8.505341522810863353e+02 -8.511479888746046072e+02 -8.507840451389068903e+02 -8.510115327606920346e+02
0.000000000000000000e+00 0.000000000000000000e+00 0.000000000000000000e+00 0.000000000000000000e+00
0.000000000000000000e+00 0.000000000000000000e+00 0.000000000000000000e+00 0.000000000000000000e+00
-9.193387972684713532e+02 -9.144960206616501637e+02 -9.104039324629303565e+02 -9.141863734329745057e+02
-9.204451962305695361e+02 -9.207311725342425461e+02 -9.242811214474927510e+02 -9.236257902189130391e+02
-9.240593113889767665e+02 -9.416921104200278023e+02 -9.319041054338753156e+02 -9.300524212207302526e+02
-9.238677446693722004e+02 -9.294220820304674362e+02 -9.345558484266684900e+02 -9.323398712130721151e+02
-9.381864137084528465e+02 -9.348506752874368431e+02 -9.393731507234111859e+02 -9.352333847896928773e+02
-6.514250433673411180e+02 -6.509409948517692328e+02 -6.494134914098242461e+02 -6.514694260138794561e+02
-6.434695313159345460e+02 -6.465577477222728930e+02 -6.444749452062391128e+02 -6.436245062685432003e+02
0.000000000000000000e+00 0.000000000000000000e+00 0.000000000000000000e+00 0.000000000000000000e+00
0.000000000000000000e+00 0.000000000000000000e+00 0.000000000000000000e+00 0.000000000000000000e+00
0.000000000000000000e+00 0.000000000000000000e+00 0.000000000000000000e+00 0.000000000000000000e+00
0.000000000000000000e+00 0.000000000000000000e+00 0.000000000000000000e+00 0.000000000000000000e+00
0.000000000000000000e+00 0.000000000000000000e+00 0.000000000000000000e+00 0.000000000000000000e+00
0.000000000000000000e+00 0.000000000000000000e+00 0.000000000000000000e+00 0.000000000000000000e+00
-7.959903027788645886e+02 -2.950980312848034259e+01 -7.198483717507830306e+02 -6.516432879754539726e+02
0.000000000000000000e+00 0.000000000000000000e+00 0.000000000000000000e+00 0.000000000000000000e+00
-8.240483863309202661e+02 -8.208513282993166058e+02 -8.221507683332820307e+02 -8.209073660266782326e+02
0.000000000000000000e+00 0.000000000000000000e+00 0.000000000000000000e+00 0.000000000000000000e+00
-8.528688260895239637e+02 -8.592756916643456861e+02 -8.533795542188428271e+02 -8.572777733149971482e+02
-8.803307464804084930e+02 -8.726204741027140699e+02 -8.806449024585342613e+02 -8.707904028507766725e+02
-8.899158020082884377e+02 -8.837335180769495082e+02 -8.907353382041710574e+02 -8.884449814324142380e+02
-9.033813325235246339e+02 -9.028699250360826909e+02 -9.025461566049592648e+02 -8.990625553412093041e+02
0.000000000000000000e+00 0.000000000000000000e+00 0.000000000000000000e+00 0.000000000000000000e+00
0.000000000000000000e+00 0.000000000000000000e+00 0.000000000000000000e+00 0.000000000000000000e+00
-9.330176378546944989e+02 -9.334279738869570338e+02 -9.182420027385589947e+02 -9.273432248757342222e+02
-9.365864514817139934e+02 -9.425884207907338350e+02 -9.324493739562717565e+02 -9.428628542748737118e+02
-6.576544844258021385e+02 -6.582232487949409006e+02 -6.539249954422175506e+02 -6.541151688666743667e+02
0.000000000000000000e+00 0.000000000000000000e+00 0.000000000000000000e+00 0.000000000000000000e+00
0.000000000000000000e+00 0.000000000000000000e+00 0.000000000000000000e+00 0.000000000000000000e+00
-8.617598041529381589e+02 -8.631341036759295093e+02 -8.634394983129712955e+02 -8.642867909264239188e+02
-8.640998968651709902e+02 -8.613644948591836510e+02 -8.625541292341074495e+02 -8.613041363970546627e+02
-8.564836004271131742e+02 -8.560794847493656334e+02 -8.582482256041407709e+02 -8.576293885542637554e+02
-8.526326474660778558e+02 -8.512044619416637943e+02 -8.508762857909449622e+02 -8.522319427147790520e+02
-8.462922519377439130e+02 -8.467492187517698312e+02 -8.462907336092862352e+02 -3.080426310714490796e+02
-5.617377945276903120e+02 -3.093142493539434312e+01 -8.332434750475410965e+02 -7.540722963572625304e+02
-8.407046880825612334e+02 -8.400903737424749806e+02 -2.997205041681027069e+02 -8.395616309831527815e+02
-8.332616596348709663e+02 -8.327317976545417650e+02 -8.332741155974658795e+02 -8.324380776156964430e+02
-8.379364247052793644e+02 -8.382349543337207933e+02 -8.384892152368239522e+02 -8.395986629087608435e+02
-8.504710834017315619e+02 -8.504460158492195205e+02 -8.482015496230940244e+02 -8.490719639339050673e+02
0.000000000000000000e+00 0.000000000000000000e+00 0.000000000000000000e+00 0.000000000000000000e+00
-9.027860287166028002e+02 -8.975793249369824025e+02 -8.983858741517815361e+02 -8.983040875833385144e+02
0.000000000000000000e+00 0.000000000000000000e+00 0.000000000000000000e+00 0.000000000000000000e+00
-9.409496886099836956e+02 -9.405982105109187614e+02 -9.409326598899280043e+02 -9.448657903281632571e+02
-9.476932447500657872e+02 -9.454259519557259637e+02 -9.469270101568903328e+02 -9.424556271039996318e+02
0.000000000000000000e+00 0.000000000000000000e+00 0.000000000000000000e+00 0.000000000000000000e+00
-9.302612353231090765e+02 -9.458670151481755966e+02 -9.417418940176694377e+02 -9.388793104737416115e+02
0.000000000000000000e+00 0.000000000000000000e+00 0.000000000000000000e+00 0.000000000000000000e+00
0.000000000000000000e+00 0.000000000000000000e+00 0.000000000000000000e+00 0.000000000000000000e+00
-8.754184271467318013e+02 -8.740791043050662665e+02 -8.744328751197666634e+02 -8.747866459344670602e+02
0.000000000000000000e+00 0.000000000000000000e+00 0.000000000000000000e+00 0.000000000000000000e+00
-8.646049612738567021e+02 -8.633061083352737342e+02 -8.604489613186727865e+02 -8.604150450030139154e+02
-8.584650489209627722e+02 -8.625410548610256001e+02 -8.613136147242000789e+02 -8.625280957543366185e+02
0.000000000000000000e+00 0.000000000000000000e+00 0.000000000000000000e+00 0.000000000000000000e+00
-8.548596421252602795e+02 -6.228074798980435389e+02 -8.543003905498060249e+02 -8.544956946367669843e+02
-6.876174450526352757e+02 -3.223692121482144302e+01 -8.006968114520859672e+02 -8.218462211726497344e+02
-8.517666067383092923e+02 -6.553869809381326377e+02 -8.508495472473412065e+02 -8.503447495136473435e+02
0.000000000000000000e+00 0.000000000000000000e+00 0.000000000000000000e+00 0.000000000000000000e+00
0.000000000000000000e+00 0.000000000000000000e+00 0.000000000000000000e+00 0.000000000000000000e+00
-8.628110939415494158e+02 -8.638595737424153640e+02 -8.619364508372632372e+02 -8.622418454743049097e+02
0.000000000000000000e+00 0.000000000000000000e+00 0.000000000000000000e+00 0.000000000000000000e+00
-9.147379803898859336e+02 -9.091773100821346816e+02 -9.102720878194954821e+02 -9.153795983783664951e+02
-9.305817551488919435e+02 -9.256109202627607146e+02 -9.305359544345094491e+02 -9.292001927870843474e+02
-9.395475912411471882e+02 -9.360761683255900607e+02 -9.418727480028413765e+02 -9.403037121539799728e+02
-9.415248799272167162e+02 -9.435666441448041724e+02 -9.454497791107983176e+02 -9.428684927551237251e+02
-9.471925481263674556e+02 -9.475559651702533301e+02 -9.494816294927726403e+02 -9.450647616636333623e+02
0.000000000000000000e+00 0.000000000000000000e+00 0.000000000000000000e+00 0.000000000000000000e+00
0.000000000000000000e+00 0.000000000000000000e+00 0.000000000000000000e+00 0.000000000000000000e+00
-8.713088445330871536e+02 -8.716432939120963965e+02 -8.719777432911054120e+02 -8.731505991024965851e+02
-8.731749888705935518e+02 -8.727679174385776832e+02 -8.712116258169816092e+02 -8.728915924945280267e+02
-8.674753358933477330e+02 -8.686224133140092363e+02 -8.680707533840997030e+02 -8.682490145080583943e+02
-8.662344055942995737e+02 -8.631800427335207360e+02 -8.628760384421699428e+02 -8.669963974825639070e+02
-8.648822459080082581e+02 -8.662170857144706133e+02 -8.623969676407066345e+02 -8.622313086780918638e+02
0.000000000000000000e+00 0.000000000000000000e+00 0.000000000000000000e+00 0.000000000000000000e+00
-8.626891797778187083e+02 -8.340410126706318579e+02 -8.623449919117426816e+02 -8.644676356691512638e+02
-5.829277687930537013e+02 -3.342361767009690254e+01 -8.601625595521386458e+02 -8.619978019593310137e+02
-8.601807488272687579e+02 -8.353554814459480440e+02 -8.618141703419900068e+02 -8.604454392712167419e+02
-8.654827074360928236e+02 -8.651855505656586729e+02 -8.649039728845444870e+02 -8.667318232785712553e+02
-8.700686383704629634e+02 -8.701029507637687175e+02 -8.678120049020536726e+02 -8.719077186490038684e+02
-8.757949556752498665e+02 -8.745337468983209419e+02 -8.721721423749061159e+02 -8.719485699262160097e+02
0.000000000000000000e+00 0.000000000000000000e+00 0.000000000000000000e+00 0.000000000000000000e+00
-9.058501141494281228e+02 -9.129239094165617416e+02 -9.020313988947885946e+02 -9.083485534107589956e+02
0.000000000000000000e+00 0.000000000000000000e+00 0.000000000000000000e+00 0.000000000000000000e+00
-9.500409312482145197e+02 -9.496871778808432509e+02 -9.475522403854645290e+02 -9.441174426351592501e+02
-9.436142667845854248e+02 -9.440940217903395251e+02 -9.490122342288600521e+02 -9.477771839038573489e+02
0.000000000000000000e+00 0.000000000000000000e+00 0.000000000000000000e+00 0.000000000000000000e+00
0.000000000000000000e+00 0.000000000000000000e+00 0.000000000000000000e+00 0.000000000000000000e+00
0.000000000000000000e+00 0.000000000000000000e+00 0.000000000000000000e+00 0.000000000000000000e+00
0.000000000000000000e+00 0.000000000000000000e+00 0.000000000000000000e+00 0.000000000000000000e+00
0.000000000000000000e+00 0.000000000000000000e+00 0.000000000000000000e+00 0.000000000000000000e+00
0.000000000000000000e+00 0.000000000000000000e+00 0.000000000000000000e+00 0.000000000000000000e+00
0.000000000000000000e+00 0.000000000000000000e+00 0.000000000000000000e+00 0.000000000000000000e+00
0.000000000000000000e+00 0.000000000000000000e+00 0.000000000000000000e+00 0.000000000000000000e+00
-9.281079244520369684e+02 -9.271265155631454036e+02 -9.243804886099514988e+02 -9.271512926752667454e+02
0.000000000000000000e+00 0.000000000000000000e+00 0.000000000000000000e+00 0.000000000000000000e+00
-6.590612658215724196e+02 -3.449482804469835173e+01 -8.080059400107764986e+02 -8.052646371134234187e+02
0.000000000000000000e+00 0.000000000000000000e+00 0.000000000000000000e+00 0.000000000000000000e+00
0.000000000000000000e+00 0.000000000000000000e+00 0.000000000000000000e+00 0.000000000000000000e+00
0.000000000000000000e+00 0.000000000000000000e+00 0.000000000000000000e+00 0.000000000000000000e+00
-8.888278591498435617e+02 -8.896885337285666537e+02 -8.900862076726244823e+02 -8.880550959456095370e+02
-8.933561768899429580e+02 -8.923607095939667033e+02 -8.946812687411965044e+02 -8.949155649834892756e+02
-8.985887621198231727e+02 -9.064276491243238070e+02 -8.959762852830217525e+02 -8.952417197282338748e+02
0.000000000000000000e+00 0.000000000000000000e+00 0.000000000000000000e+00 0.000000000000000000e+00
-9.502267226388937615e+02 -9.538307306258719791e+02 -9.486737793068256224e+02 -9.516326408331025277e+02
-9.465243872141584234e+02 -9.518935352088665240e+02 -9.486059769899475214e+02 -9.520102615127432273e+02
-9.580226410159129955e+02 -9.529750883358996134e+02 -9.583557253547426171e+02 -9.555817241518088849e+02
-9.612242002252074826e+02 -9.625396306823917030e+02 -9.635779936111027837e+02 -9.571962170904076856e+02
-9.355669511017722471e+02 -9.361068783389516739e+02 -9.367037933706710646e+02 -9.370552551404593942e+02
-9.335278845581233327e+02 -9.352106297057752045e+02 -9.354670430169467181e+02 -9.360889307020090655e+02
-9.330753431696866755e+02 -9.333887991265723940e+02 -9.339664807137210119e+02 -9.335161155081704010e+02
-9.280754638158936132e+02 -9.306651250491956944e+02 -9.321026910132599141e+02 -9.312983121940619640e+02
-9.308484584563107092e+02 -9.314462857571039649e+02 -9.282730910534097575e+02 -9.314778231679974851e+02
-9.284229676041913990e+02 -9.283620867123739799e+02 -9.291409366528736200e+02 -9.287549604792162654e+02
-9.287771449481138006e+02 -9.261652040203185834e+02 -9.257169397762020253e+02 -9.288606108221511022e+02
-8.365284056193470406e+02 -9.250820526051177239e+02 -9.255735656703291170e+02 -9.250541508203743888e+02
-9.140820352093153360e+02 -3.544673985155765195e+01 -9.054931772939119128e+02 -9.017164096245579685e+02
-9.091447241893462206e+02 -9.090899080358946094e+02 -7.450386112800543970e+02 -9.096249692169191121e+02
-9.058284340974799989e+02 -9.057549059375027127e+02 -9.036405345767321933e+02 -9.069692164957365321e+02
-9.034769462918271756e+02 -9.038003970637251996e+02 -9.014732083301803414e+02 -9.042026744721374598e+02
-8.948501363899948728e+02 -8.956256024563465417e+02 -8.978270595963427922e+02 -8.978056008129709653e+02
-8.951321808205234447e+02 -8.975727438081586342e+02 -8.970923761911619749e+02 -8.970264436741643976e+02
-8.969894667901937737e+02 -8.984062184093827454e+02 -9.000471101870708708e+02 -8.991343951137275781e+02
0.000000000000000000e+00 0.000000000000000000e+00 0.000000000000000000e+00 0.000000000000000000e+00
0.000000000000000000e+00 0.000000000000000000e+00 0.000000000000000000e+00 0.000000000000000000e+00
-9.515089228660289109e+02 -9.569533919271353852e+02 -9.564470731211758903e+02 -9.519135078211728569e+02
0.000000000000000000e+00 0.000000000000000000e+00 0.000000000000000000e+00 0.000000000000000000e+00
-9.616331846243182326e+02 -9.680530547118587492e+02 -9.656242484825374959e+02 -9.680675495813909492e+02
0.000000000000000000e+00 0.000000000000000000e+00 0.000000000000000000e+00 0.000000000000000000e+00
0.000000000000000000e+00 0.000000000000000000e+00 0.000000000000000000e+00 0.000000000000000000e+00
0.000000000000000000e+00 0.000000000000000000e+00 0.000000000000000000e+00 0.000000000000000000e+00
0.000000000000000000e+00 0.000000000000000000e+00 0.000000000000000000e+00 0.000000000000000000e+00
0.000000000000000000e+00 0.000000000000000000e+00 0.000000000000000000e+00 0.000000000000000000e+00
0.000000000000000000e+00 0.000000000000000000e+00 0.000000000000000000e+00 0.000000000000000000e+00
0.000000000000000000e+00 0.000000000000000000e+00 0.000000000000000000e+00 0.000000000000000000e+00
-9.346988113007798802e+02 -9.346096649192586483e+02 -9.326474749195664344e+02 -4.684342444827549343e+02
-6.452785566046891290e+02 -3.629600609058587679e+01 -8.918315287575961747e+02 -6.740964096345001053e+02
0.000000000000000000e+00 0.000000000000000000e+00 0.000000000000000000e+00 0.000000000000000000e+00
0.000000000000000000e+00 0.000000000000000000e+00 0.000000000000000000e+00 0.000000000000000000e+00
0.000000000000000000e+00 0.000000000000000000e+00 0.000000000000000000e+00 0.000000000000000000e+00
0.000000000000000000e+00 0.000000000000000000e+00 0.000000000000000000e+00 0.000000000000000000e+00
0.000000000000000000e+00 0.000000000000000000e+00 0.000000000000000000e+00 0.000000000000000000e+00
0.000000000000000000e+00 0.000000000000000000e+00 0.000000000000000000e+00 0.000000000000000000e+00
0.000000000000000000e+00 0.000000000000000000e+00 0.000000000000000000e+00 0.000000000000000000e+00
-9.639741244958852349e+02 -9.643375415397706547e+02 -9.647009585836570977e+02 -9.692290689535589081e+02
-9.605013343282457754e+02 -9.634831489482678535e+02 -9.638761520518443149e+02 -9.614157892044316895e+02
-9.677095039299606469e+02 -9.656833811260129323e+02 -9.689395859716839823e+02 -9.658038031353969473e+02
0.000000000000000000e+00 0.000000000000000000e+00 0.000000000000000000e+00 0.000000000000000000e+00
-9.711251614876234726e+02 -9.710375430095866705e+02 -9.694580727061072594e+02 -9.712733719372824908e+02
-9.690102876816496291e+02 -9.695075561540360241e+02 -9.701214199449782427e+02 -9.702908843591844743e+02
-9.708823144407954260e+02 -9.696310374872770126e+02 -9.687781304807901961e+02 -9.711586569057377574e+02
-9.667398636240046699e+02 -9.681274998292930150e+02 -9.671449275406104107e+02 -9.688407095978221832e+02
-9.634903144862449835e+02 -9.632686844453572803e+02 -9.642672840005693615e+02 -9.657808877366020397e+02
-9.606580949648209753e+02 -9.598549479071332371e+02 -9.612986217177686967e+02 -9.620469364940601054e+02
-9.572451590498532141e+02 -9.581234029211926781e+02 -9.565832453899836310e+02 -9.575835631709260269e+02
-9.459286517036649684e+02 -9.210931009630337485e+02 -9.474917937829764014e+02 -9.476535272816518045e+02
-9.355951299708260649e+02 -3.704352987928734109e+01 -9.440811802303940112e+02 -8.570761149489289892e+02
-8.643572752392138909e+02 -9.567189442634162333e+02 -3.768461580598483351e+01 -8.643405005736888143e+02
-8.936250009235834568e+02 -7.904518217078407361e+02 -3.821715590096179227e+01 -8.606769531890479357e+02
-8.820319643021510956e+02 -7.218521182056971384e+02 -3.864183668855863374e+01 -8.820492706650713899e+02
-7.540506331295707696e+02 -8.721336876281222885e+02 -3.896115301632953276e+01 -7.861856065372325020e+02
-6.918128751119807021e+02 -9.953774443830617429e+02 -3.917781124491138200e+01 -9.963908956659375917e+02
-1.004370671454015906e+03 -6.564937867596825072e+02 -3.929351670713722200e+01 -9.088405710037818608e+02
-9.124555538122901908e+02 -8.251287332112466402e+02 -3.930894055113032692e+01 -1.009291929739857665e+03
0.000000000000000000e+00 0.000000000000000000e+00 0.000000000000000000e+00 0.000000000000000000e+00
-9.631249717559584269e+02 -9.632593087112165904e+02 -9.669529179544153976e+02 -9.676424750116323139e+02
-9.677642082143140669e+02 -9.717717296925302435e+02 -9.698632493653572055e+02 -9.686059771691217293e+02
-9.687929447176284157e+02 -9.692044484067831718e+02 -9.727821862819355374e+02 -9.705593231775393406e+02
0.000000000000000000e+00 0.000000000000000000e+00 0.000000000000000000e+00 0.000000000000000000e+00
0.000000000000000000e+00 0.000000000000000000e+00 0.000000000000000000e+00 0.000000000000000000e+00
-9.708284110701396230e+02 -9.740327710070434932e+02 -9.741596738289879340e+02 -9.729486248994994639e+02
0.000000000000000000e+00 0.000000000000000000e+00 0.000000000000000000e+00 0.000000000000000000e+00
0.000000000000000000e+00 0.000000000000000000e+00 0.000000000000000000e+00 0.000000000000000000e+00
-9.618927437399452174e+02 -9.620597330810289805e+02 -9.615808965302425122e+02 -9.612689687739538158e+02
-9.620218398946010439e+02 -9.600600265132886761e+02 -9.613393426078001767e+02 -9.600892653507519299e+02
0.000000000000000000e+00 0.000000000000000000e+00 0.000000000000000000e+00 0.000000000000000000e+00
-9.561535991838169366e+02 -8.300379382668504604e+02 -9.570122350215065126e+02 -9.565791873303670627e+02
0.000000000000000000e+00 0.000000000000000000e+00 0.000000000000000000e+00 0.000000000000000000e+00
0.000000000000000000e+00 0.000000000000000000e+00 0.000000000000000000e+00 0.000000000000000000e+00
0.000000000000000000e+00 0.000000000000000000e+00 0.000000000000000000e+00 0.000000000000000000e+00
0.000000000000000000e+00 0.000000000000000000e+00 0.000000000000000000e+00 0.000000000000000000e+00
0.000000000000000000e+00 0.000000000000000000e+00 0.000000000000000000e+00 0.000000000000000000e+00
-1.011083087777913192e+03 -8.208196652882270428e+02 -1.011160870194142603e+03 -1.011023692684696016e+03
-9.152119894230319233e+02 -3.922438985796696898e+01 -9.941563457904832148e+02 -8.301978463962464048e+02
0.000000000000000000e+00 0.000000000000000000e+00 0.000000000000000000e+00 0.000000000000000000e+00
0.000000000000000000e+00 0.000000000000000000e+00 0.000000000000000000e+00 0.000000000000000000e+00
0.000000000000000000e+00 0.000000000000000000e+00 0.000000000000000000e+00 0.000000000000000000e+00
0.000000000000000000e+00 0.000000000000000000e+00 0.000000000000000000e+00 0.000000000000000000e+00
-9.762562799237110767e+02 -9.753701982012432836e+02 -9.760754040725773848e+02 -9.747769041865014970e+02
0.000000000000000000e+00 0.000000000000000000e+00 0.000000000000000000e+00 0.000000000000000000e+00
-9.723448056900891743e+02 -9.741800339450962838e+02 -9.734578854366909582e+02 -9.715755165063363847e+02
0.000000000000000000e+00 0.000000000000000000e+00 0.000000000000000000e+00 0.000000000000000000e+00
0.000000000000000000e+00 0.000000000000000000e+00 0.000000000000000000e+00 0.000000000000000000e+00
-9.625270080225423044e+02 -9.628807033552426446e+02 -9.621851037271571840e+02 -9.631611825758866416e+02
-9.639973061438820423e+02 -9.636937116379172039e+02 -9.628214263119916723e+02 -9.643091633732180981e+02
-9.640904084702266346e+02 -9.655955049570907249e+02 -9.646963105470492792e+02 -9.661081854375827334e+02
-9.680604462001589354e+02 -9.670309874813481201e+02 -9.661304538928392276e+02 -9.695963116469115448e+02
-9.756618040753312471e+02 -9.749061647518835798e+02 -9.752081726239248383e+02 -9.729615950902249324e+02
0.000000000000000000e+00 0.000000000000000000e+00 0.000000000000000000e+00 0.000000000000000000e+00
0.000000000000000000e+00 0.000000000000000000e+00 0.000000000000000000e+00 0.000000000000000000e+00
0.000000000000000000e+00 0.000000000000000000e+00 0.000000000000000000e+00 0.000000000000000000e+00
0.000000000000000000e+00 0.000000000000000000e+00 0.000000000000000000e+00 0.000000000000000000e+00
0.000000000000000000e+00 0.000000000000000000e+00 0.000000000000000000e+00 0.000000000000000000e+00
-9.303366271442581592e+02 -3.904037501112742348e+01 -9.968098220551271424e+02 -7.823240800464271842e+02
-9.695766882904536033e+02 -7.039095795356062126e+02 -3.875776279392243850e+01 -6.829888311106719812e+02
0.000000000000000000e+00 0.000000000000000000e+00 0.000000000000000000e+00 0.000000000000000000e+00
-1.024409429350408118e+03 -1.023124514153681162e+03 -1.024389438421258092e+03 -1.023406226467497618e+03
-1.022436554505723052e+03 -1.023985603470560363e+03 -1.024214147209815110e+03 -1.023818770840011211e+03
-9.758440157147849732e+02 -9.750454998422399058e+02 -9.756809495082418380e+02 -9.759118959792721171e+02
-9.764830194305191071e+02 -9.757851376532476024e+02 -9.745208970133644470e+02 -9.773276214873108074e+02
-9.754004080265423227e+02 -9.756604299511376439e+02 -9.748258582783031443e+02 -9.731266630196516871e+02
-9.763205176682122328e+02 -9.742117549774116014e+02 -9.744448939801210372e+02 -9.761252221998425966e+02
0.000000000000000000e+00 0.000000000000000000e+00 0.000000000000000000e+00 0.000000000000000000e+00
0.000000000000000000e+00 0.000000000000000000e+00 0.000000000000000000e+00 0.000000000000000000e+00
-9.663881032643828348e+02 -9.662388647536402004e+02 -9.661238026291614460e+02 -9.658250560391137469e+02
0.000000000000000000e+00 0.000000000000000000e+00 0.000000000000000000e+00 0.000000000000000000e+00
-9.741926550081117284e+02 -9.760331728601779560e+02 -9.767052029050076953e+02 -9.743310307186445698e+02
-9.809857940041471238e+02 -9.802917193178593607e+02 -9.813078031083493897e+02 -9.821757966339467885e+02
-9.900290091480037518e+02 -9.885353909628748852e+02 -9.895740956307264469e+02 -9.900722338425241560e+02
-9.954132686905777518e+02 -9.952382441569129696e+02 -9.970910117149958296e+02 -9.959152534427721548e+02
-1.002213493851708563e+03 -1.002411665524389036e+03 -1.003088659012942458e+03 -1.001745661986019968e+03
-1.005053044049441041e+03 -1.006368141497304009e+03 -1.006499140387327543e+03 -1.006226247788600404e+03
0.000000000000000000e+00 0.000000000000000000e+00 0.000000000000000000e+00 0.000000000000000000e+00
0.000000000000000000e+00 0.000000000000000000e+00 0.000000000000000000e+00 0.000000000000000000e+00
-1.023067867574493448e+03 -6.929280655048510198e+02 -1.023269360152939498e+03 -1.022676793901835367e+03
-1.024307388214235289e+03 -1.024034055103614492e+03 -1.024563002184449488e+03 -1.023325653519953789e+03
-1.023627029991803056e+03 -1.023482780440652391e+03 -1.024569882605159364e+03 -1.023215071735400329e+03
0.000000000000000000e+00 0.000000000000000000e+00 0.000000000000000000e+00 0.000000000000000000e+00
0.000000000000000000e+00 0.000000000000000000e+00 0.000000000000000000e+00 0.000000000000000000e+00
-9.774734108645095603e+02 -9.775412933561699447e+02 -9.768339576862896365e+02 -9.764238040723987524e+02
-9.766317479423114492e+02 -9.759404165104116373e+02 -9.771378299643604350e+02 -9.759537526457797867e+02
-9.769344358461344200e+02 -9.762413397780891273e+02 -9.768737664224291848e+02 -9.760695144494764008e+02
0.000000000000000000e+00 0.000000000000000000e+00 0.000000000000000000e+00 0.000000000000000000e+00
0.000000000000000000e+00 0.000000000000000000e+00 0.000000000000000000e+00 0.000000000000000000e+00
-9.683284034250964396e+02 -9.682153750715604019e+02 -9.676639792661004549e+02 -9.665995691960396243e+02
-9.674250643251043584e+02 -9.676612713510082813e+02 -9.678360049680860584e+02 -9.668942712700936681e+02
0.000000000000000000e+00 0.000000000000000000e+00 0.000000000000000000e+00 0.000000000000000000e+00
-9.831836625502969582e+02 -9.838120348757800002e+02 -9.830000587846527651e+02 -9.835398472489032429e+02
-9.880158664257063492e+02 -9.888208979814445456e+02 -9.857959101035048661e+02 -9.857057707671547178e+02
0.000000000000000000e+00 0.000000000000000000e+00 0.000000000000000000e+00 0.000000000000000000e+00
-1.002738515381414118e+03 -1.004971003220065086e+03 -1.005026836729956926e+03 -1.004950720432360413e+03
-1.007610684038920908e+03 -1.009342642410884309e+03 -1.007041773863278308e+03 -1.009733456711130430e+03
-1.014718546537045768e+03 -1.014084909397771526e+03 -1.014633323164701437e+03 -1.014911909333133281e+03
-1.017480280473097082e+03 -1.017518270544277584e+03 -1.018910778385800995e+03 -1.016974568191374146e+03
-1.020060264803802283e+03 -1.020631287326296842e+03 -1.020644089416726274e+03 -1.020398297361561390e+03
-1.023215631499282381e+03 -1.023920654527182705e+03 -1.021392427281380378e+03 -1.022934876598433789e+03
-1.022175433676628018e+03 -1.023903575154019563e+03 -1.022765905580200524e+03 -1.022614976432901813e+03
-1.021035157108648946e+03 -1.023275653123238726e+03 -1.023330458590403737e+03 -1.022889588201681818e+03
