-6.042147635347282913e-02 -8.114623725751744787e-02 -8.192088164589417243e-02 1.936773334994994489e+00
4.223476156568553019e-01 -8.551206080525751430e-02 3.864457642777149315e-01 1.581639515725610234e+00
5.683550923704380198e-01 -8.826468191393022078e-02 1.613993960212884438e-01 1.780043496305349970e+00
9.231496959738811903e-01 -8.795316194172082824e-02 -1.526291680043995354e-02 2.054237034071145107e+00
1.107084378965592864e+00 -8.958891267139093562e-02 5.881245929844442638e-02 1.758344931879836759e+00
1.877284949774422174e+00 -8.976390723977602237e-02 -3.189516932094584728e-02 -8.952618244922257162e-02
3.998961021606625005e-02 1.862660547288491397e+00 -8.821771196408503823e-02 6.020388211367359022e-01
3.321499403237536674e-01 9.998945522585080958e-01 1.667821243939450193e+00 2.743782996079450753e-01
1.535534465932468229e-01 8.705499954787281336e-01 1.440951109963869881e+00 6.927706376929934073e-01
1.759512683552482804e+00 3.169575874665330195e-01 4.826285849436168784e-01 2.634086856941168509e-01
7.407469633364005546e-01 1.203167306196563646e-01 1.797991613310678360e+00 1.222466599540685261e-01
8.073120410725000973e-01 4.571948778454903300e-02 1.652202808824277058e+00 -9.138558550609249265e-02
4.474842684477970539e-02 1.247408320691378192e+00 -8.971074008168039571e-02 1.790841264256235466e+00
2.292716027694242098e-01 9.366870835421793329e-01 9.906633304383005711e-02 1.697556447556814119e+00
2.290172031543501741e-01 1.530606493643198673e+00 7.873651429264644230e-02 8.381882563401007458e-01
1.833026077515286234e+00 1.151076051720570925e-01 8.145663494734520782e-01 7.061976238673717265e-01
1.319680996101368076e-01 2.706955170206448158e-01 2.607504307700238555e-01 1.740775097356231926e+00
1.985514574340483396e+00 3.982860947857829181e-01 9.766163892686154091e-02 -9.165224522411100083e-02
8.294719473127157294e-02 1.971626729491887886e+00 -8.545509678311957735e-02 1.658505622045878536e-01
1.708994193523122096e+00 1.057386612036502527e+00 1.029462128289796219e+00 3.079729885499853104e-02
1.267019421166628440e-02 1.246400405064843619e+00 1.779323513389840405e+00 5.337300451571380666e-01
1.846820345111988670e+00 -2.380640434525123361e-02 7.029352860104266520e-01 8.791317883051742443e-01
6.696702489979057538e-02 1.570523203010240954e+00 2.568708297248623595e-01 6.825244251689032149e-01
1.552812656245263767e+00 -1.369691315023274791e-02 2.062596196009932326e-01 -8.996140151751211289e-02
5.335837614411998581e-02 1.614460566165361266e+00 -8.438229453298017047e-02 2.492410572614664477e-02
1.610452627427617411e+00 4.002003143777539684e-02 7.886954194496605952e-01 1.235755408565056696e-01
7.074960324281813484e-02 1.915789515131665288e+00 9.949166775382929373e-01 4.893834908624480340e-01
5.359039199079292937e-01 1.224736695528020058e-01 6.184721823242508298e-01 1.812971440177702842e+00
5.673650078967884536e-01 1.163999353565347672e+00 5.804354546080360555e-02 7.207705492991191010e-01
1.633508130772015843e+00 7.197863724891945258e-02 2.701444317825986707e-01 -8.916770639440964319e-02
-8.321374442706318264e-02 1.924508988000791510e+00 -8.321420623400185845e-02 -5.688940857685234609e-02
-8.881649111451885015e-02 3.972414212374860559e-02 1.962495274560475123e+00 9.767485358343411250e-02
-8.993890828194134324e-02 1.634110671770424128e+00 7.122810476227129373e-01 -5.304702131060533288e-02
-9.261936471737777787e-02 4.934644026414108375e-01 1.814837519356137019e+00 3.743214847071370255e-02
-9.240081536498065407e-02 2.773156403601431674e-01 1.699975920913016303e+00 -4.554795992532664067e-02
-9.258163001523761482e-02 -8.630923796390406466e-02 1.734484512119314648e+00 -9.256284916583180922e-02
