-4.787043004856285366e-02 -8.245917128989163625e-02 -8.229789295754144640e-02 1.653626097968227571e+00
1.780655598948817753e+00 -7.247021069614241473e-02 -2.629284442040904016e-02 1.478503368858652633e+00
5.695547637527790252e-01 -6.437197996277277401e-02 2.322572412540255815e-01 1.640774598696204789e+00
9.653443164702222301e-01 -7.571383901121665760e-02 1.137630951520810785e-01 1.517026161024873865e+00
9.360033390638807793e-01 -8.287684135440843980e-02 2.208970189690990515e-01 1.754474448547583831e+00
1.886737781439673300e+00 -8.536515438860471650e-02 -8.571877536289895794e-02 -8.533004300254719288e-02
9.055048819554840922e-02 1.635525361396831245e+00 -8.634265481477017279e-02 1.476255065192922267e+00
2.708799689441456771e-01 2.046357056289206389e-01 -9.347969782514479672e-03 1.722279967890191665e+00
3.182720949286088619e-01 2.005600505856255378e+00 8.932865519726581119e-03 9.724018257755306927e-01
1.690160123138042980e+00 3.043037495513078450e-01 4.044198488090868238e-01 2.831911570946138990e-01
6.936749242158513074e-01 9.700218338837719723e-02 1.487018967838691141e+00 5.160176756006416149e-02
8.225944325367353649e-01 7.401214159793260798e-03 1.620027930291948248e+00 -8.454042495188697492e-02
-4.545421646383837611e-02 1.803061730301397603e+00 -8.114025368123906068e-02 2.038262524695289846e-01
1.813369178140860960e+00 1.017775660516301750e+00 8.658512559302066203e-01 3.789670211113721487e-02
4.719770452390823628e-02 8.494274056895532166e-01 1.809123637657510164e+00 7.323982619211781842e-01
5.265332567741590752e-01 3.567649847039405797e-02 5.299942475408369047e-01 1.371661602840061667e+00
1.109880761896432144e+00 2.344123371420519519e-01 3.534456007867255861e-02 1.710778281813444268e+00
1.755409689599530365e+00 2.628469553812187720e-01 1.783491443084160855e-01 -8.434066676389755102e-02
-3.639344293922627642e-03 1.805433967350206448e+00 -8.024417709019938949e-02 2.269881142036998256e-01
1.431296104596564867e+00 -3.527087132389186003e-02 8.564692664832667113e-01 9.981625448505902776e-02
2.720832367610668059e-02 1.895867358851095918e+00 1.204659747625858701e+00 3.206025410053403579e-02
9.799667197893553727e-03 5.092956815940296034e-01 1.681119059325099752e+00 2.012711633049868443e-01
2.036130500475683558e+00 2.564178427761266699e-01 7.060083952996125678e-01 1.301358600955010263e-02
1.007146803804586765e+00 -1.958262731524522404e-02 1.787203993308561056e+00 -8.359234080121151489e-02
-1.810750604397780295e-02 1.882015114652834553e+00 -8.159542086220920865e-02 6.015915537844441358e-02
1.733277227567638246e+00 -4.542888668051431322e-02 8.859089568472809928e-01 1.936853063336954062e-01
-3.918677822824800927e-02 7.945819089867894869e-01 9.356744295417395163e-01 1.718839935203294367e+00
2.694331715198722624e-02 1.817982656331330826e+00 -6.601671432161352639e-03 2.109822572069245949e-01
1.087154742146802189e+00 -4.867006635363814449e-02 7.989545058460676419e-01 1.857002657119421363e+00
2.004628439421262343e+00 5.205455035999919516e-02 5.766004374180453557e-02 -8.263745592097693216e-02
-8.122400157805817478e-02 1.586635623034315712e+00 -8.154471649717645598e-02 -6.325344632801761791e-02
-8.148555110691445280e-02 5.865043631452761252e-02 1.666318292824855440e+00 1.886685104284488157e-01
-8.273750726632454755e-02 1.883711139535399148e+00 7.983118106454750729e-01 -5.584084610092029249e-02
-8.513409920017835086e-02 1.101480675635340578e+00 1.781302221348705084e+00 -3.431971930220661937e-02
-8.581485506358456361e-02 6.188784525536988185e-02 1.682480090195874745e+00 8.972375689557166023e-02
-8.398069309762452861e-02 -4.424970458784728555e-02 1.662588742983475587e+00 -8.395650371785144672e-02
