3.806502825171825810e-01 -8.798796541545420014e-02 -8.817681017980057157e-02 -8.397864139225713620e-02
3.590045504061723514e-01 -9.073917842819782809e-02 5.020569966524091043e-01 1.257636827217926689e-01
2.847375814640598635e-01 -8.884220619758363691e-02 3.299226959809803961e-01 1.812832447648069778e-01
1.956932260653774791e-01 -8.878650240878176170e-02 2.570526923959017829e-01 7.870336868545711739e-02
1.797681754300961554e-01 -9.082768495490697869e-02 3.422039067091504627e-01 9.759772661860255383e-02
-5.660080935508304822e-02 -9.679077398930739651e-02 2.765983032637231442e-01 -9.682400501483785782e-02
3.324450178620530494e-01 1.421963900840832740e-01 -9.032742027356753522e-02 2.453513918244399628e-01
3.321692881466147274e-01 3.198818593472190219e-01 3.205071886307324647e-01 1.412688953950943516e-01
2.764178335623992400e-01 1.913999990584797639e-01 1.734050577317289843e-01 1.733793309580980435e-01
1.478295342029060100e-01 1.478202611264022859e-01 2.434484633256225605e-01 1.233028018729965952e-01
1.601338179034414166e-01 2.503814494804545987e-01 1.851745631452450802e-01 1.592823551605715426e-01
-2.802956413135294748e-03 4.744752627787032218e-01 2.186807629064574932e-01 -9.636584995648432572e-02
4.138397716748125621e-01 -4.554967894345251372e-02 -9.002251495713968488e-02 3.199710308038270501e-01
3.186946460860133890e-01 1.915413207199106183e-01 3.028898487288479990e-01 3.431647154045315284e-01
3.252238158000260726e-01 1.939184121914791503e-01 1.890648527503208387e-01 2.940740810373028702e-01
2.098651033075941696e-01 2.913507053038279504e-01 2.132564637609388192e-01 3.581649049341039670e-01
2.119790856903780996e-01 3.203758384457767727e-01 1.289486501720900069e-01 2.104957584093238576e-01
2.128089660459594329e-02 5.777576286541736827e-01 3.318518844419914293e-01 -9.398950090924124146e-02
3.006920391681185412e-01 8.883065483615043556e-02 -9.142148148925356710e-02 3.306851472085244326e-01
3.081828458795620174e-01 3.088139524282036974e-01 3.092865127054867380e-01 3.557969708572270573e-01
3.167364208526305402e-01 1.689138963904302237e-01 2.402035999109711217e-01 2.395217288407525680e-01
1.775897927697821788e-01 4.035236040641241306e-01 3.144455575519676249e-01 1.975785756935798942e-01
9.760030307504731495e-02 5.272973675394010407e-01 4.377137959402461753e-01 4.242608397568812806e-01
8.382093812716709391e-02 5.487465538814569888e-01 2.353274961896743289e-01 -9.489215311882760739e-02
2.185473061258085270e-01 2.186460322950993795e-01 -9.083743867481512690e-02 2.144172825298835683e-01
2.563160275294331103e-01 2.565570187306769334e-01 2.564447595018422565e-01 2.564272504386400087e-01
2.467631423151721293e-01 1.835368465401528981e-01 2.943142542409852846e-01 2.563652787907584885e-01
2.587152023371087628e-01 2.684169501275583403e-01 2.589736525753630891e-01 2.592450096031606588e-01
3.339910371836429803e-01 4.953120210187319516e-01 4.515178619448579345e-01 4.796127663995689017e-01
5.370337394730508723e-02 6.274548916302360446e-01 4.667599325483621220e-01 -9.530970692416673717e-02
-8.539136700038270356e-02 -7.832775132702855803e-02 -8.543286070661221254e-02 4.389313380176553259e-01
-9.264354753831106903e-02 1.783830719270621534e-01 9.725024598190365466e-02 2.814213388433887686e-01
-9.270770190433312574e-02 2.845018929927818907e-01 -4.831102839922229997e-02 2.989473374351453439e-01
-9.089043985287721672e-02 2.995541458112984112e-01 1.019284615789726872e-01 2.850389591502989761e-01
-9.309457808606355633e-02 3.804879845828024743e-01 3.299420493595332099e-02 4.845530288521531781e-01
-9.128709831508234618e-02 6.579248688196925876e-01 -9.073501775575291972e-02 -9.153400675121879659e-02
