-4.653476584257917881e-01 -4.645151413215105607e-01 -4.641446816366411876e-01 -4.617269626882040678e-01
-3.178732215512286019e-01 -3.240751788040680537e-01 -3.236295481393460238e-01 -3.233121716100428866e-01
0.000000000000000000e+00 0.000000000000000000e+00 0.000000000000000000e+00 0.000000000000000000e+00
-2.753201715473788980e+01 -2.749157255008305611e+01 -2.751249794954710026e+01 -2.752839183221626485e+01
0.000000000000000000e+00 0.000000000000000000e+00 0.000000000000000000e+00 0.000000000000000000e+00
-3.291604614835884490e+01 -3.305891120128369209e+01 -3.304813264821986962e+01 -3.309423329865639118e+01
-3.357954251066779250e+01 -3.354046299427317734e+01 -3.350424245663531053e+01 -3.351486296612864635e+01
0.000000000000000000e+00 0.000000000000000000e+00 0.000000000000000000e+00 0.000000000000000000e+00
-3.723893021464348863e+01 -3.710139072495496038e+01 -3.719839196613148857e+01 -3.722399387648988522e+01
-3.733652424306033168e+01 -3.723148799121789665e+01 -3.750899072103463538e+01 -3.747791357303407267e+01
-4.166289533014463364e-01 -4.236580163626166295e-01 -4.177889963458545353e-01 -4.066848664262038837e-01
-6.379881600538567232e-02 -6.550692552713510697e-02 -6.456945910213481021e-02 -1.854050427639257204e-01
-2.453205076994412437e+01 -2.429720999129204273e+01 -1.032756158246296074e+00 -2.464446229077008965e+01
-2.731316332411739012e+01 -2.735725386241848867e+01 -2.649288450720543153e+01 -2.746529365465556083e+01
-2.990430745097815546e+01 -3.020709020985489346e+01 -3.019261846942502814e+01 -3.001144181687012136e+01
-3.235562325132498529e+01 -3.220358426699761623e+01 -3.250048382658442137e+01 -3.243220746168186253e+01
-3.382630649412780599e+01 -3.378254410496954563e+01 -3.401025039053156007e+01 -3.392857359679595675e+01
-3.535641089212477084e+01 -3.532797478953899883e+01 -3.558154726486338149e+01 -3.548563412871609302e+01
-3.686990820355586607e+01 -3.678274293538078865e+01 -3.693354480661032113e+01 -3.671140080298466302e+01
0.000000000000000000e+00 0.000000000000000000e+00 0.000000000000000000e+00 0.000000000000000000e+00
-5.719661444635558700e-01 -5.765634330425031262e-01 -5.770630144585583432e-01 -5.751249706101934089e-01
0.000000000000000000e+00 0.000000000000000000e+00 0.000000000000000000e+00 0.000000000000000000e+00
-4.147072269316127091e+01 -1.997021639812224914e+00 -4.075303231936938886e+01 -4.077228390188282248e+01
0.000000000000000000e+00 0.000000000000000000e+00 0.000000000000000000e+00 0.000000000000000000e+00
0.000000000000000000e+00 0.000000000000000000e+00 0.000000000000000000e+00 0.000000000000000000e+00
0.000000000000000000e+00 0.000000000000000000e+00 0.000000000000000000e+00 0.000000000000000000e+00
0.000000000000000000e+00 0.000000000000000000e+00 0.000000000000000000e+00 0.000000000000000000e+00
0.000000000000000000e+00 0.000000000000000000e+00 0.000000000000000000e+00 0.000000000000000000e+00
-3.773257856750358741e+01 -3.780052375891975203e+01 -3.779533296289651645e+01 -3.762389415019433159e+01
0.000000000000000000e+00 0.000000000000000000e+00 0.000000000000000000e+00 0.000000000000000000e+00
0.000000000000000000e+00 0.000000000000000000e+00 0.000000000000000000e+00 0.000000000000000000e+00
-5.963043207150917624e+01 -5.958839251612953802e+01 -5.958049875843990151e+01 -5.714981611357316638e+01
-5.398742513634617524e+01 -3.261666921326005664e+00 -5.546341390765216772e+01 -5.521729922934739676e+01
-6.229887480490085494e+01 -6.099677648669560881e+01 -5.258467710690482910e+00 -6.201751797927027354e+01
-6.548085112004496011e+01 -6.609406412515401996e+01 -1.759906422481370925e+01 -6.531429252484805659e+01
-6.735098656249174098e+01 -6.697733672257760418e+01 -3.355760260825385188e+01 -6.735783927576908070e+01
-6.825164943620113434e+01 -6.824220412412265091e+01 -4.764796159554825294e+01 -6.800581548383624408e+01
0.000000000000000000e+00 0.000000000000000000e+00 0.000000000000000000e+00 0.000000000000000000e+00
-3.815254158669054618e+01 -3.849502827837630292e+01 -3.841582991135709335e+01 -3.845562629204851390e+01
-3.878808582381640235e+01 -3.849415233140895509e+01 -3.850625130379894756e+01 -3.871975839446123757e+01
-6.537337882950185985e+01 -6.538963985066348528e+01 -6.542511008514266280e+01 -6.543979737959520548e+01
-6.389510989487089887e+01 -6.382072788709812272e+01 -6.388437943950982856e+01 -6.389242560174437813e+01
0.000000000000000000e+00 0.000000000000000000e+00 0.000000000000000000e+00 0.000000000000000000e+00
-6.534005943187366938e+01 -1.607959945834306126e+01 -6.544826533371080757e+01 -6.536150979859469601e+01
-6.618429070686079285e+01 -6.614488109781402159e+01 -3.637266560114917269e+01 -6.643804456480869192e+01
-6.790251506528652214e+01 -6.796569271384211675e+01 -5.777229187013958978e+01 -6.803210521047759585e+01
-6.897933188321134423e+01 -5.742054161653996402e+01 -6.881343439214820989e+01 -6.888984418951589817e+01
0.000000000000000000e+00 0.000000000000000000e+00 0.000000000000000000e+00 0.000000000000000000e+00
-3.849097637987953391e+01 -3.874456404282964428e+01 -3.882873125791370228e+01 -3.851996913144301971e+01
-3.857156849541664201e+01 -3.863395412876124624e+01 -3.891684524824292168e+01 -3.891145604390209201e+01
-6.665518076891953569e+01 -6.659180273022001018e+01 -6.658726558562190689e+01 -6.665214282836846849e+01
-6.643651010887471386e+01 -6.637692465093580552e+01 -6.643861291000270342e+01 -6.647761772146536430e+01
-6.709936722757343830e+01 -6.709006004783979904e+01 -6.706172935900372067e+01 -6.713211460760217619e+01
-6.751870580762333418e+01 -4.916006530031241084e+01 -6.748606555324218448e+01 -6.740919775620557175e+01
0.000000000000000000e+00 0.000000000000000000e+00 0.000000000000000000e+00 0.000000000000000000e+00
-6.929873285696218943e+01 -6.545062596960353574e+01 -6.923282861493386520e+01 -6.936581536608669296e+01
-7.052721197158709288e+01 -6.317520193870866052e+01 -7.036362630054350120e+01 -7.050640630421433741e+01
-7.161009084597515084e+01 -7.157912937250232233e+01 -7.145289437612309769e+01 -7.157091727919070934e+01
0.000000000000000000e+00 0.000000000000000000e+00 0.000000000000000000e+00 0.000000000000000000e+00
0.000000000000000000e+00 0.000000000000000000e+00 0.000000000000000000e+00 0.000000000000000000e+00
-6.784008327150650075e+01 -6.782357843800984654e+01 -6.779001461592720545e+01 -6.782792369469480320e+01
-6.798119102654214885e+01 -6.807497192727305446e+01 -6.801029330919907068e+01 -6.798549538579327134e+01
0.000000000000000000e+00 0.000000000000000000e+00 0.000000000000000000e+00 0.000000000000000000e+00
-6.990995160756460791e+01 -6.424236274296771398e+01 -6.992602997510087448e+01 -6.991510156062057035e+01
-7.090592254857639887e+01 -7.089922293232442030e+01 -6.924176526424818690e+01 -7.089623202156109016e+01
0.000000000000000000e+00 0.000000000000000000e+00 0.000000000000000000e+00 0.000000000000000000e+00
-7.153873862084265056e+01 -6.628734371326495989e+01 -7.156588065072016036e+01 -7.169842052091641449e+01
-7.267365093053247449e+01 -7.242565957496648821e+01 -6.886185725406608071e+01 -7.311153892389610576e+01
-7.335061528988775592e+01 -7.355312412216626683e+01 -7.363908479859868805e+01 -7.360646907743185352e+01
-7.380925822590778296e+01 -7.388319830836123003e+01 -7.388390256899111819e+01 -7.386123839231606780e+01
-6.879402065335820282e+01 -6.878982629895718048e+01 -6.881163343614313987e+01 -6.884631907683197483e+01
-6.949453744392836541e+01 -6.951614558019522860e+01 -6.950291342607266643e+01 -6.944652603381589984e+01
-7.028270297504667496e+01 -7.026570446945393655e+01 -7.036258147054928713e+01 -7.032567615207535994e+01
-7.092506612398281618e+01 -7.095891357981129488e+01 -7.096408261445384369e+01 -7.094353131317134853e+01
-7.168545521700704626e+01 -7.095784550033583571e+01 -7.171938800793763846e+01 -7.168584706168697096e+01
-7.299409060973287922e+01 -7.298220206434220358e+01 -7.205982970685877831e+01 -7.294706584586135989e+01
0.000000000000000000e+00 0.000000000000000000e+00 0.000000000000000000e+00 0.000000000000000000e+00
-7.389727303982066076e+01 -7.045656377214292831e+01 -7.372534823529602477e+01 -7.378041861070455809e+01
0.000000000000000000e+00 0.000000000000000000e+00 0.000000000000000000e+00 0.000000000000000000e+00
0.000000000000000000e+00 0.000000000000000000e+00 0.000000000000000000e+00 0.000000000000000000e+00
0.000000000000000000e+00 0.000000000000000000e+00 0.000000000000000000e+00 0.000000000000000000e+00
-7.064481695018899643e+01 -7.067106934014445585e+01 -7.060229515532553535e+01 -7.062814634637889810e+01
0.000000000000000000e+00 0.000000000000000000e+00 0.000000000000000000e+00 0.000000000000000000e+00
-7.185204993644420313e+01 -7.177022870022824463e+01 -7.184425109487825978e+01 -7.175039840723739815e+01
0.000000000000000000e+00 0.000000000000000000e+00 0.000000000000000000e+00 0.000000000000000000e+00
-7.398545719230091322e+01 -7.303722841515690334e+01 -7.389978021097212491e+01 -7.391115088813103284e+01
-7.453297086097435908e+01 -7.452164462348761731e+01 -7.449659834720611684e+01 -7.455341444681835128e+01
-7.474733899638491152e+01 -7.293760744833147669e+01 -7.484450873166846918e+01 -7.472150107017314724e+01
-7.557807666418558767e+01 -7.555503676934142732e+01 -7.417230163509785257e+01 -7.568291131503617919e+01
-7.621377598617976901e+01 -7.620714965146815700e+01 -7.617291223466791905e+01 -7.621929743245600264e+01
0.000000000000000000e+00 0.000000000000000000e+00 0.000000000000000000e+00 0.000000000000000000e+00
-7.155054166270805638e+01 -7.154705406738254680e+01 -7.145008025135389573e+01 -7.150504473892814872e+01
-7.213359601514841302e+01 -7.214630576421282626e+01 -7.217122259447558008e+01 -7.216092268251625796e+01
-7.249331061185839076e+01 -7.245658624634515377e+01 -7.259492140310725006e+01 -7.239788069493077671e+01
-7.326874055332270075e+01 -7.340489032454149765e+01 -7.340820889011042993e+01 -7.340006424033703070e+01
-7.418716978169830156e+01 -7.362052063785985467e+01 -7.418826707568439360e+01 -7.413281672806752454e+01
-7.462973140637208758e+01 -7.463268167368686079e+01 -7.403131163734450126e+01 -7.463525404154374598e+01
-7.500603792352812604e+01 -7.516071914085107153e+01 -7.435789546632527447e+01 -7.511924311465028836e+01
-7.649358768778992612e+01 -7.578481595080691591e+01 -7.481664417568570968e+01 -7.578082038408903998e+01
-7.545542598249087973e+01 -7.547062887242056206e+01 -7.493353798626054640e+01 -7.546146648741327567e+01
