-2.657253110959587161e+01 -2.656996380263709412e+01 -2.657295608593107872e+01 -2.630998807725569932e+01
-2.607012349151862196e+01 -2.654041317592512428e+01 -2.653071456692490671e+01 -2.657486563098040833e+01
-2.651029939990597839e+01 -2.657241104644699448e+01 -2.649897810805708076e+01 -2.659129940166561212e+01
-2.658696668920564576e+01 -2.660230048078366849e+01 -2.659496170087777500e+01 -2.661996591692734881e+01
-2.634640413787112578e+01 -2.646651082731480997e+01 -2.648094849497715231e+01 -2.647499886270201586e+01
0.000000000000000000e+00 0.000000000000000000e+00 0.000000000000000000e+00 0.000000000000000000e+00
-2.577220285039845038e+01 -2.565657270657983702e+01 -2.571133021965590615e+01 -2.576112138917186911e+01
0.000000000000000000e+00 0.000000000000000000e+00 0.000000000000000000e+00 0.000000000000000000e+00
-2.686924049457513064e+01 -2.682278444838389220e+01 -2.684256250994579673e+01 -2.686464402309648136e+01
0.000000000000000000e+00 0.000000000000000000e+00 0.000000000000000000e+00 0.000000000000000000e+00
-2.644792050653609294e+01 -2.642927933587280265e+01 -2.643078077524845781e+01 -2.643153060279990285e+01
-2.632939341482314077e+01 -2.638987755946339675e+01 -2.635219454253657290e+01 -2.526363666944290998e+01
-2.426383949979762278e+01 -2.627792080583583001e+01 -2.632742341146360943e+01 -2.628858196303529127e+01
0.000000000000000000e+00 0.000000000000000000e+00 0.000000000000000000e+00 0.000000000000000000e+00
-2.603011880154099700e+01 -2.605158742775919478e+01 -2.592807873159330612e+01 -2.592431239218958439e+01
-2.533639335163820405e+01 -2.545858881011681518e+01 -2.546651749978984824e+01 -2.535979025772938655e+01
-2.555210050583958292e+01 -2.554640115248193410e+01 -2.545047726525443821e+01 -2.535586936121834256e+01
-2.613468485516185069e+01 -2.608245758554783933e+01 -2.614818319141823011e+01 -2.609700274731082459e+01
-2.662527435761160177e+01 -2.666358686811028278e+01 -2.667451167290043301e+01 -2.659727373561047159e+01
-2.678739961921888479e+01 -2.678874636352457372e+01 -2.679356110915652422e+01 -2.675994978146404080e+01
-2.619788173924920116e+01 -2.617737123157931833e+01 -2.616838842168548851e+01 -2.617002964937951859e+01
-2.601154953894721089e+01 -2.606243160935637704e+01 -2.603113415508659756e+01 -2.601858124793107407e+01
-2.242595249822936410e+01 -2.587675688109514027e+01 -2.585036743493072109e+01 -2.582419691839440645e+01
0.000000000000000000e+00 0.000000000000000000e+00 0.000000000000000000e+00 0.000000000000000000e+00
0.000000000000000000e+00 0.000000000000000000e+00 0.000000000000000000e+00 0.000000000000000000e+00
-2.464907771268710945e+01 -2.460883548558197376e+01 -2.477292477311714691e+01 -2.488082404325241015e+01
-2.510292439487416161e+01 -2.456505095598543420e+01 -2.496263826072845760e+01 -2.454276533808030081e+01
0.000000000000000000e+00 0.000000000000000000e+00 0.000000000000000000e+00 0.000000000000000000e+00
0.000000000000000000e+00 0.000000000000000000e+00 0.000000000000000000e+00 0.000000000000000000e+00
-2.642895549438948422e+01 -2.682064534268567613e+01 -2.636593790235417956e+01 -2.642622848938033897e+01
-2.593388679294869092e+01 -2.590631520783364294e+01 -2.589975845446787517e+01 -2.589837254561078694e+01
-2.562346026885191463e+01 -2.563167378470427593e+01 -2.562601253555647673e+01 -2.572968333510110028e+01
-2.507517670906072382e+01 -2.503505528980129924e+01 -2.508554843621427111e+01 -1.979092829709992429e+01
-2.382181717577105218e+01 -2.379028889630675536e+01 -2.371609173369458290e+01 -1.600459973287953019e+01
-1.253009633857092275e+01 -2.371127119605473510e+01 -2.371204588422492421e+01 -2.361906566460607237e+01
-2.322267791751145083e+01 -2.365941510786664281e+01 -2.358750671308131075e+01 -2.357724857868311119e+01
-2.436926811180494212e+01 -2.403433933399870881e+01 -2.401273940732186674e+01 -2.433890254526342289e+01
-2.518243362950251907e+01 -2.523812816530999115e+01 -2.524755226127330587e+01 -2.507681830751424457e+01
-2.567822408950272717e+01 -2.567222230961449014e+01 -2.583782266068091715e+01 -2.576782257691946398e+01
-2.617991930435873371e+01 -2.627247340409236998e+01 -2.632977307935143330e+01 -2.615390745228545555e+01
-2.578040768744530808e+01 -2.572686221100602566e+01 -2.575369326226022082e+01 -2.577623889849554928e+01
-2.530775309262971362e+01 -2.536186697093748421e+01 -2.529867309168138334e+01 -2.523008693628834465e+01
-2.443626305390087339e+01 -2.434058557925814625e+01 -2.444863099636947723e+01 -2.443990549997097617e+01
-2.366180977488349768e+01 -2.368583709439300122e+01 -2.364975050862271999e+01 -2.369847749797476766e+01
-2.307903925911070075e+01 -2.306309834036822437e+01 -2.317746107843730030e+01 -9.170025348279553512e+00
-6.855357934055248847e+00 -2.176592522993379220e+01 -2.211808508293371744e+01 -2.181290174386241176e+01
-2.273883900298085692e+01 -2.292505252351163492e+01 -2.346000066723300037e+01 -2.339087016615907544e+01
0.000000000000000000e+00 0.000000000000000000e+00 0.000000000000000000e+00 0.000000000000000000e+00
0.000000000000000000e+00 0.000000000000000000e+00 0.000000000000000000e+00 0.000000000000000000e+00
-2.628751320995426610e+01 -2.639791973915648526e+01 -2.633373775664397343e+01 -2.639407949436407819e+01
0.000000000000000000e+00 0.000000000000000000e+00 0.000000000000000000e+00 0.000000000000000000e+00
0.000000000000000000e+00 0.000000000000000000e+00 0.000000000000000000e+00 0.000000000000000000e+00
-2.327109519550195671e+01 -2.338338594384076430e+01 -2.334428646672845531e+01 -2.335544143065141043e+01
-2.249600450666495277e+01 -2.258746306083716604e+01 -2.257083404471447352e+01 -2.257251489947314838e+01
0.000000000000000000e+00 0.000000000000000000e+00 0.000000000000000000e+00 0.000000000000000000e+00
-5.000793034653415070e+00 -1.762246027873414178e+01 -1.721909323305274597e+01 -1.719658796507073006e+01
0.000000000000000000e+00 0.000000000000000000e+00 0.000000000000000000e+00 0.000000000000000000e+00
0.000000000000000000e+00 0.000000000000000000e+00 0.000000000000000000e+00 0.000000000000000000e+00
-3.751713802587161251e+00 -3.746662357685984102e+00 -3.737974684276467841e+00 -3.743588685559913642e+00
0.000000000000000000e+00 0.000000000000000000e+00 0.000000000000000000e+00 0.000000000000000000e+00
-2.326590807049699450e+01 -2.352583265342610375e+01 -2.356975144575079639e+01 -2.357447624736297698e+01
-2.294209299477101993e+01 -2.297803006611214727e+01 -2.305333067256772495e+01 -2.324450020188664467e+01
-2.255492238288026030e+01 -2.262405100770514821e+01 -2.259760575887503364e+01 -2.251283216240126350e+01
-2.037538925611226404e+01 -2.038806469149194811e+01 -2.038719623851468299e+01 -2.029685719271171251e+01
-1.600879492971300522e+01 -1.547155662127283193e+01 -1.550299577106772553e+01 -1.527161672256967684e+01
-1.356673181497304448e+01 -1.347573788346220347e+01 -1.378009017377611478e+01 -3.704895618293101656e+00
-9.675600463768589066e+00 -9.373924644792063887e+00 -9.434805200928957802e+00 -2.638627050287293052e+00
-1.805443168022859979e+00 -6.163121901895495469e+00 -6.184538362221820407e+00 -6.274425253392581503e+00
-3.661783701611999842e+00 -3.623909716769022626e+00 -3.613269295611070575e+00 -3.632811104474797936e+00
0.000000000000000000e+00 0.000000000000000000e+00 0.000000000000000000e+00 0.000000000000000000e+00
-2.353029491591003364e+01 -2.366245843217556910e+01 -2.349767755342635667e+01 -2.355761103106035392e+01
0.000000000000000000e+00 0.000000000000000000e+00 0.000000000000000000e+00 0.000000000000000000e+00
-2.319074824732129159e+01 -2.324911962467239235e+01 -2.315846220760311880e+01 -2.316694440408558364e+01
0.000000000000000000e+00 0.000000000000000000e+00 0.000000000000000000e+00 0.000000000000000000e+00
-1.299329850289018395e+01 -1.320081655602417747e+01 -1.310801541096959788e+01 -1.368159490249074217e+01
-1.260888354314154647e+01 -1.167748108740486934e+01 -1.178509522557721212e+01 -1.245586335956117097e+01
-9.218499189612316513e+00 -8.665129364226904940e+00 -9.570154357009409196e+00 -8.252855202390465550e+00
-5.200294946964339360e+00 -5.162384709378538439e+00 -5.322801152193768814e+00 -9.010295195557780357e-01
0.000000000000000000e+00 0.000000000000000000e+00 0.000000000000000000e+00 0.000000000000000000e+00
-9.749999999999873213e-01 -8.759171999999957325e-01 -4.191511125728225040e-01 -8.740806551560599269e-01
-2.358841801248727066e+01 -2.380674083611513581e+01 -2.379586911091386625e+01 -2.352500512820818557e+01
-2.371511610147953419e+01 -2.370989178092531091e+01 -2.368190374306645651e+01 -2.371719231341792167e+01
-2.366415981205924624e+01 -2.372479275903968343e+01 -2.370806779826820687e+01 -2.369627604160172041e+01
0.000000000000000000e+00 0.000000000000000000e+00 0.000000000000000000e+00 0.000000000000000000e+00
-1.183275216525641227e+01 -1.195871367654193840e+01 -1.188455827496922623e+01 -1.179949504234643243e+01
-1.050832751623438632e+01 -1.091310510407754109e+01 -1.063575879280998926e+01 -1.144795591054645811e+01
-8.262332199584214720e+00 -8.910939293129910510e+00 -8.430152216231652673e+00 -9.174853899159584714e+00
-5.534998061506323452e+00 -5.094836087750700848e+00 -5.679023771728041403e+00 -5.973809324899008288e+00
-2.942392612388997630e+00 -2.939186039999975630e+00 -2.734519658599803282e+00 -1.800382484213887802e+00
-1.801272579040333222e+00 -9.473095880078032938e-01 -1.975733410728220063e+00 -1.801507591010025777e+00
0.000000000000000000e+00 0.000000000000000000e+00 0.000000000000000000e+00 0.000000000000000000e+00
0.000000000000000000e+00 0.000000000000000000e+00 0.000000000000000000e+00 0.000000000000000000e+00
-2.401982179742298484e+01 -2.402267545583601560e+01 -2.395935802506993184e+01 -2.400057664254672574e+01
-2.420406711438277370e+01 -2.416447001065719391e+01 -2.420569729813758286e+01 -2.419295422847500632e+01
0.000000000000000000e+00 0.000000000000000000e+00 0.000000000000000000e+00 0.000000000000000000e+00
0.000000000000000000e+00 0.000000000000000000e+00 0.000000000000000000e+00 0.000000000000000000e+00
0.000000000000000000e+00 0.000000000000000000e+00 0.000000000000000000e+00 0.000000000000000000e+00
0.000000000000000000e+00 0.000000000000000000e+00 0.000000000000000000e+00 0.000000000000000000e+00
-2.965651317549717447e+00 -2.969537439199975370e+00 -2.702189890835315023e+00 -2.694676170716056696e+00
-1.833989732569780706e+00 -1.642931826983249577e+00 -2.712344075549716571e+00 -2.620753008229979475e+00
