-6.242026788152721384e-02 -9.024559204082903408e-02 -9.048672810591321114e-02 1.652385165196480266e+00
1.637864046224347669e+00 -8.184778758812680244e-02 2.960545155721220137e-02 5.041782038365618668e-01
9.630454684171413371e-02 -6.490127719511105953e-02 1.618649792804983389e-01 1.870288152443053908e+00
2.143908443556531707e-01 -7.733674919578009677e-02 6.916742019982388134e-01 1.978930997631804356e+00
8.739127622168396670e-01 -7.401067168819887299e-02 -2.082797802220024558e-02 1.861599896465476300e+00
1.572632803720998229e+00 -7.410341835618053374e-02 -3.612619903878117045e-02 -7.470479744111592491e-02
6.053650869817964186e-02 1.591092010479273178e+00 -8.710827983852725831e-02 6.722281798738023451e-01
1.857086262707124291e+00 2.716688828857176108e-01 1.136482366862829989e-02 9.883186326695034829e-01
2.928987287838872855e-01 1.909965271442728874e+00 6.425417034263718186e-02 5.797423438989853794e-01
4.196550536619756411e-01 1.385632888882487146e+00 1.507577938676525786e+00 9.020997558306802500e-01
1.473094959814927662e+00 1.131368685553590936e-01 3.421049056440494396e-01 8.261742151976377013e-02
8.554177147501073053e-01 -3.445078217290418587e-03 1.633558266629274947e+00 -6.998896553250259778e-02
-1.042941408169666649e-02 1.909912788544078310e+00 -7.435424949212937618e-02 8.981252338588533446e-01
3.892095911683073894e-01 1.054180790785380351e-01 1.917941101476390020e-01 1.952005816979848873e+00
3.830644665333166055e-01 1.421233827922266046e+00 6.675636301537074546e-02 1.752992043367058717e+00
4.930608655865661993e-01 1.667946096066427852e+00 3.567629191715187241e-03 7.788115467129129721e-01
4.271164291269126112e-01 1.729109183279291598e-02 5.751897876588600855e-01 1.633111154584964142e+00
1.818734145070497688e+00 1.507625165390838740e-01 -5.756538378221434486e-04 -7.641086574962197009e-02
2.668849904264004036e-01 1.652919214655509839e+00 -7.967169728831506592e-02 1.494078964335663062e-01
3.217592418197920412e-02 6.522367559714349339e-01 1.812512808366481432e+00 2.163626469244348538e-01
1.566015581203826779e+00 6.825478370084316904e-01 6.965237070999458213e-01 -6.403470388935302016e-03
1.173694977030115272e-01 7.709836083712775512e-01 1.816503265613203633e+00 1.164048128057142313e-02
3.718934822957593866e-02 1.371514218960891152e-01 1.757291744039907400e+00 1.685857842588319166e-01
1.629927401443126644e+00 -3.759497081785163897e-02 7.810682691767620867e-01 -7.631296720822780544e-02
-3.744683923786595349e-03 9.569402243392329810e-01 -7.081532503022744396e-02 1.557900828801027204e+00
5.509137178826303133e-02 1.629273043922533803e+00 1.744772581212989671e-01 5.786747395554149576e-02
1.836311115161207930e+00 -3.124175363673719480e-02 9.150501481681333482e-01 2.116492924483425742e-01
-5.557495641357570321e-03 7.679299910371309990e-01 6.924431945169262637e-01 1.788097334197271904e+00
-2.518892945065135530e-02 2.179218674465940531e+00 -2.401482600834612541e-02 1.480719618747713406e-01
1.717890914858062557e+00 -3.725081312555793278e-02 8.672976902566652546e-01 -7.419307751976551846e-02
-7.260975816781624348e-02 2.010527780296569311e+00 -7.256923323997838127e-02 -7.352317381933599905e-02
-7.382394519749774231e-02 8.442560537361505357e-01 1.668230709436419712e+00 -4.817422513437676773e-02
-7.221787785979996710e-02 -1.746444491668288149e-02 1.934394713977367397e+00 2.381257592888104402e-01
-7.502598604091724466e-02 1.992909823818520332e+00 7.367010659435673237e-01 -1.691744716313274208e-02
-7.347059588058089952e-02 9.135452376131942831e-01 1.703276107186086241e+00 -2.678273073100008450e-02
-7.368608981287916304e-02 -1.418129144921180355e-02 1.791838011976281564e+00 -7.395093097909723190e-02
