1.815278327333343045e+00 -7.345332667239390378e-02 -7.410443290586594955e-02 -6.136050504131018019e-02
1.686802211724202499e-02 -7.654898964555582885e-02 1.465658412704437641e+00 1.294878464553342601e-01
1.830359000999965291e+00 -6.646554793761585977e-02 8.782603385733929180e-01 -1.269161248225880376e-02
9.266353313543067294e-02 -7.361781473705521217e-02 1.771165411496581577e+00 2.176119160825767951e-01
1.643475787497750140e+00 -7.648609499345060403e-02 6.414716407453028291e-01 4.253078431557408279e-02
-4.380826380132968323e-02 -7.713297813583822049e-02 1.607521082276393454e+00 -7.852161065071366908e-02
1.791228567451491172e+00 -3.979942498398449796e-02 -7.427085476808442666e-02 3.645336994878140696e-02
7.911557841544847314e-01 1.793063612672338936e+00 7.556413162158885921e-01 -5.020404293507459842e-02
7.335958178302186550e-01 8.886225594605075273e-02 1.871685366496173897e+00 5.469329389326348795e-02
3.156151036019469447e-01 2.115886540047046349e+00 8.723000357643414526e-01 1.582468547998058805e-01
1.628369454409020367e+00 4.806946257120545130e-02 9.838623118511211629e-01 6.062773189068589724e-02
2.747438725872619614e-02 1.722607913008614267e+00 8.722312296457186420e-01 -7.134433298440852333e-02
8.409038874335764691e-01 -6.616145358135476495e-02 -7.363934255175051680e-02 2.062164941592308676e+00
1.061539168358060614e+00 1.394127424132320103e-01 8.618300900055761438e-03 1.714299028350529275e+00
1.693304932264968032e+00 2.365334435996352402e-01 8.878573339653413055e-02 4.558313880939675600e-01
6.188609481905683607e-01 1.589639906110345002e+00 6.200010568161832269e-01 1.899611423487964912e-01
1.025272301027707750e-01 2.246100285600983737e-01 1.654445319844068729e+00 2.216839636856761664e-01
-2.002778410582842228e-03 1.886294327241118562e+00 1.109700371057908308e+00 -7.110706980030415125e-02
1.684348709425102397e+00 1.593505652248057847e-01 -7.360610405127714084e-02 1.050624296696769516e-01
8.323010195210357454e-01 9.841206130597722479e-02 2.126687395460194363e+00 4.459624364949737324e-02
7.632050406626378347e-01 1.445509857346393978e-01 1.986653226524436100e+00 7.929527735274476408e-01
2.411114081349931826e-01 6.692527318247690760e-01 3.027585179196314868e-01 1.636089440686916419e+00
2.000754765264430857e-01 1.136578199616900653e+00 7.916285572466144060e-01 1.595592711847015233e+00
1.484354336896380466e-01 1.627481746872451840e+00 2.447076922538398147e-01 -7.345626327533417987e-02
1.654324100296262534e+00 -1.916037091298402857e-03 -7.517364396193057519e-02 7.274271061221447843e-01
8.005375891920434028e-02 2.252990170035046313e-01 5.395166283270628332e-02 1.866692198546670678e+00
1.942344674175965347e+00 3.321821318241683918e-01 -6.928294757063611919e-02 1.101517020253309553e+00
2.375203473447743407e-01 1.662511025028382328e+00 2.089265052834090863e-01 1.998626808406671895e-01
1.020219996788314376e-01 1.422168570394623854e+00 1.482453887174552065e+00 1.267726195885533480e-01
-6.372110683444943274e-03 1.174629075766771447e+00 1.680708629419153777e+00 -7.822733045077660818e-02
-7.428372466338203917e-02 -7.569864335040742132e-02 -7.404487537644863226e-02 1.606609254608915904e+00
-7.545544549011620750e-02 1.656232059738650619e+00 -1.959821922451867801e-02 9.852766215873007827e-01
-7.987311236264366121e-02 1.059489950081568960e-01 4.027132288837730056e-02 1.618735439764567241e+00
-7.194348330188810037e-02 1.208724851976467507e+00 -9.056135259049895997e-03 1.676706183877036294e+00
-7.876278231656451412e-02 8.930092321012534917e-01 1.790423166867851149e-02 1.708865459262020048e+00
-7.882136369192899172e-02 1.632166039213618358e+00 -6.445487803786177639e-02 -7.856426548281150724e-02
