0.000000000000000000e+00 0.000000000000000000e+00 0.000000000000000000e+00 0.000000000000000000e+00
-2.905829352713211620e+02 -2.904913136889301768e+02 -2.903859972785214723e+02 -2.903732985814629615e+02
-2.911229827119768174e+02 -2.915014313523341798e+02 -2.914999917760161452e+02 -2.911141394032355265e+02
0.000000000000000000e+00 0.000000000000000000e+00 0.000000000000000000e+00 0.000000000000000000e+00
0.000000000000000000e+00 0.000000000000000000e+00 0.000000000000000000e+00 0.000000000000000000e+00
0.000000000000000000e+00 0.000000000000000000e+00 0.000000000000000000e+00 0.000000000000000000e+00
0.000000000000000000e+00 0.000000000000000000e+00 0.000000000000000000e+00 0.000000000000000000e+00
0.000000000000000000e+00 0.000000000000000000e+00 0.000000000000000000e+00 0.000000000000000000e+00
-2.744231229111815651e+02 -2.736827397292826163e+02 -2.724800799252216734e+02 -2.746117352302756558e+02
0.000000000000000000e+00 0.000000000000000000e+00 0.000000000000000000e+00 0.000000000000000000e+00
0.000000000000000000e+00 0.000000000000000000e+00 0.000000000000000000e+00 0.000000000000000000e+00
0.000000000000000000e+00 0.000000000000000000e+00 0.000000000000000000e+00 0.000000000000000000e+00
-2.545649789230662350e+02 -2.518342264841010376e+02 -2.525556615519500667e+02 -2.502481469467631143e+02
-2.478253998841291832e+02 -2.521858427616930669e+02 -2.501518556401924798e+02 -2.523136428126536543e+02
-2.527269331846108287e+02 -2.511017506411733393e+02 -2.508820712169664375e+02 -2.578362241190957889e+02
-2.608937530267099874e+02 -2.510305879425173998e+02 -2.572053528009143974e+02 -2.539328343742175775e+02
-2.556589127319750503e+02 -2.548154148676967736e+02 -2.586711313679581963e+02 -2.560330720563059685e+02
0.000000000000000000e+00 0.000000000000000000e+00 0.000000000000000000e+00 0.000000000000000000e+00
0.000000000000000000e+00 0.000000000000000000e+00 0.000000000000000000e+00 0.000000000000000000e+00
0.000000000000000000e+00 0.000000000000000000e+00 0.000000000000000000e+00 0.000000000000000000e+00
-2.898763244113509927e+02 -2.904005471131523564e+02 -2.901368593952755646e+02 -2.903831380731173226e+02
-2.896226505197073493e+02 -2.893960049936275141e+02 -2.896099655655985998e+02 -2.892019330513111299e+02
0.000000000000000000e+00 0.000000000000000000e+00 0.000000000000000000e+00 0.000000000000000000e+00
-2.769286990155121657e+02 -2.764090378348856802e+02 -2.770288225566267215e+02 -2.754283725593646182e+02
0.000000000000000000e+00 0.000000000000000000e+00 0.000000000000000000e+00 0.000000000000000000e+00
-2.753288947346431996e+02 -2.737447917886983646e+02 -2.730997270304461608e+02 -2.739816246899065959e+02
0.000000000000000000e+00 0.000000000000000000e+00 0.000000000000000000e+00 0.000000000000000000e+00
-2.706450276630806684e+02 -2.701551670836931862e+02 -2.703924272178568344e+02 -2.724773000395138070e+02
-2.647787466525701348e+02 -2.712680344279145288e+02 -2.701780651630911052e+02 -2.716118231826771989e+02
-2.690595502819950866e+02 -2.652318529395030282e+02 -2.684291955451444665e+02 -2.593924646555706772e+02
0.000000000000000000e+00 0.000000000000000000e+00 0.000000000000000000e+00 0.000000000000000000e+00
0.000000000000000000e+00 0.000000000000000000e+00 0.000000000000000000e+00 0.000000000000000000e+00
-2.561098192635403734e+02 -2.534074868054642025e+02 -2.534236358467406376e+02 -2.536413411738532488e+02
0.000000000000000000e+00 0.000000000000000000e+00 0.000000000000000000e+00 0.000000000000000000e+00
-2.577852795251985185e+02 -2.502641296588703881e+02 -2.532630007818498257e+02 -2.559682290188638945e+02
-2.559665516548925837e+02 -2.569926948271205447e+02 -2.593411745983636365e+02 -2.583257603124536672e+02
0.000000000000000000e+00 0.000000000000000000e+00 0.000000000000000000e+00 0.000000000000000000e+00
-2.246530672835893085e+02 -2.220477076624534334e+02 -2.222261857919388888e+02 -2.224046639214244010e+02
0.000000000000000000e+00 0.000000000000000000e+00 0.000000000000000000e+00 0.000000000000000000e+00
0.000000000000000000e+00 0.000000000000000000e+00 0.000000000000000000e+00 0.000000000000000000e+00
0.000000000000000000e+00 0.000000000000000000e+00 0.000000000000000000e+00 0.000000000000000000e+00
-2.200466617044642987e+02 -2.883211026140087370e+02 -2.883910368698029743e+02 -2.884494014728871889e+02
0.000000000000000000e+00 0.000000000000000000e+00 0.000000000000000000e+00 0.000000000000000000e+00
-2.752005344586515321e+02 -2.750990508039190559e+02 -2.745769493895820119e+02 -2.750865952264388170e+02
0.000000000000000000e+00 0.000000000000000000e+00 0.000000000000000000e+00 0.000000000000000000e+00
-2.679899303884798769e+02 -2.720723329028617741e+02 -2.677946275543883985e+02 -2.730883129476844715e+02
-2.723769098927947425e+02 -2.725634330107681080e+02 -2.717645673149418144e+02 -2.728683610681689515e+02
-2.688284570252837966e+02 -2.731990536412949382e+02 -2.705937672163254888e+02 -2.693958464621114217e+02
0.000000000000000000e+00 0.000000000000000000e+00 0.000000000000000000e+00 0.000000000000000000e+00
-2.635868331252439702e+02 -2.655924689944262695e+02 -2.651353125813990914e+02 -2.667027090632315094e+02
-2.566181620060691557e+02 -2.651598672650519006e+02 -2.617284869725020826e+02 -2.657995692353893560e+02
-2.614132258847262165e+02 -2.564170312892637185e+02 -2.604589734729470365e+02 -2.566645333918808092e+02
-2.552684533609202333e+02 -2.553548161209918703e+02 -2.584306892733118843e+02 -2.560418625541250890e+02
0.000000000000000000e+00 0.000000000000000000e+00 0.000000000000000000e+00 0.000000000000000000e+00
-2.556363636087733084e+02 -2.514860300134822353e+02 -2.555718685070349068e+02 -2.558091286411985266e+02
0.000000000000000000e+00 0.000000000000000000e+00 0.000000000000000000e+00 0.000000000000000000e+00
-2.244905583246394940e+02 -2.247308455199733430e+02 -2.198669486860243296e+02 -2.190099861409727566e+02
-2.247683291727498727e+02 -2.220969520888506281e+02 -2.249338832018438552e+02 -2.253853140540514914e+02
-2.287341379562527095e+02 -2.289224376076087424e+02 -2.293614889906118890e+02 -2.250297334752526979e+02
0.000000000000000000e+00 0.000000000000000000e+00 0.000000000000000000e+00 0.000000000000000000e+00
-2.724786205842447089e+02 -2.866478686776494555e+02 -2.867389559574121449e+02 -2.868260550486821217e+02
-3.515566124082915422e+01 -2.794727128377511463e+02 -2.848796135956836224e+02 -2.397396714194899232e+02
0.000000000000000000e+00 0.000000000000000000e+00 0.000000000000000000e+00 0.000000000000000000e+00
-1.832204180186785720e+02 -2.725860670795613032e+02 -2.732194067088233851e+02 -2.724457601204628645e+02
0.000000000000000000e+00 0.000000000000000000e+00 0.000000000000000000e+00 0.000000000000000000e+00
-2.229245187633961791e+02 -2.662986640745695013e+02 -2.662411004105279062e+02 -2.664126236584492062e+02
0.000000000000000000e+00 0.000000000000000000e+00 0.000000000000000000e+00 0.000000000000000000e+00
-2.635997732964904117e+02 -2.703781312664981442e+02 -2.685521148575575694e+02 -2.694540822785162391e+02
0.000000000000000000e+00 0.000000000000000000e+00 0.000000000000000000e+00 0.000000000000000000e+00
-2.629487576956267958e+02 -2.659173861045840113e+02 -2.636993764122742050e+02 -2.638778545417598025e+02
0.000000000000000000e+00 0.000000000000000000e+00 0.000000000000000000e+00 0.000000000000000000e+00
-2.594241453788319518e+02 -2.567562586739794597e+02 -2.553882836668681762e+02 -2.555470892487117851e+02
0.000000000000000000e+00 0.000000000000000000e+00 0.000000000000000000e+00 0.000000000000000000e+00
0.000000000000000000e+00 0.000000000000000000e+00 0.000000000000000000e+00 0.000000000000000000e+00
-2.539024070213544348e+02 -2.495250003432088590e+02 -2.480348972767527869e+02 -2.465882433962626124e+02
-2.318678907885464184e+02 -2.319971136414092143e+02 -2.385501987455265578e+02 -2.324650428464016159e+02
-2.202316914580016487e+02 -2.159978766432082580e+02 -2.223704166202479939e+02 -2.300717193152357254e+02
-2.277448074260953206e+02 -2.255026239020842809e+02 -2.204250097465310319e+02 -2.224740374073409725e+02
0.000000000000000000e+00 0.000000000000000000e+00 0.000000000000000000e+00 0.000000000000000000e+00
-2.183292940032415572e+02 -2.157523169684397431e+02 -2.159209637447014529e+02 -2.160301770157581132e+02
-2.861882375086839829e+02 -2.861493099794292903e+02 -2.860827064902853181e+02 -1.636623900889920549e+02
-2.457632581111096783e+02 -2.135543596846959247e+02 -2.625846767360545186e+02 -3.539873206093118796e+01
-1.789778922978260596e+02 -2.137490334646982149e+02 -2.543408984456797270e+02 -3.553419127715461201e+01
-2.698728415766742046e+02 -2.538459631948902029e+02 -1.877559937543461785e+02 -3.555940414565844776e+01
-2.396739124082660055e+02 -2.417007318304471823e+02 -2.658607498338600408e+02 -3.547193547722407203e+01
-3.526976059923754292e+01 -2.618609880412863617e+02 -1.990667347892286330e+02 -2.625149525743585741e+02
-2.597165995951118020e+02 -2.599147109468164558e+02 -2.355935527727650936e+02 -2.614330769532180057e+02
-2.600696053189816439e+02 -2.636694061101688362e+02 -2.560915278148841026e+02 -2.653088522521081245e+02
-2.594420011433473405e+02 -2.604606396299092808e+02 -2.619747805865591204e+02 -2.639826944303305822e+02
-2.589962870213690849e+02 -2.638772045844385161e+02 -2.616771365834529774e+02 -2.611916550225342917e+02
0.000000000000000000e+00 0.000000000000000000e+00 0.000000000000000000e+00 0.000000000000000000e+00
-2.608087143069049034e+02 -2.541780810700465167e+02 -2.600576228309268458e+02 -2.562740751791232583e+02
-2.595119387119044632e+02 -2.602526278530489776e+02 -2.616620173342112707e+02 -2.546306289311458499e+02
-2.560260222680013271e+02 -2.523723683201365589e+02 -2.594734487767307201e+02 -2.541943772960914885e+02
-2.566525086320763762e+02 -2.517820636061152868e+02 -2.573156897775511425e+02 -2.517284011366696745e+02
0.000000000000000000e+00 0.000000000000000000e+00 0.000000000000000000e+00 0.000000000000000000e+00
-2.174141789107356715e+02 -2.199337112815562136e+02 -2.169907863506773822e+02 -2.134652889500685262e+02
-2.150794047547868502e+02 -2.165287755409571560e+02 -2.231988800607808230e+02 -2.119460863090727401e+02
-2.170470285294470045e+02 -2.108596275093672716e+02 -2.177501088956641695e+02 -2.128044964473340315e+02
-2.187156394925795553e+02 -2.155995647389837018e+02 -2.183457117274804204e+02 -2.184600289022972959e+02
0.000000000000000000e+00 0.000000000000000000e+00 0.000000000000000000e+00 0.000000000000000000e+00
0.000000000000000000e+00 0.000000000000000000e+00 0.000000000000000000e+00 0.000000000000000000e+00
0.000000000000000000e+00 0.000000000000000000e+00 0.000000000000000000e+00 0.000000000000000000e+00
-2.715738855005700430e+02 -2.365678733729655789e+02 -2.647901928521923764e+02 -2.700147453154128243e+02
0.000000000000000000e+00 0.000000000000000000e+00 0.000000000000000000e+00 0.000000000000000000e+00
-3.495154318179211117e+01 -2.375310452976062265e+02 -2.355822156089136854e+02 -1.984037799942491063e+02
0.000000000000000000e+00 0.000000000000000000e+00 0.000000000000000000e+00 0.000000000000000000e+00
-2.576906649118865857e+02 -2.624943116582219886e+02 -2.576516248592341185e+02 -2.616626050906486967e+02
-2.528626137849227007e+02 -2.580397929990182320e+02 -2.597771673270516430e+02 -2.582922984340121957e+02
-2.530006182068915450e+02 -2.570541778973648093e+02 -2.539958644828438707e+02 -2.549049145945842838e+02
-2.523127790754346051e+02 -2.435992616377320132e+02 -2.523770421368414532e+02 -2.507977092864449560e+02
-2.572596460463303174e+02 -2.508520145592102892e+02 -2.497417820461486144e+02 -2.576587807063561968e+02
0.000000000000000000e+00 0.000000000000000000e+00 0.000000000000000000e+00 0.000000000000000000e+00
-2.527067603598825372e+02 -2.603605074446246590e+02 -2.573730767632470133e+02 -2.561760449118253860e+02
0.000000000000000000e+00 0.000000000000000000e+00 0.000000000000000000e+00 0.000000000000000000e+00
-2.050840866968050022e+02 -2.052428922786486396e+02 -2.054016978604921633e+02 -2.057420852438609984e+02
-2.118450454360723825e+02 -2.071988373915998807e+02 -2.050026168986935602e+02 -2.060078619212808917e+02
0.000000000000000000e+00 0.000000000000000000e+00 0.000000000000000000e+00 0.000000000000000000e+00
0.000000000000000000e+00 0.000000000000000000e+00 0.000000000000000000e+00 0.000000000000000000e+00
-2.298679327772562715e+02 -2.222577787954919302e+02 -2.213038788424301799e+02 -2.214923369819157131e+02
-2.531011982439947019e+02 -2.530945464848807944e+02 -2.529397472955084538e+02 -2.530147615235518401e+02
-2.521017171490311171e+02 -2.514059787262984287e+02 -2.515188925863560030e+02 -2.515500399077167515e+02
-2.570314113632019826e+02 -2.572297896924876000e+02 -2.516164553972136844e+02 -2.594905118056713604e+02
-2.649525330574524560e+02 -2.641702812834421366e+02 -2.583363297751854475e+02 -2.586283489907626176e+02
0.000000000000000000e+00 0.000000000000000000e+00 0.000000000000000000e+00 0.000000000000000000e+00
-3.451695165789388398e+01 -2.602369120524293749e+02 -2.205956328242666586e+02 -2.479903136146162979e+02
-2.566073787319231769e+02 -2.565920169321017852e+02 -1.934014485944182695e+02 -2.630590964096937228e+02
-2.614676469373379177e+02 -2.615373091271079034e+02 -2.613814058439252221e+02 -2.617833028425843622e+02
0.000000000000000000e+00 0.000000000000000000e+00 0.000000000000000000e+00 0.000000000000000000e+00
-2.553754873564812158e+02 -2.508327446711229243e+02 -2.495023102215701556e+02 -2.491369017938426111e+02
-2.534789547931526386e+02 -2.497795208494636654e+02 -2.575761505164490472e+02 -2.496541138122188386e+02
-2.515933910780955785e+02 -2.477308596651396329e+02 -2.557970775453078431e+02 -2.454134426878294732e+02
-2.514965425129848313e+02 -2.519265558752046275e+02 -2.454328789659958261e+02 -2.529701507372679714e+02
-2.537507761958680135e+02 -2.546215635367889263e+02 -2.521256487353588227e+02 -2.509090777038540807e+02
-2.522995843498795807e+02 -2.516934414053545481e+02 -2.532277637497734872e+02 -2.529478087339217041e+02
0.000000000000000000e+00 0.000000000000000000e+00 0.000000000000000000e+00 0.000000000000000000e+00
-1.935285826243627980e+02 -1.964991862307609836e+02 -1.952411071102445703e+02 -2.054653155002154676e+02
-1.858081536677512986e+02 -1.859373765206141798e+02 -1.921125988264318494e+02 -1.963113149191500213e+02
-1.862857855152627451e+02 -1.775455514453443016e+02 -1.833315972291582341e+02 -1.777044558338154161e+02
0.000000000000000000e+00 0.000000000000000000e+00 0.000000000000000000e+00 0.000000000000000000e+00
-2.537183830448879291e+02 -2.534780254442072192e+02 -2.535671873506581164e+02 -2.536265583703121820e+02
-2.523728694233346914e+02 -2.523636084135143278e+02 -2.524676097644238268e+02 -2.521924940254514240e+02
0.000000000000000000e+00 0.000000000000000000e+00 0.000000000000000000e+00 0.000000000000000000e+00
-2.342565894777431481e+02 -2.582078973632021643e+02 -2.575631611985922973e+02 -2.577318079748540640e+02
0.000000000000000000e+00 0.000000000000000000e+00 0.000000000000000000e+00 0.000000000000000000e+00
-3.396702546171600545e+01 -2.233272964325933287e+02 -2.109210728950848193e+02 -2.108105092163411314e+02
0.000000000000000000e+00 0.000000000000000000e+00 0.000000000000000000e+00 0.000000000000000000e+00
0.000000000000000000e+00 0.000000000000000000e+00 0.000000000000000000e+00 0.000000000000000000e+00
-2.503536231312008340e+02 -2.505124287130444429e+02 -2.506712342948879382e+02 -2.509299593528144214e+02
-2.506804950070082896e+02 -2.449931067210830520e+02 -2.502721533330893067e+02 -2.510684462577756051e+02
0.000000000000000000e+00 0.000000000000000000e+00 0.000000000000000000e+00 0.000000000000000000e+00
-2.444696831059994224e+02 -2.513432977265493662e+02 -2.487438688859739671e+02 -2.466407801251880016e+02
0.000000000000000000e+00 0.000000000000000000e+00 0.000000000000000000e+00 0.000000000000000000e+00
-2.547042321175503616e+02 -2.558689263939104706e+02 -2.544073673265030777e+02 -2.546054786782077031e+02
0.000000000000000000e+00 0.000000000000000000e+00 0.000000000000000000e+00 0.000000000000000000e+00
-8.747138639999936061e+01 -6.107130000000019265e+01 -6.109129000000020682e+01 -6.111128000000020677e+01
0.000000000000000000e+00 0.000000000000000000e+00 0.000000000000000000e+00 0.000000000000000000e+00
0.000000000000000000e+00 0.000000000000000000e+00 0.000000000000000000e+00 0.000000000000000000e+00
-1.789725173405953740e+02 -1.738227519588386372e+02 -1.793372865774197749e+02 -1.680187492039640915e+02
-1.666004971885149075e+02 -1.688303168547041082e+02 -1.711129177667076817e+02 -1.699991958061063713e+02
0.000000000000000000e+00 0.000000000000000000e+00 0.000000000000000000e+00 0.000000000000000000e+00
-2.514200900759400383e+02 -2.513829610365269787e+02 -2.514584124440814321e+02 -2.514305458688595536e+02
-2.509178212895080833e+02 -2.509318433309792340e+02 -2.508820618351973906e+02 -1.617168599590906695e+02
-3.165192079549309057e+01 -2.513901587498588412e+02 -2.326825277790978248e+02 -2.286570872707653166e+02
-2.503892217137471334e+02 -1.760576975356094067e+02 -3.253174745207476093e+01 -1.768179234257084431e+02
-2.485752243042236103e+02 -1.935267661552688025e+02 -3.330424660014278260e+01 -2.509668797459901839e+02
-2.519678611760489844e+02 -2.520076510524681908e+02 -2.302209428682637053e+02 -2.519804838219000089e+02
0.000000000000000000e+00 0.000000000000000000e+00 0.000000000000000000e+00 0.000000000000000000e+00
0.000000000000000000e+00 0.000000000000000000e+00 0.000000000000000000e+00 0.000000000000000000e+00
-2.429455780519410837e+02 -2.391021942390051436e+02 -2.468767215027998816e+02 -2.467776649432554166e+02
-2.354023330472182352e+02 -2.296921327730508722e+02 -2.322600857073474572e+02 -2.347360504896375346e+02
-2.387870411138189866e+02 -2.427330404118055469e+02 -2.384210778948542213e+02 -2.354370414514296215e+02
-2.332396999543364586e+02 -2.333689228071992829e+02 -2.408791429153127126e+02 -2.305280625396030700e+02
0.000000000000000000e+00 0.000000000000000000e+00 0.000000000000000000e+00 0.000000000000000000e+00
0.000000000000000000e+00 0.000000000000000000e+00 0.000000000000000000e+00 0.000000000000000000e+00
-1.046426378328588527e+02 -8.242009999999950765e+01 -8.749848639999936495e+01 -8.752845640999939292e+01
0.000000000000000000e+00 0.000000000000000000e+00 0.000000000000000000e+00 0.000000000000000000e+00
0.000000000000000000e+00 0.000000000000000000e+00 0.000000000000000000e+00 0.000000000000000000e+00
-1.656190058553880817e+02 -1.654618683778127490e+02 -1.800031501403449852e+02 -1.831874883339450832e+02
-1.802132064861634717e+02 -1.687616979143130891e+02 -1.636533984759744840e+02 -1.812432980133344529e+02
0.000000000000000000e+00 0.000000000000000000e+00 0.000000000000000000e+00 0.000000000000000000e+00
-2.511590090170790006e+02 -2.510856130537198396e+02 -2.511273228322270370e+02 -2.510993158523543229e+02
-2.501664264297430975e+02 -2.501162229423665053e+02 -2.499649675168055012e+02 -1.363341785277759755e+02
-3.066628398696703783e+01 -2.277849032296826124e+02 -2.287243508681372646e+02 -2.415075938144450447e+02
-2.498305962125517965e+02 -2.499035484325856089e+02 -1.762495490955835180e+02 -2.499787637449937847e+02
-2.506085554768048098e+02 -2.097946171505478503e+02 -2.506106047528710405e+02 -2.506967246209218274e+02
0.000000000000000000e+00 0.000000000000000000e+00 0.000000000000000000e+00 0.000000000000000000e+00
-2.524358471851754757e+02 -2.524879457797460134e+02 -2.520500160595723855e+02 -2.522640335014729089e+02
0.000000000000000000e+00 0.000000000000000000e+00 0.000000000000000000e+00 0.000000000000000000e+00
0.000000000000000000e+00 0.000000000000000000e+00 0.000000000000000000e+00 0.000000000000000000e+00
-2.184589149135951232e+02 -2.186543637899230248e+02 -2.142961744220451124e+02 -2.159295641277947766e+02
0.000000000000000000e+00 0.000000000000000000e+00 0.000000000000000000e+00 0.000000000000000000e+00
0.000000000000000000e+00 0.000000000000000000e+00 0.000000000000000000e+00 0.000000000000000000e+00
0.000000000000000000e+00 0.000000000000000000e+00 0.000000000000000000e+00 0.000000000000000000e+00
0.000000000000000000e+00 0.000000000000000000e+00 0.000000000000000000e+00 0.000000000000000000e+00
-1.203342194244855108e+02 -9.957340599999895403e+01 -1.046770278328588546e+02 -1.047169678728488549e+02
0.000000000000000000e+00 0.000000000000000000e+00 0.000000000000000000e+00 0.000000000000000000e+00
0.000000000000000000e+00 0.000000000000000000e+00 0.000000000000000000e+00 0.000000000000000000e+00
-1.723039632022638159e+02 -1.672432238889467158e+02 -1.694774681027063252e+02 -1.725091973633426790e+02
-1.656953987208690364e+02 -1.673966825005440171e+02 -1.762774128682127071e+02 -1.646486931803508469e+02
-2.491209380570793144e+02 -2.492994161865648834e+02 -2.494778943160503957e+02 -2.497694177065671681e+02
-2.506841054948937142e+02 -2.514273911745828229e+02 -2.490359475206089996e+02 -2.496787694654036613e+02
-2.493203738852104721e+02 -2.336990643520582012e+02 -2.500073449660283984e+02 -2.492524531934058700e+02
-2.957741290152057800e+01 -1.896548106605208943e+02 -2.480619466913241240e+02 -2.456022095546434514e+02
-2.493411299286611040e+02 -2.454429997485544845e+02 -2.271531320025094942e+02 -2.496319196958963573e+02
-2.496784859196355910e+02 -2.499531134742284166e+02 -2.500103305787137060e+02 -2.498641933391846806e+02
-2.501828464285328550e+02 -2.501526549530912860e+02 -2.505482967713577409e+02 -2.503153741558669481e+02
-2.510000870747949193e+02 -2.512206495852938417e+02 -2.511955845976915214e+02 -2.498608311155416004e+02
0.000000000000000000e+00 0.000000000000000000e+00 0.000000000000000000e+00 0.000000000000000000e+00
-2.003192752043261748e+02 -2.086219370358444394e+02 -1.986751869295269728e+02 -1.957586183748748567e+02
-2.021796137629105203e+02 -1.987401208992090176e+02 -2.012986283407176984e+02 -1.953086534786733353e+02
0.000000000000000000e+00 0.000000000000000000e+00 0.000000000000000000e+00 0.000000000000000000e+00
-1.631790723587290870e+02 -1.525405841245369913e+02 -1.526302249632782377e+02 -1.606261810809076565e+02
-1.633088466523691409e+02 -1.649228580318522575e+02 -1.667524263066302126e+02 -1.586643968163222382e+02
0.000000000000000000e+00 0.000000000000000000e+00 0.000000000000000000e+00 0.000000000000000000e+00
-1.294457643969327023e+02 -1.136695597799985364e+02 -1.218185904244854214e+02 -1.218684905244354297e+02
0.000000000000000000e+00 0.000000000000000000e+00 0.000000000000000000e+00 0.000000000000000000e+00
-1.514405397408285694e+02 -1.404377313900560011e+02 -1.405273722287972760e+02 -1.468768706936898525e+02
-1.620067966764655125e+02 -1.651350274524034205e+02 -1.646473666035263363e+02 -1.539464365879589423e+02
-1.623526227227633854e+02 -1.663657233893963792e+02 -1.602786668287621126e+02 -1.651619300764568834e+02
0.000000000000000000e+00 0.000000000000000000e+00 0.000000000000000000e+00 0.000000000000000000e+00
-2.508169415903979313e+02 -2.494890372493670725e+02 -2.505634663810071743e+02 -2.507419445104927149e+02
0.000000000000000000e+00 0.000000000000000000e+00 0.000000000000000000e+00 0.000000000000000000e+00
-2.838932111392788826e+01 -1.874571539825113575e+02 -2.272844412211101144e+02 -1.866961956130793112e+02
0.000000000000000000e+00 0.000000000000000000e+00 0.000000000000000000e+00 0.000000000000000000e+00
-2.470744798167860381e+02 -2.476414994269655949e+02 -2.474026959700307771e+02 -2.477467264966377911e+02
-2.491336716029969409e+02 -2.494647820252611439e+02 -2.489385357917724946e+02 -2.491071581878155428e+02
-2.505878178914423984e+02 -2.512684431674017844e+02 -2.504393183752547429e+02 -2.507155736957252543e+02
0.000000000000000000e+00 0.000000000000000000e+00 0.000000000000000000e+00 0.000000000000000000e+00
-1.950002783611291477e+02 -1.926019485105003639e+02 -1.902092481690857539e+02 -1.858405029307554344e+02
-1.920457297086016126e+02 -1.864156280091419831e+02 -1.835253055122678632e+02 -1.915341438806616736e+02
-1.667021956179058293e+02 -1.667918364566470473e+02 -1.715403861509834087e+02 -1.729012391956099179e+02
-1.571885117113689887e+02 -1.576665404497001362e+02 -1.490447643227917354e+02 -1.570508857603943795e+02
0.000000000000000000e+00 0.000000000000000000e+00 0.000000000000000000e+00 0.000000000000000000e+00
0.000000000000000000e+00 0.000000000000000000e+00 0.000000000000000000e+00 0.000000000000000000e+00
-1.250486083512510902e+02 -1.233397702039983415e+02 -9.755341352398805554e+01 -1.299723646364741967e+02
-1.332798678246824977e+02 -1.297568985615742463e+02 -1.276095121646424957e+02 -1.301585248200148044e+02
-1.312342331491884408e+02 -1.347555856657841105e+02 -1.396760791913819162e+02 -1.302053807200148015e+02
0.000000000000000000e+00 0.000000000000000000e+00 0.000000000000000000e+00 0.000000000000000000e+00
-1.615934053397781724e+02 -1.671282196301581280e+02 -1.651606265789492340e+02 -1.652898494318120868e+02
-2.480362786952183001e+02 -2.492319179616508222e+02 -2.493907235434944027e+02 -2.495358476368630249e+02
-2.495737913633503808e+02 -2.494054544789196655e+02 -2.485390329970124981e+02 -2.481469250171816725e+02
0.000000000000000000e+00 0.000000000000000000e+00 0.000000000000000000e+00 0.000000000000000000e+00
-2.710431492648645602e+01 -2.208969615646529689e+02 -2.416149990492028508e+02 -2.413034490886919912e+02
-2.422965821523533236e+02 -2.423887334177549064e+02 -2.209742741233490904e+02 -2.424078496829725395e+02
-2.402831348382724741e+02 -2.425542966961691604e+02 -2.426876577058295652e+02 -2.424423957667955563e+02
0.000000000000000000e+00 0.000000000000000000e+00 0.000000000000000000e+00 0.000000000000000000e+00
-2.522391138462208744e+02 -2.523405137787136141e+02 -2.524600976557970569e+02 -2.512969038986895214e+02
0.000000000000000000e+00 0.000000000000000000e+00 0.000000000000000000e+00 0.000000000000000000e+00
-1.835069698540773970e+02 -1.901312867062590328e+02 -1.915121807186078513e+02 -1.930507010044522360e+02
-1.880903496265653416e+02 -1.963737655567715308e+02 -1.915479019794682358e+02 -1.913057377404415718e+02
0.000000000000000000e+00 0.000000000000000000e+00 0.000000000000000000e+00 0.000000000000000000e+00
-1.276502512476441069e+02 -1.301685569632730335e+02 -1.310740736534220900e+02 -1.324381358021676647e+02
-1.283844524010883390e+02 -1.200047820756136332e+02 -1.249090949753152984e+02 -1.251968225366717746e+02
-1.329246868287719110e+02 -1.329745869287219193e+02 -1.344065375031811982e+02 -1.254666766328788015e+02
-1.247050520890400236e+02 -1.258745125736161583e+02 -1.296856882217696523e+02 -1.255485732190466024e+02
-1.216186201439110164e+02 -1.288635499452151976e+02 -1.310791137967893292e+02 -1.257655424777754973e+02
-1.269880587524091453e+02 -1.233805356387049272e+02 -1.300354467524092286e+02 -1.226089649547755300e+02
-1.269410452500778206e+02 -1.270008954499278957e+02 -1.286342788253568585e+02 -1.164733905547756478e+02
0.000000000000000000e+00 0.000000000000000000e+00 0.000000000000000000e+00 0.000000000000000000e+00
-2.480269741288535386e+02 -2.484792332946279885e+02 -2.467728017453977998e+02 -2.469629235359920472e+02
-2.469796116923759541e+02 -2.471885123633715295e+02 -2.465925304536336853e+02 -2.469980017281578171e+02
0.000000000000000000e+00 0.000000000000000000e+00 0.000000000000000000e+00 0.000000000000000000e+00
-2.572129584667661106e+01 -1.884930494132938179e+02 -2.387421447761284128e+02 -2.387643808997746078e+02
0.000000000000000000e+00 0.000000000000000000e+00 0.000000000000000000e+00 0.000000000000000000e+00
-1.897625504596265387e+02 -2.341050339972128995e+02 -2.337075568096566656e+02 -2.337733840004302124e+02
0.000000000000000000e+00 0.000000000000000000e+00 0.000000000000000000e+00 0.000000000000000000e+00
0.000000000000000000e+00 0.000000000000000000e+00 0.000000000000000000e+00 0.000000000000000000e+00
0.000000000000000000e+00 0.000000000000000000e+00 0.000000000000000000e+00 0.000000000000000000e+00
-1.286004082820251995e+02 -1.798912885313383185e+02 -1.731287452504959390e+02 -1.732084658097965075e+02
0.000000000000000000e+00 0.000000000000000000e+00 0.000000000000000000e+00 0.000000000000000000e+00
0.000000000000000000e+00 0.000000000000000000e+00 0.000000000000000000e+00 0.000000000000000000e+00
-1.176464461000783075e+02 -1.186238004707806510e+02 -1.171099645077850795e+02 -1.063183626534185180e+02
-4.984219500764645261e+01 -1.097388620058404030e+02 -1.101789596165327225e+02 -1.111401394388894204e+02
0.000000000000000000e+00 0.000000000000000000e+00 0.000000000000000000e+00 0.000000000000000000e+00
0.000000000000000000e+00 0.000000000000000000e+00 0.000000000000000000e+00 0.000000000000000000e+00
0.000000000000000000e+00 0.000000000000000000e+00 0.000000000000000000e+00 0.000000000000000000e+00
-1.093142506381013135e+02 -1.218969769663297171e+02 -1.109780415714095341e+02 -1.110279416713595708e+02
0.000000000000000000e+00 0.000000000000000000e+00 0.000000000000000000e+00 0.000000000000000000e+00
0.000000000000000000e+00 0.000000000000000000e+00 0.000000000000000000e+00 0.000000000000000000e+00
0.000000000000000000e+00 0.000000000000000000e+00 0.000000000000000000e+00 0.000000000000000000e+00
-2.602858350708512489e+02 -2.443910500474026435e+02 -2.452548392001032767e+02 -2.451765324891000262e+02
-2.415489251896108840e+02 -2.415239452606001578e+02 -2.414345154001311471e+02 -2.200730500886836012e+02
-1.964495873780926161e+02 -1.965428386413536543e+02 -2.369813823113273088e+02 -2.423356527395034377e+01
-2.248608690328531168e+02 -2.071638611351331747e+02 -1.909955373757813675e+02 -2.262695442946021274e+01
-2.094270417598060021e+02 -2.215166407751217150e+02 -1.645822261451028794e+02 -2.090601530670248565e+01
-2.030434999518799657e+02 -1.567290519660223538e+02 -1.421458197988876009e+02 -1.906801221300923288e+01
-1.878835156680496539e+02 -1.336529094724050140e+02 -1.600729409516846431e+02 -1.711082341391002259e+01
-1.752079437327786877e+02 -1.330181901981023316e+02 -1.585715721744724362e+02 -1.503409918423815128e+01
-1.596036308032653039e+02 -1.612680206428494216e+02 -8.718400691751455156e+01 -1.283863432248657688e+01
-1.070353861314583952e+02 -1.420407497475094374e+02 -1.180509970201363359e+02 -1.052422654208151975e+01
-9.720496847213685498e+01 -1.291840139732471471e+02 -8.171189189410749520e+01 -8.087673455852362636e+00
-9.973519567242577466e+01 -1.121039287599681842e+02 -7.794986029482490153e+01 -5.524210027867124673e+00
-7.617237615176064480e+01 -7.667218877382141784e+01 -7.466269765599341213e+01 -2.829696221724692595e+00
0.000000000000000000e+00 0.000000000000000000e+00 0.000000000000000000e+00 0.000000000000000000e+00
-5.462639463999921929e+01 -4.760600062000046506e+01 -4.669076300000040192e+01 -4.447739807070985307e+01
-6.833030564349996894e+01 -7.230983057000018732e+01 -6.946974900000020625e+01 -8.127856869340979529e+01
-9.450282599999947308e+01 -1.050149352177236040e+02 -9.196044628151970812e+01 -1.006897786934092238e+02
0.000000000000000000e+00 0.000000000000000000e+00 0.000000000000000000e+00 0.000000000000000000e+00
0.000000000000000000e+00 0.000000000000000000e+00 0.000000000000000000e+00 0.000000000000000000e+00
-2.579886034609241392e+02 -2.606432336906686373e+02 -2.604293744255792262e+02 -2.609530013256963343e+02
-2.625168834000791662e+02 -2.594607833971232935e+02 -2.592815181102343445e+02 -2.613207337737017610e+02
-2.418812390874478240e+02 -2.420217821253963848e+02 -2.619566278591470905e+02 -2.420612382194452437e+02
0.000000000000000000e+00 0.000000000000000000e+00 0.000000000000000000e+00 0.000000000000000000e+00
-2.307790943059613085e+02 -1.730834034755073958e+02 -2.301872436007656688e+02 -2.302966952474702964e+02
0.000000000000000000e+00 0.000000000000000000e+00 0.000000000000000000e+00 0.000000000000000000e+00
-2.000777551185450989e+02 -1.977897601665727052e+02 -1.937292130285994460e+02 -1.891384624935059264e+02
-1.896605388814315347e+02 -1.435198943912907623e+02 -1.896860393117061960e+02 -1.898951795335240149e+02
-1.872837554859094666e+02 -1.494311587679316915e+02 -1.867534155120498554e+02 -1.870902036651913818e+02
0.000000000000000000e+00 0.000000000000000000e+00 0.000000000000000000e+00 0.000000000000000000e+00
0.000000000000000000e+00 0.000000000000000000e+00 0.000000000000000000e+00 0.000000000000000000e+00
0.000000000000000000e+00 0.000000000000000000e+00 0.000000000000000000e+00 0.000000000000000000e+00
0.000000000000000000e+00 0.000000000000000000e+00 0.000000000000000000e+00 0.000000000000000000e+00
-8.005164406705043234e+01 -7.267009147506102806e+01 -7.989990393274371172e+01 -8.001924612780163670e+01
0.000000000000000000e+00 0.000000000000000000e+00 0.000000000000000000e+00 0.000000000000000000e+00
-6.989985469813369434e+01 -7.139848494010612967e+01 -6.716342033187147820e+01 -6.833962838098578629e+01
-8.059683506113374563e+01 -7.223594857000017555e+01 -6.932555079939893972e+01 -8.843831518883047238e+01
-9.513638415357044664e+01 -9.501744077502945629e+01 -8.521131254999966131e+01 -9.337087909999951307e+01
-9.794416609399938523e+01 -1.006391491033293164e+02 -1.014113998443989004e+02 -1.097693988915214902e+02
0.000000000000000000e+00 0.000000000000000000e+00 0.000000000000000000e+00 0.000000000000000000e+00
-2.604241412948636025e+02 -2.605215909142523287e+02 -2.566473992418441412e+02 -2.567370400805853592e+02
0.000000000000000000e+00 0.000000000000000000e+00 0.000000000000000000e+00 0.000000000000000000e+00
0.000000000000000000e+00 0.000000000000000000e+00 0.000000000000000000e+00 0.000000000000000000e+00
0.000000000000000000e+00 0.000000000000000000e+00 0.000000000000000000e+00 0.000000000000000000e+00
-2.247219744091212874e+02 -2.299475711683390955e+02 -2.280584619737849437e+02 -2.274092693723264915e+02
-2.236839077231002193e+02 -2.230969129403702595e+02 -2.244327553678294862e+02 -2.183576794974731570e+02
-1.997857014231937853e+02 -2.004950365802870067e+02 -2.181776905346065973e+02 -1.976536402686516567e+02
-1.900703926772142438e+02 -1.922822713470986855e+02 -1.896098280036009101e+02 -1.922259481353157753e+02
-1.866231585412940035e+02 -1.854774027614658678e+02 -1.859391699357792334e+02 -1.872170182291901313e+02
-1.887855352402985432e+02 -1.842913010768408526e+02 -1.864669808207235633e+02 -1.853211496658518627e+02
-1.892127887056863642e+02 -1.842038981198663237e+02 -1.892357110661814090e+02 -1.844341091270699451e+02
-1.858653108368939115e+02 -1.861033702242815480e+02 -1.872491373278135995e+02 -1.868651242250401481e+02
0.000000000000000000e+00 0.000000000000000000e+00 0.000000000000000000e+00 0.000000000000000000e+00
-8.245026163702452493e+01 -8.254123096253452729e+01 -8.233504200571238130e+01 -8.250428430072028618e+01
0.000000000000000000e+00 0.000000000000000000e+00 0.000000000000000000e+00 0.000000000000000000e+00
-8.585638102278200279e+01 -8.558066898174307369e+01 -8.008151479567247577e+01 -8.176065735650684019e+01
-9.898396406093604583e+01 -9.055933012091210799e+01 -9.648738738594434494e+01 -9.036253743030040653e+01
0.000000000000000000e+00 0.000000000000000000e+00 0.000000000000000000e+00 0.000000000000000000e+00
0.000000000000000000e+00 0.000000000000000000e+00 0.000000000000000000e+00 0.000000000000000000e+00
0.000000000000000000e+00 0.000000000000000000e+00 0.000000000000000000e+00 0.000000000000000000e+00
0.000000000000000000e+00 0.000000000000000000e+00 0.000000000000000000e+00 0.000000000000000000e+00
-2.267445058516333631e+02 -2.217912977170079216e+02 -2.218710182763084902e+02 -2.219507388356090587e+02
0.000000000000000000e+00 0.000000000000000000e+00 0.000000000000000000e+00 0.000000000000000000e+00
-2.232724036566937116e+02 -2.246898770393237896e+02 -2.247795178780650645e+02 -2.248975416044476106e+02
-2.251488574629012192e+02 -2.298555359043380406e+02 -2.238574545464260837e+02 -2.249587995555476141e+02
0.000000000000000000e+00 0.000000000000000000e+00 0.000000000000000000e+00 0.000000000000000000e+00
0.000000000000000000e+00 0.000000000000000000e+00 0.000000000000000000e+00 0.000000000000000000e+00
-1.895553690657193329e+02 -1.935509135685861679e+02 -1.907748122641343116e+02 -1.873213470795192279e+02
-1.865246530974789607e+02 -1.873320421179900848e+02 -1.868941324251927085e+02 -1.902688488874090353e+02
-1.872904938130654386e+02 -1.853194665293300147e+02 -1.879256294517327319e+02 -1.847384133613518884e+02
0.000000000000000000e+00 0.000000000000000000e+00 0.000000000000000000e+00 0.000000000000000000e+00
0.000000000000000000e+00 0.000000000000000000e+00 0.000000000000000000e+00 0.000000000000000000e+00
0.000000000000000000e+00 0.000000000000000000e+00 0.000000000000000000e+00 0.000000000000000000e+00
0.000000000000000000e+00 0.000000000000000000e+00 0.000000000000000000e+00 0.000000000000000000e+00
0.000000000000000000e+00 0.000000000000000000e+00 0.000000000000000000e+00 0.000000000000000000e+00
0.000000000000000000e+00 0.000000000000000000e+00 0.000000000000000000e+00 0.000000000000000000e+00
-1.100357960000045665e+02 -1.154950775394322307e+02 -1.113814729213139287e+02 -1.100461220028685716e+02
-1.182302684497852141e+02 -1.175402528973737049e+02 -1.192544649484516697e+02 -1.132900168110799370e+02
0.000000000000000000e+00 0.000000000000000000e+00 0.000000000000000000e+00 0.000000000000000000e+00
0.000000000000000000e+00 0.000000000000000000e+00 0.000000000000000000e+00 0.000000000000000000e+00
0.000000000000000000e+00 0.000000000000000000e+00 0.000000000000000000e+00 0.000000000000000000e+00
-2.267627314306404287e+02 -2.237833683576079409e+02 -1.968828623925273291e+02 -2.268226523165326967e+02
-2.266637683255257514e+02 -2.268429600633674852e+02 -2.181213036380496533e+02 -2.275386801690404468e+02
-2.216058448619957062e+02 -2.246286190882238145e+02 -2.252708972681855926e+02 -2.284603587648732059e+02
-2.296100971076026553e+02 -2.297543980084172972e+02 -2.260383321892795152e+02 -2.227221222731572254e+02
-2.215697456618118224e+02 -2.263127547914925231e+02 -2.263941305439523148e+02 -2.207042235999572313e+02
0.000000000000000000e+00 0.000000000000000000e+00 0.000000000000000000e+00 0.000000000000000000e+00
-1.921291606427595866e+02 -1.969872180962622110e+02 -1.976424718456059964e+02 -1.942640932467547259e+02
0.000000000000000000e+00 0.000000000000000000e+00 0.000000000000000000e+00 0.000000000000000000e+00
-1.775783385702170847e+02 -1.819785008377930353e+02 -1.828189249803404266e+02 -1.828775938036484092e+02
-1.742269725000897438e+02 -1.755256957700750036e+02 -1.776914966402701452e+02 -1.787402483829017683e+02
-1.710945572599320883e+02 -1.725115590644514612e+02 -1.718940453082699378e+02 -1.727001405971915347e+02
-1.672484437628508545e+02 -1.675012432115930210e+02 -1.649150563187488956e+02 -1.682073854114128721e+02
-1.612531599166238152e+02 -1.557864527374172496e+02 -1.595512692960981553e+02 -1.608195685106510098e+02
-1.504314914597737243e+02 -1.505310426576762097e+02 -1.500052518183071584e+02 -1.492103706381227823e+02
-1.419051784557942142e+02 -1.372528580445857642e+02 -1.357072142752602986e+02 -1.396227060104258157e+02
-1.216363608155074871e+02 -1.216263226723658732e+02 -1.224244028352217839e+02 -1.222856826909690966e+02
-1.192347579529875645e+02 -1.217130024367019274e+02 -1.213214558216346859e+02 -1.211795659606994491e+02
-1.259441679461266261e+02 -1.232432836239179892e+02 -1.255506632703460212e+02 -1.234027443834281428e+02
0.000000000000000000e+00 0.000000000000000000e+00 0.000000000000000000e+00 0.000000000000000000e+00
0.000000000000000000e+00 0.000000000000000000e+00 0.000000000000000000e+00 0.000000000000000000e+00
0.000000000000000000e+00 0.000000000000000000e+00 0.000000000000000000e+00 0.000000000000000000e+00
0.000000000000000000e+00 0.000000000000000000e+00 0.000000000000000000e+00 0.000000000000000000e+00
-2.244209545231000220e+02 -2.245450703939458208e+02 -2.196783443028957095e+02 -2.197580648621962496e+02
0.000000000000000000e+00 0.000000000000000000e+00 0.000000000000000000e+00 0.000000000000000000e+00
-2.261334731140100018e+02 -2.262514968403924911e+02 -2.211629157178086871e+02 -2.162326078477918259e+02
-2.210330459869596211e+02 -2.211127665462602181e+02 -2.216479657436531170e+02 -2.119466252747918702e+02
0.000000000000000000e+00 0.000000000000000000e+00 0.000000000000000000e+00 0.000000000000000000e+00
-1.730311804075571160e+02 -1.771148418183394426e+02 -1.772637963547194317e+02 -1.782961580490807307e+02
-1.766205107737227991e+02 -1.804952341243979674e+02 -1.760963480216381356e+02 -1.762436777258363065e+02
-1.763584385118248861e+02 -1.775412873869815940e+02 -1.757192352582121657e+02 -1.765596493167963672e+02
0.000000000000000000e+00 0.000000000000000000e+00 0.000000000000000000e+00 0.000000000000000000e+00
0.000000000000000000e+00 0.000000000000000000e+00 0.000000000000000000e+00 0.000000000000000000e+00
-1.615990874370438064e+02 -1.637983726739678616e+02 -1.635204254752013355e+02 -1.631179349881070380e+02
0.000000000000000000e+00 0.000000000000000000e+00 0.000000000000000000e+00 0.000000000000000000e+00
-1.394968417962304557e+02 -1.459498902344381008e+02 -1.451333920660491401e+02 -1.452626149189119644e+02
0.000000000000000000e+00 0.000000000000000000e+00 0.000000000000000000e+00 0.000000000000000000e+00
-1.295581774364787861e+02 -1.259053077922666262e+02 -1.206714960683700610e+02 -1.257108711811691393e+02
-1.281227298605939495e+02 -1.269118025423002791e+02 -1.283438650694377827e+02 -1.279568447681584757e+02
0.000000000000000000e+00 0.000000000000000000e+00 0.000000000000000000e+00 0.000000000000000000e+00
