-5.407009611736582144e+01 -5.431711899139537536e+01 -5.456414186542486533e+01 -5.488336999232887337e+01
-5.193471319422121724e+01 -5.382658265165436973e+01 -5.397727509724273176e+01 -5.522134940083336119e+01
-5.585838429676455519e+01 -5.479226581903551363e+01 -5.469864849195323586e+01 -5.673877285350509680e+01
-5.421574020856640885e+01 -5.675691462459646885e+01 -5.602757367303857450e+01 -5.766777288576844285e+01
-5.874367113514397687e+01 -5.555848931627718201e+01 -5.526825899496826366e+01 -5.737163929433251042e+01
0.000000000000000000e+00 0.000000000000000000e+00 0.000000000000000000e+00 0.000000000000000000e+00
-3.840233125437515582e+01 -5.977776643030929193e+01 -5.974526349432298389e+01 -5.982440591346163927e+01
0.000000000000000000e+00 0.000000000000000000e+00 0.000000000000000000e+00 0.000000000000000000e+00
-4.839550005364450413e+01 -6.266791288817761085e+01 -6.264598164533820324e+01 -6.263077596197852159e+01
-6.295600284192203588e+01 -5.906047864228372646e+01 -6.306631916964352769e+01 -5.902919805669256448e+01
0.000000000000000000e+00 0.000000000000000000e+00 0.000000000000000000e+00 0.000000000000000000e+00
-4.863704193859317115e+01 -5.152979655506076995e+01 -4.920147476488710936e+01 -4.842970120125210798e+01
0.000000000000000000e+00 0.000000000000000000e+00 0.000000000000000000e+00 0.000000000000000000e+00
-5.122256801170683360e+01 -5.650093716024723989e+01 -5.572163968406525925e+01 -5.530294843421553708e+01
-5.857026722347686842e+01 -5.596082595991204300e+01 -5.732802984331912910e+01 -5.948718842457939360e+01
-6.965445128473945147e+00 -4.475217350914399361e+01 -5.783258636742868930e+01 -4.212349782580285051e+01
-5.812696078399707034e+01 -5.488486252431939505e+01 -7.211499879649664990e+00 -5.034333621668384495e+01
-5.967094467376504952e+01 -6.075780622917225315e+01 -7.355362398539766922e+00 -5.359716911319868160e+01
-6.128077733530238902e+01 -6.029892376171142132e+01 -7.395958407305517568e+00 -4.659048096086753077e+01
0.000000000000000000e+00 0.000000000000000000e+00 0.000000000000000000e+00 0.000000000000000000e+00
-4.335277158429106947e+01 -4.317236788192224139e+01 -4.384450955909638026e+01 -4.483971146818449682e+01
-4.520525717138517052e+01 -4.661954644908430367e+01 -4.526771028949077191e+01 -4.777153059632157550e+01
-4.977910488911830100e+01 -5.031482657918341772e+01 -4.819416737728085565e+01 -5.114909072572295656e+01
-4.269415977897509151e+01 -5.274940383148614131e+01 -5.062263192128391154e+01 -4.928237461376262729e+01
0.000000000000000000e+00 0.000000000000000000e+00 0.000000000000000000e+00 0.000000000000000000e+00
-6.617647155481300558e+00 -4.544809823765274359e+01 -3.987023721877976357e+01 -5.519402213909495458e+01
-5.873689626120407326e+01 -5.863444406125194774e+01 -4.042173328439441349e+01 -5.863926209209451912e+01
-5.793133901269033004e+01 -4.419871441810490609e+01 -5.950290363666255189e+01 -6.103234274357163258e+01
-6.206240339086130575e+01 -6.167087952773404425e+01 -5.775152383585109561e+01 -5.889810584420035156e+01
0.000000000000000000e+00 0.000000000000000000e+00 0.000000000000000000e+00 0.000000000000000000e+00
-3.880623527745237311e+01 -4.238951240946401811e+01 -3.893551729237822201e+01 -3.968940656485468566e+01
-4.013767837279581840e+01 -4.343947948959135630e+01 -4.007841576122400795e+01 -4.029184764109407269e+01
0.000000000000000000e+00 0.000000000000000000e+00 0.000000000000000000e+00 0.000000000000000000e+00
-2.115890358822588269e+01 -4.745551644076601860e+01 -4.533718721472582303e+01 -4.525555856643045871e+01
0.000000000000000000e+00 0.000000000000000000e+00 0.000000000000000000e+00 0.000000000000000000e+00
-6.166585059029179305e+00 -5.133970313770047511e+01 -4.673142793432673869e+01 -5.718622644651726716e+01
-5.869399823484902612e+01 -5.868039719055443726e+01 -4.827745846949633801e+01 -6.187270156249226005e+01
0.000000000000000000e+00 0.000000000000000000e+00 0.000000000000000000e+00 0.000000000000000000e+00
-5.899843783729781421e+01 -5.959494268522788474e+01 -5.903910149937396312e+01 -6.225107369317940709e+01
-6.231727790555535051e+01 -6.226093443395086524e+01 -5.962129472861591495e+01 -5.942659288032552922e+01
-3.549436347584480700e+01 -3.612247540864001394e+01 -3.688895209612790183e+01 -3.737959024621849835e+01
-3.616725335498784943e+01 -3.771759161551185002e+01 -3.648907042441793180e+01 -2.187234939980986681e+01
-3.306986842779176872e+00 -3.748451855621952689e+01 -3.602756948317906449e+01 -2.663048488890250098e+01
-4.281041760030833387e+01 -3.961770605083285091e+01 -4.168804594020625309e+00 -3.948853701461869292e+01
-3.634375457477692350e+01 -4.200023286446636206e+01 -4.943206886620608032e+00 -4.052821415418819839e+01
-5.070189931869114730e+01 -4.921588627822906403e+01 -5.609227093809670883e+00 -4.247601698652402291e+01
0.000000000000000000e+00 0.000000000000000000e+00 0.000000000000000000e+00 0.000000000000000000e+00
0.000000000000000000e+00 0.000000000000000000e+00 0.000000000000000000e+00 0.000000000000000000e+00
0.000000000000000000e+00 0.000000000000000000e+00 0.000000000000000000e+00 0.000000000000000000e+00
-6.204671347744002929e+01 -5.948332496153875582e+01 -5.919260341418983273e+01 -5.942587831693881384e+01
-3.162956740857538307e+01 -3.309254599518790485e+01 -2.938576629008414898e+01 -2.210568886853388193e+01
-1.224539286163307317e+00 -2.772886396674277520e+01 -2.639089302613243149e+01 -1.811086694929477758e+01
-3.570234718305830768e+01 -3.178911850934132133e+01 -2.320573581881567815e+00 -3.757809096102616309e+01
-4.037795478031340934e+01 -4.284098692030541145e+01 -4.075877618022759918e+01 -4.252550260766840040e+01
0.000000000000000000e+00 0.000000000000000000e+00 0.000000000000000000e+00 0.000000000000000000e+00
-4.887655421384408783e+01 -5.086854715978110164e+01 -4.968693138442739610e+01 -4.972260695432639466e+01
-4.940356603232690702e+01 -4.942935082038871997e+01 -4.968657416590232856e+01 -4.945960145174598210e+01
0.000000000000000000e+00 0.000000000000000000e+00 0.000000000000000000e+00 0.000000000000000000e+00
-6.039015735686852793e+01 -5.717132529329236235e+01 -5.725080999531370196e+01 -5.772960171694587217e+01
-5.819804214090317629e+01 -5.874492700097381004e+01 -6.126854764946016729e+01 -5.840389405682119417e+01
0.000000000000000000e+00 0.000000000000000000e+00 0.000000000000000000e+00 0.000000000000000000e+00
0.000000000000000000e+00 0.000000000000000000e+00 0.000000000000000000e+00 0.000000000000000000e+00
0.000000000000000000e+00 0.000000000000000000e+00 0.000000000000000000e+00 0.000000000000000000e+00
-3.863057108995032252e+01 -4.318479084454951078e+01 -4.274002583709765446e+01 -4.283074429311947284e+01
-4.584122235429357062e+01 -4.574566429130188538e+01 -4.432166451202689217e+01 -4.583942323319082135e+01
-4.778169997951290782e+01 -4.977360820535665908e+01 -4.657012371808309581e+01 -4.791167581653567709e+01
-4.900365875506730617e+01 -4.859954298119627936e+01 -5.056139482865501122e+01 -5.033266404854614962e+01
0.000000000000000000e+00 0.000000000000000000e+00 0.000000000000000000e+00 0.000000000000000000e+00
-5.867662909057438014e+01 -5.677384530714622457e+01 -5.626205366393492113e+01 -5.630996030541758302e+01
0.000000000000000000e+00 0.000000000000000000e+00 0.000000000000000000e+00 0.000000000000000000e+00
-1.981182123664802930e+01 -2.031291556111014529e+01 -1.931628811956378300e+01 -2.040440300358963555e+01
-1.876269907054715702e+01 -8.485973997328692064e+00 -1.926837320947502263e+01 -2.071217869765795783e+01
-2.881165482397341648e+01 -2.897046040581702187e+01 -1.923389442733280319e+01 -2.928102603827549544e+01
-4.049457100939036991e+01 -4.108327686932760514e+01 -3.064169492946011175e+01 -4.177811084233161409e+01
-4.423879442937661111e+01 -4.597404884119411861e+01 -4.699943438487103009e+01 -4.741114853238333637e+01
-5.085461571252506019e+01 -4.807116599978379412e+01 -5.097017131127188350e+01 -4.918089125926651661e+01
-5.037675381751166981e+01 -5.068153345792707398e+01 -5.275193008743652001e+01 -4.926848354141411335e+01
-5.096030213205347792e+01 -5.106664646910567740e+01 -5.455264834876325608e+01 -5.208407730921526024e+01
-5.612536210328219966e+01 -5.381139884345789426e+01 -5.662125428701885710e+01 -5.348489102094088565e+01
-5.329409804380748028e+01 -5.360575033461489625e+01 -5.370012652359893934e+01 -5.354802038889123139e+01
-2.009973884858213111e+01 -2.038090672584143093e+01 -1.982997381367048462e+01 -1.990067138725392226e+01
-1.956922795460494413e+01 -1.964731909845669833e+01 -1.982357510226681541e+01 -1.904171313192300374e+01
0.000000000000000000e+00 0.000000000000000000e+00 0.000000000000000000e+00 0.000000000000000000e+00
-4.253634491708085363e+01 -4.258961141353201185e+01 -4.293998278361610232e+01 -4.387702488023410297e+01
-4.513167669636953860e+01 -4.633155253631880299e+01 -4.559108876792267040e+01 -4.929848928105535322e+01
-5.122790708705764473e+01 -5.217993272155169393e+01 -5.052861424584113337e+01 -5.081087016566696235e+01
-4.838486928584198665e+01 -5.049287150179960548e+01 -5.251205176066571312e+01 -5.253577512752805490e+01
0.000000000000000000e+00 0.000000000000000000e+00 0.000000000000000000e+00 0.000000000000000000e+00
-5.263936589872625404e+01 -5.664189391088223857e+01 -5.615444943923593257e+01 -5.612758099135577083e+01
-5.319508022821214865e+01 -5.300051462345819431e+01 -5.648927963219645676e+01 -5.648491843108237731e+01
-2.062473710650473180e+01 -2.078745116203081977e+01 -1.955621991820371619e+01 -2.000894527646248022e+01
0.000000000000000000e+00 0.000000000000000000e+00 0.000000000000000000e+00 0.000000000000000000e+00
0.000000000000000000e+00 0.000000000000000000e+00 0.000000000000000000e+00 0.000000000000000000e+00
0.000000000000000000e+00 0.000000000000000000e+00 0.000000000000000000e+00 0.000000000000000000e+00
-4.721739599022568257e+01 -4.747245319230530924e+01 -4.668603985980819715e+01 -4.655806686411971640e+01
-4.765262917961552347e+01 -5.154805460094275560e+01 -4.792935952757488138e+01 -4.784952264411715106e+01
-4.947457444113116765e+01 -4.943797303781406072e+01 -4.883361604062967842e+01 -4.894193371209916421e+01
-5.095889917391968282e+01 -5.051399841510192346e+01 -5.011471015230788595e+01 -5.124205146872479588e+01
-5.159261327963081811e+01 -5.213614389651752390e+01 -5.192558486789830852e+01 -5.265682567689277960e+01
-5.300196960860120043e+01 -5.315082702155530114e+01 -5.305802930932304662e+01 -5.227762157681265620e+01
