-3.815306785819824142e+01 -3.830202239457822344e+01 -3.845097693095820546e+01 -3.880905431643913062e+01
-3.915299483443639161e+01 -3.852984581312618673e+01 -3.807365697140771488e+01 -3.887926255336606118e+01
-4.032863062201958826e+01 -4.021406029133435567e+01 -3.989489294791367513e+01 -4.045070237614443442e+01
-4.002203193735824271e+01 -3.981224566683339816e+01 -4.096199371975023951e+01 -4.058976937357940074e+01
-4.136759237132142175e+01 -4.141231112618905286e+01 -4.162242254277814624e+01 -4.129639845526492081e+01
0.000000000000000000e+00 0.000000000000000000e+00 0.000000000000000000e+00 0.000000000000000000e+00
-4.686218780199162381e+01 -4.657156190978886201e+01 -4.675986156114487358e+01 -4.690084035144974450e+01
0.000000000000000000e+00 0.000000000000000000e+00 0.000000000000000000e+00 0.000000000000000000e+00
-4.179981681065319776e+01 -4.962909929867355174e+01 -4.967935250826195670e+01 -4.955524596648366042e+01
-5.005888346743970629e+01 -4.995324203317871081e+01 -5.008763817249386818e+01 -5.000134208555352444e+01
0.000000000000000000e+00 0.000000000000000000e+00 0.000000000000000000e+00 0.000000000000000000e+00
-3.736480691641273211e+01 -3.787352487844673732e+01 -3.752660728289364300e+01 -3.747916472024004975e+01
0.000000000000000000e+00 0.000000000000000000e+00 0.000000000000000000e+00 0.000000000000000000e+00
-3.939597122065280388e+01 -3.958860797594186920e+01 -3.952172986307434854e+01 -3.963587422120434667e+01
-4.123616341040576572e+01 -4.180475655783673972e+01 -4.077124759241443286e+01 -4.152425200851048004e+01
-6.938802800426371320e+00 -2.868946259751741934e+01 -4.307006017801548836e+01 -3.376062331140642669e+01
-4.413275783185661538e+01 -4.650686240471138433e+01 -7.182436073289863110e+00 -3.611153334597118914e+01
-4.577722957741248422e+01 -3.313945486833689102e+01 -7.322325762684223527e+00 -4.275606362596171550e+01
-4.814461087619960011e+01 -4.807447275685085941e+01 -7.357675357862532017e+00 -4.412379239500106820e+01
0.000000000000000000e+00 0.000000000000000000e+00 0.000000000000000000e+00 0.000000000000000000e+00
-3.372224219771146636e+01 -3.441035709032686185e+01 -3.406861644853278648e+01 -3.498770403615711189e+01
-3.470940156033671542e+01 -3.563935892406745864e+01 -3.572304745621956812e+01 -3.535143571029426823e+01
-3.613431366626457475e+01 -3.688244871254457991e+01 -3.686769484182898537e+01 -3.667143646263450307e+01
-3.740770369587845323e+01 -3.760253473836811366e+01 -3.794593162487755933e+01 -3.772271937010226850e+01
0.000000000000000000e+00 0.000000000000000000e+00 0.000000000000000000e+00 0.000000000000000000e+00
-6.591938170966651356e+00 -3.677408019944992645e+01 -4.311940335325684259e+01 -4.318288205483590758e+01
-4.115159251660921313e+01 -4.412262890816061400e+01 -4.478309026297277029e+01 -4.465996944407235247e+01
-4.683362672078103373e+01 -3.606448873205295058e+01 -4.712076648501133036e+01 -4.724296900737365945e+01
-4.820560326995877887e+01 -4.083136556757793301e+01 -4.824464547826225669e+01 -4.828265459814477367e+01
0.000000000000000000e+00 0.000000000000000000e+00 0.000000000000000000e+00 0.000000000000000000e+00
-2.542181365484446687e+01 -3.192647399057814539e+01 -3.105584570534215771e+01 -3.207672026132890863e+01
-3.258467183516279420e+01 -3.282448595425455551e+01 -3.099271622437990814e+01 -3.223539267607637981e+01
0.000000000000000000e+00 0.000000000000000000e+00 0.000000000000000000e+00 0.000000000000000000e+00
-3.318410995800935126e+01 -3.646185988962812985e+01 -3.619478695788303213e+01 -3.617077238861909905e+01
0.000000000000000000e+00 0.000000000000000000e+00 0.000000000000000000e+00 0.000000000000000000e+00
-6.141089436026153869e+00 -2.573661682538091000e+01 -2.930719290721791026e+01 -3.836644319607039222e+01
-4.266369513189086859e+01 -4.299504982365490946e+01 -2.411407769017504421e+01 -4.272352592938152327e+01
0.000000000000000000e+00 0.000000000000000000e+00 0.000000000000000000e+00 0.000000000000000000e+00
-4.829126560679571156e+01 -4.848814239572264029e+01 -4.842846171971481084e+01 -4.967449546187953757e+01
-5.039430944930381884e+01 -4.910063282143917718e+01 -4.931918428841417779e+01 -5.023689211352758832e+01
-2.923878687571223622e+01 -2.910043179909596844e+01 -2.893492741151347758e+01 -1.295680994732082958e+01
-2.290601300482666414e+00 -3.093567250308662864e+01 -2.761120967386919745e+01 -2.592515977125777127e+01
-3.154143450498559176e+01 -2.225249341394276570e+01 -3.273246785384273050e+00 -2.158213974535197366e+01
-3.473011575470611234e+01 -3.493546325825405319e+01 -4.149988812321370624e+00 -2.444296568750688792e+01
-2.472774481172266192e+01 -3.606637166292566832e+01 -4.920705241277834929e+00 -3.348792094441771638e+01
-3.966370003120923116e+01 -3.448827142542218382e+01 -5.584457012126956776e+00 -2.889829570041301210e+01
0.000000000000000000e+00 0.000000000000000000e+00 0.000000000000000000e+00 0.000000000000000000e+00
0.000000000000000000e+00 0.000000000000000000e+00 0.000000000000000000e+00 0.000000000000000000e+00
0.000000000000000000e+00 0.000000000000000000e+00 0.000000000000000000e+00 0.000000000000000000e+00
-5.025877888121677017e+01 -4.951490765467944044e+01 -5.018177596802293294e+01 -4.943225181512118382e+01
-2.622088707410844677e+01 -2.632857539379671152e+01 -2.619197200528041947e+01 -2.170298118249301211e+01
-1.200428801220287056e+00 -1.870847809288120800e+01 -2.315578730344703473e+01 -2.409179358030710461e+01
-2.965176576813825449e+01 -3.055652982082013835e+01 -3.009045602343640269e+01 -2.999502845771662507e+01
-3.377601219104840879e+01 -3.101834732832818631e+01 -3.396438531865597810e+01 -3.377845415283522357e+01
0.000000000000000000e+00 0.000000000000000000e+00 0.000000000000000000e+00 0.000000000000000000e+00
-3.972804192350015740e+01 -2.730230179067482155e+01 -3.960801386324628481e+01 -3.990521746964635952e+01
-4.077951885158582002e+01 -4.045814098298482975e+01 -4.015726173721675707e+01 -4.054824634248916482e+01
0.000000000000000000e+00 0.000000000000000000e+00 0.000000000000000000e+00 0.000000000000000000e+00
-4.889836858911904471e+01 -4.777171724677967291e+01 -4.799236850829513656e+01 -4.834863424595565817e+01
-4.826082329472880872e+01 -4.929325982485096347e+01 -4.975048985086212383e+01 -4.890545085773419487e+01
0.000000000000000000e+00 0.000000000000000000e+00 0.000000000000000000e+00 0.000000000000000000e+00
0.000000000000000000e+00 0.000000000000000000e+00 0.000000000000000000e+00 0.000000000000000000e+00
0.000000000000000000e+00 0.000000000000000000e+00 0.000000000000000000e+00 0.000000000000000000e+00
-3.501663401553429367e+01 -3.504599995552839431e+01 -3.509898443607207241e+01 -3.506528682456151103e+01
-3.686247501699615725e+01 -3.679948845112577516e+01 -3.703324002484898614e+01 -3.712274561354841751e+01
-3.889242044230892503e+01 -3.857732392672747324e+01 -3.940296980861858600e+01 -3.897940543726046769e+01
-4.003079324129539174e+01 -4.052897463982575488e+01 -4.061149714643382680e+01 -4.068703222457899216e+01
0.000000000000000000e+00 0.000000000000000000e+00 0.000000000000000000e+00 0.000000000000000000e+00
-4.755715800464786724e+01 -4.701203626804591096e+01 -4.612398319033873406e+01 -4.644808833369706491e+01
0.000000000000000000e+00 0.000000000000000000e+00 0.000000000000000000e+00 0.000000000000000000e+00
-1.595558031802997867e+01 -1.608750525178415103e+01 -1.614735545163420838e+01 -1.626994361299896497e+01
-1.656670672589011417e+01 -1.333759018000009355e+01 -1.550769610410855215e+01 -1.659148537032993431e+01
-2.607667643711010186e+01 -2.618612808381471879e+01 -2.427536234139218863e+01 -2.778920070223690075e+01
-3.466455891277389867e+01 -3.433585810955188578e+01 -3.299468951878856160e+01 -3.490120429630288612e+01
-3.746701062279601757e+01 -3.694133711071116721e+01 -3.664130937633494511e+01 -3.759010673734301378e+01
-3.919798799493151620e+01 -3.889374972338460168e+01 -3.879338587940237204e+01 -3.949726768809617283e+01
-4.000624872840121782e+01 -4.057467826953033807e+01 -3.990725283413414104e+01 -4.015982868930912275e+01
-4.144581849566480258e+01 -4.140199636523950488e+01 -4.138581666337061193e+01 -4.309561016780563136e+01
-4.627534880951205309e+01 -4.510629905825287267e+01 -4.504030266762068635e+01 -4.576834391329818175e+01
-4.580480451133335862e+01 -4.628326094072227193e+01 -4.688640158862035889e+01 -4.422084697367405681e+01
-1.630839455862988530e+01 -1.642246356186683443e+01 -1.679298734591013087e+01 -1.686449582266549285e+01
-1.718844562044147750e+01 -1.731044818728047474e+01 -1.682932102181813150e+01 -1.576393742589011637e+01
0.000000000000000000e+00 0.000000000000000000e+00 0.000000000000000000e+00 0.000000000000000000e+00
-3.633085086478806147e+01 -3.748682446644863830e+01 -3.659214178118966743e+01 -3.689467479908686443e+01
-3.814838642561862514e+01 -3.868655784443760126e+01 -3.934459655263761846e+01 -3.814693208700030880e+01
-3.946573558396049464e+01 -3.930033376923232424e+01 -4.027566018297560646e+01 -3.978054613345053525e+01
-4.081967678359919205e+01 -4.037832756245719423e+01 -4.161682486310257900e+01 -4.031852540368164739e+01
0.000000000000000000e+00 0.000000000000000000e+00 0.000000000000000000e+00 0.000000000000000000e+00
-4.593854330954764009e+01 -4.526898188200939188e+01 -4.513192132413242064e+01 -4.477612587901468544e+01
-4.467664021665535046e+01 -4.617776796162330299e+01 -4.436534479375572460e+01 -4.451284088465680355e+01
-1.614245657758173635e+01 -1.674239614615126470e+01 -1.652750111554988521e+01 -1.660722167485044309e+01
0.000000000000000000e+00 0.000000000000000000e+00 0.000000000000000000e+00 0.000000000000000000e+00
0.000000000000000000e+00 0.000000000000000000e+00 0.000000000000000000e+00 0.000000000000000000e+00
0.000000000000000000e+00 0.000000000000000000e+00 0.000000000000000000e+00 0.000000000000000000e+00
-3.954698304447224189e+01 -3.974641742703370539e+01 -3.935939904110747278e+01 -3.926288252631378128e+01
-4.016031640494934862e+01 -3.971096454341241611e+01 -4.022908380896421932e+01 -4.076086752322444084e+01
-4.120992753950320520e+01 -4.277900087969548792e+01 -4.159233539195344065e+01 -4.203451385588714118e+01
-4.293085725791437568e+01 -4.306995088792437087e+01 -4.466948407209319072e+01 -4.317822840401411355e+01
-4.356592592299449507e+01 -4.482571787099819716e+01 -4.537347646198516316e+01 -4.418198375365180652e+01
-4.433659704074680974e+01 -4.443172493899342612e+01 -4.479112758912727088e+01 -4.441878268643916527e+01
