-2.630278366343065735e-02 -2.619965727534944930e-02 -2.587412080423547381e-02 1.309185768133104055e+00
1.149588782920220487e+00 -1.315184136687692559e-02 2.924392745970061033e-02 4.045702834314660046e-01
3.699162374876427406e-01 -2.635049875569270283e-02 3.825881700893085102e-01 1.310930972858440624e+00
4.817117838605308733e-01 -3.103013608840885992e-02 -1.522605166925784272e-02 1.249019077978236858e+00
1.042898187961729395e+00 -3.456764410555978467e-02 -1.866860451418202865e-02 -3.573170288398502120e-02
1.087789348056376892e-02 1.248382704710982338e+00 -2.244869131419918729e-02 5.780875438867369986e-01
1.078954103489341947e-02 3.627283859357023355e-01 1.461722310299418126e-01 1.094706170498264131e+00
9.508367830609921328e-03 1.412030176553182192e+00 -4.597251332796706107e-03 4.544018028779057139e-01
9.864268783441004773e-01 5.644450285725678002e-02 1.842809849120367605e-01 1.488112042406133928e-01
6.311375841063951997e-01 -1.423503969332235754e-02 1.313261682496550398e+00 -3.104028302644429305e-02
-5.350448836697214300e-02 1.166717706091518147e+00 -5.440629512024931086e-02 -3.587926574022581860e-02
-1.405868507415392044e-02 5.377571085562893316e-01 1.290300275111679440e+00 -1.804106530905057876e-02
-1.194632844050554608e-02 3.350012452818688646e-01 9.711750965695262749e-01 1.202869936390336125e-01
1.037519224208758972e+00 3.258255964313025443e-01 1.077432260843902284e-01 6.178395300897624454e-01
4.315758544844494615e-02 -2.413410644441121855e-02 5.612253671264193500e-01 -2.364069197083026527e-02
-3.379817356634210596e-02 1.472471713966855278e-01 -3.619748856569193762e-02 1.090981794916412895e+00
1.258056542740871621e-02 1.502940032562493367e-01 -2.071546255776894954e-03 1.121128612190364304e+00
1.700660648721936605e-02 1.154004843624077958e+00 -3.353907350605203619e-02 1.484179969612352723e-04
2.474774167791475021e-01 -2.883895558957946109e-02 1.166935420705596527e-01 1.366670656510969639e+00
1.132749994620552370e+00 5.677271783071061728e-01 2.075176273511381356e-02 -3.052085720920245937e-02
-4.622634660253356620e-02 1.031664608093582292e+00 -4.423453570575273941e-02 -1.000029642593864253e-02
-3.616686304546008063e-02 7.968188356490761570e-02 1.096855464365987132e+00 -3.626780780995677439e-02
-4.893292521636443543e-02 8.342606168144160728e-02 1.415251023307051659e+00 -3.383462043740875086e-02
-3.407133434217946011e-02 -3.495680898189406499e-02 1.157607071605402993e+00 -1.643203756997377654e-02
-4.103611100231257386e-02 9.031309076450609249e-03 8.701792148699977192e-01 -4.267823873952577424e-02
