0.000000000000000000e+00 0.000000000000000000e+00 0.000000000000000000e+00 0.000000000000000000e+00
0.000000000000000000e+00 0.000000000000000000e+00 0.000000000000000000e+00 0.000000000000000000e+00
0.000000000000000000e+00 0.000000000000000000e+00 0.000000000000000000e+00 0.000000000000000000e+00
0.000000000000000000e+00 0.000000000000000000e+00 0.000000000000000000e+00 0.000000000000000000e+00
-4.850323888891702495e+01 -4.570606955728310794e+01 -4.583300248037342328e+01 -4.610487192609393503e+01
-4.733595207323766374e+01 -4.722842463344500175e+01 -5.036143939866369834e+01 -4.794565330026284045e+01
-4.966240675137528626e+01 -4.920952952124947899e+01 -5.171242210053518562e+01 -4.988487144815582752e+01
-4.531912934034947682e+01 -5.254925711569814695e+01 -5.294515434128415876e+01 -5.259432513534276410e+01
-5.296958704759776282e+01 -5.357663559744489845e+01 -5.383108027447109833e+01 -5.296247660406329771e+01
0.000000000000000000e+00 0.000000000000000000e+00 0.000000000000000000e+00 0.000000000000000000e+00
-2.825739847918802639e+01 -3.399008622707300020e+01 -3.406980678637356164e+01 -3.419215504527537064e+01
-3.521042953647957319e+01 -3.383064510847187734e+01 -3.393313294807300196e+01 -3.424910832427537599e+01
0.000000000000000000e+00 0.000000000000000000e+00 0.000000000000000000e+00 0.000000000000000000e+00
-4.603759335189037216e+01 -4.620634903363401236e+01 -4.633544802647095651e+01 -4.624870940928502705e+01
-4.643337280286456803e+01 -4.414775456285896382e+01 -4.595612355377889457e+01 -4.374402515693225979e+01
0.000000000000000000e+00 0.000000000000000000e+00 0.000000000000000000e+00 0.000000000000000000e+00
0.000000000000000000e+00 0.000000000000000000e+00 0.000000000000000000e+00 0.000000000000000000e+00
-1.390478872183342318e+01 -5.206485427555129775e+01 -4.535563229011430764e+01 -5.159904820978197648e+01
-5.365345839045112086e+01 -5.363160366061549666e+01 -3.427617872448735170e+01 -5.352968767728486910e+01
-5.344027182256687070e+01 -5.330908840619481737e+01 -5.153690619440993714e+01 -5.318286224907927817e+01
-3.563185910758591035e+01 -2.813035330567509362e+01 -2.841358810346450525e+01 -2.893058903757504652e+01
-2.925348338113423452e+01 -3.413097961377188483e+01 -3.682674709043580208e+01 -3.606657471045436125e+01
-3.606122591283018153e+01 -3.426485630521683845e+01 -3.761323185960340965e+01 -3.504046752846286950e+01
0.000000000000000000e+00 0.000000000000000000e+00 0.000000000000000000e+00 0.000000000000000000e+00
-4.347893381484600894e+01 -4.180687600458749387e+01 -4.109356333618580948e+01 -4.155579317252838933e+01
-4.236176399622640076e+01 -4.220865304876588908e+01 -4.251250389233074145e+01 -4.252105878806844430e+01
0.000000000000000000e+00 0.000000000000000000e+00 0.000000000000000000e+00 0.000000000000000000e+00
-4.634426815179870118e+01 -4.295206801780198447e+01 -4.149877377989662364e+01 -1.393469846484472541e+01
-1.386730994088342683e+01 -5.128179858033055183e+01 -4.812156208851556727e+01 -5.143272011024033219e+01
-5.264422978240455819e+01 -5.293863937149218657e+01 -5.332417369983276956e+01 -5.030225064794387890e+01
-3.222926213479305346e+01 -2.782533457112036146e+01 -3.312889741565589219e+01 -2.549494283120495197e+01
-3.390149960154477782e+01 -3.444354602688501643e+01 -2.948066358979895085e+01 -2.980850278208356130e+01
-3.057716991594483602e+01 -3.666375687173244557e+01 -3.694692945967960895e+01 -3.042748909928150169e+01
-3.222271505637624500e+01 -3.268980460689235201e+01 -3.790373236993811190e+01 -3.491696732641634071e+01
-4.023286454635134390e+01 -3.801444836744658318e+01 -4.187805418995195339e+01 -3.728354250480973775e+01
0.000000000000000000e+00 0.000000000000000000e+00 0.000000000000000000e+00 0.000000000000000000e+00
0.000000000000000000e+00 0.000000000000000000e+00 0.000000000000000000e+00 0.000000000000000000e+00
-5.258114552158870936e+01 -5.349034605776975582e+01 -5.310201990174114428e+01 -3.206706199701500282e+01
-1.370240293113852559e+01 -3.605664548874347020e+01 -5.226999882274608211e+01 -4.809217028151108764e+01
0.000000000000000000e+00 0.000000000000000000e+00 0.000000000000000000e+00 0.000000000000000000e+00
-2.444139119999994136e+01 -2.245640491625616519e+01 -2.517104767333127313e+01 -1.688760537865999112e+01
0.000000000000000000e+00 0.000000000000000000e+00 0.000000000000000000e+00 0.000000000000000000e+00
0.000000000000000000e+00 0.000000000000000000e+00 0.000000000000000000e+00 0.000000000000000000e+00
0.000000000000000000e+00 0.000000000000000000e+00 0.000000000000000000e+00 0.000000000000000000e+00
-4.116020967796901431e+01 -4.073270554474193261e+01 -4.112433519535569815e+01 -4.127042514981684462e+01
-4.194910460900742777e+01 -4.167760398259814281e+01 -4.177764987339971015e+01 -4.175257831160853073e+01
-4.162018982884116980e+01 -4.158277144618784860e+01 -4.192870217119539689e+01 -4.168891985416579615e+01
0.000000000000000000e+00 0.000000000000000000e+00 0.000000000000000000e+00 0.000000000000000000e+00
-1.343755034198697729e+01 -4.865572098311063343e+01 -4.069926242076826384e+01 -3.747748476343246438e+01
0.000000000000000000e+00 0.000000000000000000e+00 0.000000000000000000e+00 0.000000000000000000e+00
-1.359962000000009574e+01 -1.238314886852827890e+01 -1.380114981862009493e+01 -1.497549999999998604e+01
-9.859999999999935483e+00 -9.345265700000075171e+00 -9.400752380000076514e+00 -9.679033916910919189e+00
-9.564640281850188330e+00 -1.036378263356008134e+01 -1.018985463416675508e+01 -1.034643355000008391e+01
0.000000000000000000e+00 0.000000000000000000e+00 0.000000000000000000e+00 0.000000000000000000e+00
0.000000000000000000e+00 0.000000000000000000e+00 0.000000000000000000e+00 0.000000000000000000e+00
-4.158763933582619643e+01 -4.166540814134260984e+01 -4.184772066684121228e+01 -4.179334945938725099e+01
-4.128825965298025835e+01 -4.120446799907401214e+01 -4.114856652675290150e+01 -4.186886467849646465e+01
-4.070189337757241788e+01 -4.064278535920328750e+01 -4.103449932515864162e+01 -2.809522150923464068e+01
-1.307142364168023185e+01 -3.911283867479628640e+01 -3.818494354763424781e+01 -3.985059737256319323e+01
0.000000000000000000e+00 0.000000000000000000e+00 0.000000000000000000e+00 0.000000000000000000e+00
-5.777600000000028047e+00 -6.589744576620034877e+00 -9.144270000000076948e+00 -8.596000000000071140e+00
0.000000000000000000e+00 0.000000000000000000e+00 0.000000000000000000e+00 0.000000000000000000e+00
-1.001220118626477529e+01 -1.247199470000010102e+01 -1.728255092366299372e+00 -1.240558803999290483e+01
-1.814639536985785639e+01 -1.751770969723116522e+01 -1.554883273208531058e+01 -1.810260144892909295e+01
-2.068788531855326340e+01 -2.011185625775514296e+01 -2.023179918357080354e+01 -2.036134135678257451e+01
0.000000000000000000e+00 0.000000000000000000e+00 0.000000000000000000e+00 0.000000000000000000e+00
0.000000000000000000e+00 0.000000000000000000e+00 0.000000000000000000e+00 0.000000000000000000e+00
-3.778614502400301944e+01 -3.796170439369172556e+01 -3.823146438278239145e+01 -2.777972091733355597e+01
-1.261622742074593084e+01 -3.280010297628733440e+01 -3.719686965736680406e+01 -4.033186752691731414e+01
-4.203861446543415781e+01 -4.194990656705911647e+01 -3.426495703038739293e+01 -4.196824298198669823e+01
0.000000000000000000e+00 0.000000000000000000e+00 0.000000000000000000e+00 0.000000000000000000e+00
0.000000000000000000e+00 0.000000000000000000e+00 0.000000000000000000e+00 0.000000000000000000e+00
-1.740502076379912211e+01 -3.332566695919452204e+00 -1.501615386545049269e+01 -1.676689544226077189e+01
-1.585340418409200680e+01 -1.988328411682978825e+01 -4.822329689172226708e+00 -1.890721407255151831e+01
-1.108714448791019613e+01 -2.253661778325492193e+01 -2.246418526530476711e+01 -2.253789688314013873e+01
-2.527239873846871276e+01 -2.515956823474956039e+01 -1.890138210507767269e+01 -2.534090529911328105e+01
-2.856841331918603188e+01 -2.866163862854751088e+01 -2.605380245908837367e+01 -2.887236399988862701e+01
-1.134787477496507080e+01 -3.454321358589433544e+01 -3.101430117688254740e+01 -3.269844822711204557e+01
-3.317198096167351196e+01 -3.086085558341320478e+01 -1.203686942830476525e+01 -3.322734077422136068e+01
0.000000000000000000e+00 0.000000000000000000e+00 0.000000000000000000e+00 0.000000000000000000e+00
0.000000000000000000e+00 0.000000000000000000e+00 0.000000000000000000e+00 0.000000000000000000e+00
-2.171365170967573732e+01 -2.123006719233028150e+01 -2.126392148143644789e+01 -2.134010867232992936e+01
-2.058436299187567187e+01 -1.633674438364188930e+01 -2.056276490146695934e+01 -2.093215624660767205e+01
-1.698793462362747064e+01 -6.197744150613641700e+00 -2.130348089083422281e+01 -1.833272932321390769e+01
-2.315337988538975722e+01 -2.164321035152494588e+01 -7.459100957651507713e+00 -2.237790779094555660e+01
-2.543181805629913583e+01 -2.466138821244097912e+01 -8.601333937573796717e+00 -2.169880931150693470e+01
-2.299795410658399319e+01 -2.777759331314808833e+01 -9.628799629170828211e+00 -2.842931401658893265e+01
-2.865176205613438398e+01 -2.782219566333353100e+01 -1.054504441031587803e+01 -3.081797325875601956e+01
-3.355272406492142068e+01 -3.354028793481700177e+01 -2.436094789766231727e+01 -3.360764969952875703e+01
0.000000000000000000e+00 0.000000000000000000e+00 0.000000000000000000e+00 0.000000000000000000e+00
-2.190598637172161389e+01 -2.199562721046287095e+01 -2.208526804920413511e+01 -2.220938392004991613e+01
-2.159491662117265065e+01 -2.176713730203847064e+01 -2.184472842062160680e+01 -2.223887317741213110e+01
-2.171209862103717114e+01 -2.171046050879877143e+01 -2.178378465311779166e+01 -2.169419056542792035e+01
0.000000000000000000e+00 0.000000000000000000e+00 0.000000000000000000e+00 0.000000000000000000e+00
-2.420888794599175142e+01 -1.726794513747887549e+01 -2.423832177855923220e+01 -2.421487297047830722e+01
-2.497433294745033550e+01 -2.516337750501622494e+01 -2.396776837774871893e+01 -2.512509027097532766e+01
0.000000000000000000e+00 0.000000000000000000e+00 0.000000000000000000e+00 0.000000000000000000e+00
0.000000000000000000e+00 0.000000000000000000e+00 0.000000000000000000e+00 0.000000000000000000e+00
0.000000000000000000e+00 0.000000000000000000e+00 0.000000000000000000e+00 0.000000000000000000e+00
0.000000000000000000e+00 0.000000000000000000e+00 0.000000000000000000e+00 0.000000000000000000e+00
