-1.027600763878051826e-01 -1.044730153133919953e-01 -1.010944053524531344e-01 4.463038773802444625e-01
2.800804112122613487e-01 -1.009995480650381083e-01 -9.895698514535498924e-02 -8.018017848979182294e-02
-1.017171943531260808e-01 -9.971586991931442878e-02 -9.973389220963237156e-02 2.770347348516883912e-01
5.499646168007119029e-03 -9.715982873705443501e-02 -9.438495549077187408e-02 1.693954414297847155e-01
5.390464743095766398e-01 -9.954914840256282038e-02 -9.682036854240434753e-02 -9.791107867371387496e-02
-9.884339349833225208e-02 2.672916329376318623e-01 -9.797999370957073684e-02 -5.139029087295106726e-03
4.008571655919793697e-01 -9.852933326681978521e-02 -9.682524550358589943e-02 -5.274678625953369004e-02
-9.396469382133997017e-02 4.571113274354310363e-01 -9.820574725429773166e-02 -8.695665581430625513e-02
2.015104883675185865e-01 -9.203824456499520856e-02 -9.871549357923986578e-02 -9.471756855978159806e-02
-9.915034375609686756e-02 -6.420989887665307788e-03 3.148217063459006204e-01 -9.797434304187564724e-02
-9.425672576652345536e-02 5.255543003006859504e-01 -9.682782373365939055e-02 3.443961042987631841e-03
-8.793942549995799329e-02 -9.599559593499015775e-02 -9.677857312675611223e-02 1.549744250942124701e-01
-9.101053116219232075e-02 2.354420024089551589e-01 -9.002514423701536705e-02 2.708687045252609806e-03
3.257716444626992947e-01 -9.634959577290916344e-02 -9.015730669744295711e-02 1.752332675730003675e-01
4.647806317676297372e-01 5.909588821946337722e-03 -9.556331130657622075e-02 -9.633473556931027026e-02
-9.162929954637411001e-02 3.144537254728934084e-01 -9.105576672969065144e-02 -8.996713137038971075e-02
1.296752036588486312e-01 -8.112824117446770789e-02 -9.329260454323258511e-02 -8.358827980934692425e-02
1.238436597658498922e-01 -6.458286352376635397e-02 4.241061932866125317e-01 -6.634068232331066794e-02
-9.269790359090408771e-02 -6.763601625855009125e-02 2.893121493132745359e-01 -9.373405566629845753e-02
4.519722453491969438e-01 -9.585700298517101092e-02 1.104053786167093765e-01 -9.470829781351652876e-02
-9.313768365199759369e-02 3.008881102357351955e-01 -9.232127077783802704e-02 -9.006136624633340193e-02
-8.994692890564430499e-02 -8.911043858567353759e-02 5.581240348604252777e-01 9.283824809510116127e-02
-9.866660603298496590e-02 3.410769121556334604e-01 -9.539132271250036488e-02 -9.885238238452212500e-02
-8.762437244684004312e-02 4.293912539837155817e-01 5.846227481660579706e-01 -8.901657872059275112e-02
-8.925376890141221986e-02 -9.139772447484532936e-02 6.666710188101181433e-01 -9.206922609258103019e-02
