-7.593247479937263051e+02 -7.543815558457719135e+02 -7.546285787198015669e+02 -7.594266266914647758e+02
-7.585069177979063397e+02 -7.008242980073082435e+02 -7.547418094371762436e+02 -7.159642742968062521e+02
0.000000000000000000e+00 0.000000000000000000e+00 0.000000000000000000e+00 0.000000000000000000e+00
0.000000000000000000e+00 0.000000000000000000e+00 0.000000000000000000e+00 0.000000000000000000e+00
0.000000000000000000e+00 0.000000000000000000e+00 0.000000000000000000e+00 0.000000000000000000e+00
-7.824847069889794966e+02 -7.764912326119417685e+02 -7.782058553703981261e+02 -7.906432247623528156e+02
-8.165062787965198368e+02 -8.056877713587156222e+02 -7.780513340525344574e+02 -7.922416011328687091e+02
-8.035180151930607053e+02 -7.946729249613854336e+02 -7.808099710468977719e+02 -8.064649353554431173e+02
-8.209584039164128626e+02 -8.089606942619988104e+02 -8.068274375837913794e+02 -8.108091393689651341e+02
0.000000000000000000e+00 0.000000000000000000e+00 0.000000000000000000e+00 0.000000000000000000e+00
-8.238785524629081465e+02 -8.238722748161344498e+02 -8.223434585634299765e+02 -8.130609005731000707e+02
-6.862891153546170244e+02 -8.268638851633041895e+02 -8.128231085947196561e+02 -8.318256257298854734e+02
0.000000000000000000e+00 0.000000000000000000e+00 0.000000000000000000e+00 0.000000000000000000e+00
0.000000000000000000e+00 0.000000000000000000e+00 0.000000000000000000e+00 0.000000000000000000e+00
-7.707223529710790899e+02 -8.493306895998642858e+02 -8.492704553437615687e+02 -8.493933181512848023e+02
0.000000000000000000e+00 0.000000000000000000e+00 0.000000000000000000e+00 0.000000000000000000e+00
-8.744770016078466597e+02 -8.740185273539643731e+02 -8.711445565552039625e+02 -8.723806057608410356e+02
0.000000000000000000e+00 0.000000000000000000e+00 0.000000000000000000e+00 0.000000000000000000e+00
-7.583994856476056157e+02 -7.470503950337534889e+02 -7.403552215072306808e+02 -7.473181060974908405e+02
0.000000000000000000e+00 0.000000000000000000e+00 0.000000000000000000e+00 0.000000000000000000e+00
0.000000000000000000e+00 0.000000000000000000e+00 0.000000000000000000e+00 0.000000000000000000e+00
-7.560716113085672987e+02 -7.395741975366347560e+02 -7.578853394612328884e+02 -7.618354370399573554e+02
-7.713444772685618318e+02 -7.899901147138052693e+02 -7.502629423847100725e+02 -7.900872757535013307e+02
-7.924737346483035481e+02 -7.900855698890882195e+02 -7.883212405466731525e+02 -7.825521876579613263e+02
-7.697761268503035126e+02 -7.877264490252326823e+02 -7.836927962659509603e+02 -7.896656705834349168e+02
-7.898161237140850517e+02 -7.904729708748761823e+02 -7.792954158201164319e+02 -8.162225859063415783e+02
-8.163597738301110667e+02 -8.092216181459585869e+02 -8.158760124618548844e+02 -8.186866428808064029e+02
-8.140151964050306788e+02 -7.830904042315869447e+02 -8.128219365848440248e+02 -8.009341813031614947e+02
-7.772310032945523517e+02 -8.142252858145718619e+02 -8.204412026663129609e+02 -8.063949991139189706e+02
-7.710576025856271372e+02 -7.566736985880638713e+02 -8.262247875284259635e+02 -8.033583480706940918e+02
-8.214506854573040755e+02 -8.222445311385351943e+02 -8.312577003529457897e+02 -7.532730806185994652e+02
-5.481639950289325469e+01 -8.065317945344716009e+02 -8.324827173765363568e+02 -7.382133164974040938e+02
-7.578383544998665684e+02 -7.576599101635669058e+02 -5.471127558762047727e+01 -6.896587773097113541e+02
-7.645275189697513269e+02 -4.871470635296155365e+02 -5.451184902068618499e+01 -7.587382675742413767e+02
-6.125376388728544725e+02 -8.462920165694737307e+02 -5.421953977675651259e+01 -7.802361061902128085e+02
-8.302886846499043259e+02 -6.623539886487734520e+02 -5.383670522944980519e+01 -8.562374753394753952e+02
-8.647519135012622655e+02 -8.716505368806584784e+02 -8.705160568424482790e+02 -8.704369913248519879e+02
0.000000000000000000e+00 0.000000000000000000e+00 0.000000000000000000e+00 0.000000000000000000e+00
-7.731457489360161617e+02 -7.474132011676879301e+02 -7.629439786315626861e+02 -7.401829964661828853e+02
-6.918564417694600479e+02 -6.920152473513034010e+02 -7.523084034952330512e+02 -7.425446388683842542e+02
0.000000000000000000e+00 0.000000000000000000e+00 0.000000000000000000e+00 0.000000000000000000e+00
-7.335973725497223086e+02 -7.575738191297677986e+02 -7.448010846584351157e+02 -7.513356974698763224e+02
-7.188893214413658370e+02 -7.510386937913131078e+02 -7.432125793203487092e+02 -7.846587449519518032e+02
-7.759744403863073785e+02 -7.836713035406229437e+02 -7.581364858875015216e+02 -7.881763690437530840e+02
-7.576055183216045634e+02 -7.874069624118883439e+02 -7.709106138764129810e+02 -7.547964165642815715e+02
0.000000000000000000e+00 0.000000000000000000e+00 0.000000000000000000e+00 0.000000000000000000e+00
0.000000000000000000e+00 0.000000000000000000e+00 0.000000000000000000e+00 0.000000000000000000e+00
-8.049722234157404728e+02 -7.818660876270616882e+02 -7.634822818274616338e+02 -7.639445435946011003e+02
0.000000000000000000e+00 0.000000000000000000e+00 0.000000000000000000e+00 0.000000000000000000e+00
0.000000000000000000e+00 0.000000000000000000e+00 0.000000000000000000e+00 0.000000000000000000e+00
0.000000000000000000e+00 0.000000000000000000e+00 0.000000000000000000e+00 0.000000000000000000e+00
-5.482631063343534095e+01 -5.612686632578827357e+02 -8.117107350038000959e+02 -8.105004915531997085e+02
0.000000000000000000e+00 0.000000000000000000e+00 0.000000000000000000e+00 0.000000000000000000e+00
0.000000000000000000e+00 0.000000000000000000e+00 0.000000000000000000e+00 0.000000000000000000e+00
0.000000000000000000e+00 0.000000000000000000e+00 0.000000000000000000e+00 0.000000000000000000e+00
-8.568954279301447059e+02 -5.940375495860178034e+02 -8.565292196021971449e+02 -8.567117964324334025e+02
-8.676583388724213819e+02 -8.677550050226507210e+02 -8.379619999085257405e+02 -8.674180521768068957e+02
0.000000000000000000e+00 0.000000000000000000e+00 0.000000000000000000e+00 0.000000000000000000e+00
-7.813699340027325206e+02 -7.551102674567800932e+02 -7.732307394724864480e+02 -7.734092176019718181e+02
0.000000000000000000e+00 0.000000000000000000e+00 0.000000000000000000e+00 0.000000000000000000e+00
-7.168179381284784313e+02 -7.192747359524864805e+02 -7.195315118036419335e+02 -7.354862456046255375e+02
-6.995402979572593267e+02 -7.556267241064922473e+02 -7.177902465125210938e+02 -7.514549950827154134e+02
0.000000000000000000e+00 0.000000000000000000e+00 0.000000000000000000e+00 0.000000000000000000e+00
-7.327545639321682529e+02 -7.744155720066200956e+02 -7.325345688672966844e+02 -7.360027595216137115e+02
-7.049702038520900942e+02 -7.634760039258266033e+02 -7.260457536792084738e+02 -7.315584277274687111e+02
-7.300314948074918675e+02 -7.302785176815214072e+02 -7.239690692837148163e+02 -7.648632108439011290e+02
-7.659330842249808029e+02 -7.606517021944689532e+02 -7.424998383455500743e+02 -7.740278058917234603e+02
-7.905683279229775735e+02 -7.746111108462134780e+02 -7.575555204606882853e+02 -8.073897267659957606e+02
-7.395707005662761730e+02 -7.398974409558762773e+02 -7.675496457078994581e+02 -4.529546637652937306e+02
-5.427774434989623842e+01 -7.271158148871812728e+02 -6.919570279407587350e+02 -6.616661480389744838e+02
-6.350370240060868809e+02 -6.991913573857898427e+02 -5.455787032499419098e+01 -6.137668916122393057e+02
-6.173980480641286022e+02 -6.759793288824765796e+02 -5.474025157106946438e+01 -7.705747321000633292e+02
-8.283640687575675656e+02 -8.201149499738262421e+02 -5.674442286498439216e+02 -8.236179438834807343e+02
0.000000000000000000e+00 0.000000000000000000e+00 0.000000000000000000e+00 0.000000000000000000e+00
0.000000000000000000e+00 0.000000000000000000e+00 0.000000000000000000e+00 0.000000000000000000e+00
0.000000000000000000e+00 0.000000000000000000e+00 0.000000000000000000e+00 0.000000000000000000e+00
0.000000000000000000e+00 0.000000000000000000e+00 0.000000000000000000e+00 0.000000000000000000e+00
0.000000000000000000e+00 0.000000000000000000e+00 0.000000000000000000e+00 0.000000000000000000e+00
-7.878296984514232690e+02 -7.640751239870289737e+02 -7.814564254855557692e+02 -7.817578133654448038e+02
-7.909776884270776236e+02 -7.818929048482677899e+02 -7.881752665599285592e+02 -7.821695981964585371e+02
-6.685764734069967972e+02 -7.352945326329652289e+02 -7.300857438299595970e+02 -7.317071079928753079e+02
0.000000000000000000e+00 0.000000000000000000e+00 0.000000000000000000e+00 0.000000000000000000e+00
0.000000000000000000e+00 0.000000000000000000e+00 0.000000000000000000e+00 0.000000000000000000e+00
0.000000000000000000e+00 0.000000000000000000e+00 0.000000000000000000e+00 0.000000000000000000e+00
-6.460656524623299219e+02 -7.078158393372179944e+02 -6.447955491575655742e+02 -6.450034623979186108e+02
0.000000000000000000e+00 0.000000000000000000e+00 0.000000000000000000e+00 0.000000000000000000e+00
0.000000000000000000e+00 0.000000000000000000e+00 0.000000000000000000e+00 0.000000000000000000e+00
0.000000000000000000e+00 0.000000000000000000e+00 0.000000000000000000e+00 0.000000000000000000e+00
0.000000000000000000e+00 0.000000000000000000e+00 0.000000000000000000e+00 0.000000000000000000e+00
-5.389625981870113947e+01 -6.498031543825424023e+02 -5.913752638458545334e+02 -4.320324284589127615e+02
0.000000000000000000e+00 0.000000000000000000e+00 0.000000000000000000e+00 0.000000000000000000e+00
0.000000000000000000e+00 0.000000000000000000e+00 0.000000000000000000e+00 0.000000000000000000e+00
-8.122008590670917556e+02 -8.086855522405095371e+02 -8.259734541391960647e+02 -8.276731321083144621e+02
-7.798963099903276088e+02 -8.046554244885178377e+02 -8.076416094385331235e+02 -8.219142929378024292e+02
-7.740087972195526618e+02 -8.030495499520809517e+02 -7.928377223380306305e+02 -8.240873615278819670e+02
-7.867001947187001178e+02 -7.540266516006912525e+02 -7.764412267394541232e+02 -8.179904755585639577e+02
-8.145330871814986722e+02 -8.147311985332032691e+02 -7.805880902575340770e+02 -8.218568056249773690e+02
-8.165323654948306284e+02 -7.753601226362458192e+02 -7.924283460280352074e+02 -7.742498103092427755e+02
-7.746753763006176996e+02 -7.720192685051715671e+02 -7.928953245951656754e+02 -7.896970905247059136e+02
-7.901442905511378285e+02 -7.900835389072435646e+02 -7.965285796636112536e+02 -7.913973375053147947e+02
-6.851088864190953700e+02 -6.956747545494824863e+02 -6.777452078236151465e+02 -6.808757860140667617e+02
-6.871999308845328187e+02 -6.841949816749722686e+02 -6.909688736588529991e+02 -6.786795041901527838e+02
-6.741783325846666912e+02 -6.778263202576252979e+02 -6.861808544216518158e+02 -6.670947605494047821e+02
-6.460860899988576875e+02 -6.797121075155779408e+02 -6.807282823921912041e+02 -6.430921487090026858e+02
-6.399533977368128035e+02 -6.556649744919891418e+02 -6.461300743534552566e+02 -6.121515921017403343e+02
-6.125927862886342155e+02 -6.126469527884655690e+02 -6.123871099025186595e+02 -4.968561372960633662e+02
-5.132052734785068537e+01 -4.051567929316992718e+02 -6.027869437173819733e+02 -5.065846446316675724e+02
-5.145157103444389577e+02 -5.653818494098184146e+02 -5.212417606327158381e+01 -5.101671523225327292e+02
-4.736543205350758399e+02 -5.995207634853829859e+02 -5.282052188599512021e+01 -4.802652929718780683e+02
-5.413017458937606534e+02 -5.532993995546684118e+02 -5.341057006171261889e+01 -6.264639598763742470e+02
-6.669941894789283197e+02 -6.673108945659465689e+02 -4.580770651733397472e+02 -6.665768238519251554e+02
0.000000000000000000e+00 0.000000000000000000e+00 0.000000000000000000e+00 0.000000000000000000e+00
-7.717347419479863220e+02 -8.286000608192146046e+02 -8.275421282121003514e+02 -8.271060204644375062e+02
0.000000000000000000e+00 0.000000000000000000e+00 0.000000000000000000e+00 0.000000000000000000e+00
-7.839055520390554648e+02 -8.004561516617031884e+02 -7.520655987351590284e+02 -7.730250285760090492e+02
-7.246863642151128033e+02 -7.765572566875330267e+02 -7.856496390433242141e+02 -7.242062049831425838e+02
0.000000000000000000e+00 0.000000000000000000e+00 0.000000000000000000e+00 0.000000000000000000e+00
-8.166415323644912405e+02 -7.755931997432351181e+02 -8.134919979026813053e+02 -8.101523216187227945e+02
-7.797311240083976145e+02 -7.799275958926269823e+02 -8.203989446668650771e+02 -8.128703788566692765e+02
-8.126211786094488616e+02 -7.906083925132479635e+02 -8.198317303646578011e+02 -8.150793317041590171e+02
-6.958189876427780973e+02 -7.111893681300571188e+02 -6.603452345422315375e+02 -6.659468064165716896e+02
0.000000000000000000e+00 0.000000000000000000e+00 0.000000000000000000e+00 0.000000000000000000e+00
-6.506281119249897529e+02 -6.881240070299451190e+02 -6.881979558380510298e+02 -6.567757672167555256e+02
0.000000000000000000e+00 0.000000000000000000e+00 0.000000000000000000e+00 0.000000000000000000e+00
-6.408422262801213947e+02 -6.431763502687307437e+02 -6.399853148102420164e+02 -6.401834261619468407e+02
0.000000000000000000e+00 0.000000000000000000e+00 0.000000000000000000e+00 0.000000000000000000e+00
-5.041066211295735400e+01 -5.291167177896104477e+02 -5.505599656063361635e+02 -4.594856164314028888e+02
0.000000000000000000e+00 0.000000000000000000e+00 0.000000000000000000e+00 0.000000000000000000e+00
0.000000000000000000e+00 0.000000000000000000e+00 0.000000000000000000e+00 0.000000000000000000e+00
0.000000000000000000e+00 0.000000000000000000e+00 0.000000000000000000e+00 0.000000000000000000e+00
-6.670053195904528138e+02 -6.678958541083904947e+02 -6.675971064521212384e+02 -6.667785451886152259e+02
0.000000000000000000e+00 0.000000000000000000e+00 0.000000000000000000e+00 0.000000000000000000e+00
0.000000000000000000e+00 0.000000000000000000e+00 0.000000000000000000e+00 0.000000000000000000e+00
0.000000000000000000e+00 0.000000000000000000e+00 0.000000000000000000e+00 0.000000000000000000e+00
0.000000000000000000e+00 0.000000000000000000e+00 0.000000000000000000e+00 0.000000000000000000e+00
0.000000000000000000e+00 0.000000000000000000e+00 0.000000000000000000e+00 0.000000000000000000e+00
-7.978050518582878112e+02 -7.594205174013418400e+02 -7.596186287530465506e+02 -7.601832312768567590e+02
-7.688573908819029157e+02 -7.789950970385579012e+02 -8.086130210691987941e+02 -7.569187746316993071e+02
-7.812889318159539016e+02 -7.858147375768958227e+02 -7.648045661728270943e+02 -7.567725146053355729e+02
0.000000000000000000e+00 0.000000000000000000e+00 0.000000000000000000e+00 0.000000000000000000e+00
-6.985795373285425285e+02 -7.107879285880994757e+02 -7.075598224106228145e+02 -7.078263414859271734e+02
0.000000000000000000e+00 0.000000000000000000e+00 0.000000000000000000e+00 0.000000000000000000e+00
0.000000000000000000e+00 0.000000000000000000e+00 0.000000000000000000e+00 0.000000000000000000e+00
0.000000000000000000e+00 0.000000000000000000e+00 0.000000000000000000e+00 0.000000000000000000e+00
0.000000000000000000e+00 0.000000000000000000e+00 0.000000000000000000e+00 0.000000000000000000e+00
0.000000000000000000e+00 0.000000000000000000e+00 0.000000000000000000e+00 0.000000000000000000e+00
-4.939609669193828267e+01 -5.168677025169417902e+02 -5.620032218819487753e+02 -5.589148604037874293e+02
-5.762757996402389153e+02 -5.545241461647497090e+02 -4.484179466759753154e+02 -5.547029511205274730e+02
0.000000000000000000e+00 0.000000000000000000e+00 0.000000000000000000e+00 0.000000000000000000e+00
-5.958818131160287521e+02 -5.929578798496272611e+02 -5.931068343860074492e+02 -5.932557889223874099e+02
0.000000000000000000e+00 0.000000000000000000e+00 0.000000000000000000e+00 0.000000000000000000e+00
-5.940260328128081255e+02 -5.763038845413828994e+02 -5.913584789718328238e+02 -5.914975726018427622e+02
0.000000000000000000e+00 0.000000000000000000e+00 0.000000000000000000e+00 0.000000000000000000e+00
0.000000000000000000e+00 0.000000000000000000e+00 0.000000000000000000e+00 0.000000000000000000e+00
-7.767239837223645509e+02 -7.868563334421334048e+02 -7.870446330934894377e+02 -7.891584893787455712e+02
-7.918479539741504141e+02 -7.859349251553531985e+02 -7.851788976444333912e+02 -7.959488461948949407e+02
-7.992972731867819220e+02 -7.586477057795464134e+02 -7.873042241074285812e+02 -7.541824525745196297e+02
-7.705173703687152056e+02 -7.817119492661431650e+02 -7.556156999188780219e+02 -7.712152683548704317e+02
-7.840384045603350387e+02 -7.812197368245552980e+02 -7.859721748000666821e+02 -7.667999353878069542e+02
-7.652330024810148643e+02 -7.822951559339537653e+02 -7.837362559638183939e+02 -7.674114260939547876e+02
0.000000000000000000e+00 0.000000000000000000e+00 0.000000000000000000e+00 0.000000000000000000e+00
-3.783141802667651064e+02 -3.782288467342462468e+02 -3.781881235348448627e+02 -3.154965954861820023e+02
-4.258394528297927195e+01 -3.441800302331598687e+02 -3.739228055507189197e+02 -3.031065373940602399e+02
-3.792060526250269277e+02 -3.175804427249857440e+02 -4.417972954333902180e+01 -3.485096866212325040e+02
-3.839862785786759218e+02 -2.962230138383003464e+02 -4.565859360375528553e+01 -2.180912532627778546e+02
-4.527942267433557504e+02 -4.342919658499578190e+02 -4.702256861075523631e+01 -3.309860016179407012e+02
-3.493101785666824526e+02 -2.872391894791970799e+02 -4.827106457258248895e+01 -5.056773259094975401e+02
-5.634712884709970240e+02 -5.483555616089530531e+02 -4.613457519531633011e+02 -5.583304794670905267e+02
-5.412715628755590842e+02 -5.414106565055689089e+02 -5.643830446747748510e+02 -5.547200140395655126e+02
-5.890849198504062088e+02 -5.900813004779278117e+02 -5.482278860776312968e+02 -5.921335500532710512e+02
-6.215001608612075188e+02 -5.880648935267772686e+02 -5.917469349509419771e+02 -5.935734102895344222e+02
-5.919720567700732090e+02 -5.869080485869042150e+02 -6.066216749409575186e+02 -5.903687127983015444e+02
0.000000000000000000e+00 0.000000000000000000e+00 0.000000000000000000e+00 0.000000000000000000e+00
0.000000000000000000e+00 0.000000000000000000e+00 0.000000000000000000e+00 0.000000000000000000e+00
-7.864797341394214527e+02 -7.867698419593100425e+02 -7.507535080173463484e+02 -7.518833509776312667e+02
-7.210032680577251085e+02 -7.909740622067949971e+02 -7.603377764151094880e+02 -7.293255167512044181e+02
-7.924420205085855287e+02 -7.550797487752987536e+02 -7.229354686931966398e+02 -7.452768850031347938e+02
0.000000000000000000e+00 0.000000000000000000e+00 0.000000000000000000e+00 0.000000000000000000e+00
0.000000000000000000e+00 0.000000000000000000e+00 0.000000000000000000e+00 0.000000000000000000e+00
-7.646957235377793722e+02 -7.744591180049891364e+02 -7.642955483618419521e+02 -7.644838480131979850e+02
0.000000000000000000e+00 0.000000000000000000e+00 0.000000000000000000e+00 0.000000000000000000e+00
0.000000000000000000e+00 0.000000000000000000e+00 0.000000000000000000e+00 0.000000000000000000e+00
-4.086855078162426480e+01 -2.476309211767018610e+02 -3.097394236669074985e+02 -3.717646267155174655e+02
-3.668673214704275551e+02 -3.768392609843767787e+02 -3.761928175574907982e+02 -3.766006580292902299e+02
-3.760998775902432953e+02 -3.795826069502076621e+02 -3.796104556336815108e+02 -3.862787026289610708e+02
-4.348527944457415515e+02 -4.618935381621379861e+02 -3.864083680593718100e+02 -4.276676795906379311e+02
0.000000000000000000e+00 0.000000000000000000e+00 0.000000000000000000e+00 0.000000000000000000e+00
-5.610032566579066042e+02 -5.458025958914760167e+02 -5.768900574561560006e+02 -5.002854300914196983e+02
0.000000000000000000e+00 0.000000000000000000e+00 0.000000000000000000e+00 0.000000000000000000e+00
-5.855078055662131646e+02 -5.762414430493868167e+02 -6.070363812518957047e+02 -6.084250864158491368e+02
-6.212690769457794886e+02 -6.075077319827279325e+02 -5.982085928236517702e+02 -6.096976908587195112e+02
-6.175143601184421414e+02 -5.811556660342536134e+02 -6.058450527474494720e+02 -6.069596575191919783e+02
0.000000000000000000e+00 0.000000000000000000e+00 0.000000000000000000e+00 0.000000000000000000e+00
-6.729524954589770687e+02 -6.599595075597451341e+02 -6.601183131415886010e+02 -6.602771187234322952e+02
0.000000000000000000e+00 0.000000000000000000e+00 0.000000000000000000e+00 0.000000000000000000e+00
-7.244017731558676587e+02 -7.212852136753609784e+02 -7.390816139070127520e+02 -7.538662501749068952e+02
-7.833620039529957921e+02 -7.488405014729928553e+02 -7.377605212953892533e+02 -7.838019868449753176e+02
-7.946375820952794129e+02 -7.631903414513664075e+02 -7.450769316487221658e+02 -7.452878760905115314e+02
-7.432314592913783144e+02 -7.434099374208637983e+02 -7.483002132498218089e+02 -7.662111876442427274e+02
-7.673062908117320831e+02 -7.789863059601327677e+02 -7.639258144272237132e+02 -7.662976791270660897e+02
-3.497968592649338859e+01 -2.417621012465538968e+02 -2.499375463505075174e+02 -3.201545272205023025e+02
-2.704413074419005625e+02 -2.697641363236628536e+02 -3.706832638194619278e+01 -2.963341829845130064e+02
-3.584715013434334878e+02 -3.025729607475446983e+02 -3.903075707824847029e+01 -3.630969040522819569e+02
-3.473626840927058765e+02 -3.682565621805528053e+02 -3.667735510677493380e+02 -3.679615939268543912e+02
-4.463795418472857932e+02 -3.778481067915985250e+02 -3.687668053326556219e+02 -3.782778448938356064e+02
-4.466690333608278252e+02 -4.295361090585172974e+02 -3.859780093751471668e+02 -4.285397594529507046e+02
0.000000000000000000e+00 0.000000000000000000e+00 0.000000000000000000e+00 0.000000000000000000e+00
-5.593060117914731109e+02 -5.438833225613835793e+02 -5.468739160782099589e+02 -5.470031389310728400e+02
0.000000000000000000e+00 0.000000000000000000e+00 0.000000000000000000e+00 0.000000000000000000e+00
0.000000000000000000e+00 0.000000000000000000e+00 0.000000000000000000e+00 0.000000000000000000e+00
-5.829107366765398410e+02 -6.142620016581477103e+02 -5.809788884454070512e+02 -6.229320030561128760e+02
-6.195478471679793984e+02 -5.981567366559318089e+02 -6.171547757258554157e+02 -6.291518235430417008e+02
-6.743225974843051063e+02 -6.335911078648452985e+02 -6.168390413254471696e+02 -6.511142189935330862e+02
-6.751752863286205866e+02 -6.615124015682008576e+02 -7.006026347911071070e+02 -6.883636306702412639e+02
-6.944645064126193574e+02 -7.105879983284053196e+02 -7.333578658532624104e+02 -7.151783170485769006e+02
-7.351435686654779147e+02 -7.398808893296489941e+02 -7.090238151579935675e+02 -7.170843227728021247e+02
0.000000000000000000e+00 0.000000000000000000e+00 0.000000000000000000e+00 0.000000000000000000e+00
-7.940340284367132426e+02 -7.459552590459040857e+02 -7.934587758025490984e+02 -7.936372539320343549e+02
0.000000000000000000e+00 0.000000000000000000e+00 0.000000000000000000e+00 0.000000000000000000e+00
-7.652039894584946751e+02 -7.798188271603311250e+02 -7.667460208873916372e+02 -7.669343205387475564e+02
-3.276312269660844834e+01 -2.157103801381018400e+02 -2.579540029014573292e+02 -2.482681632038618602e+02
0.000000000000000000e+00 0.000000000000000000e+00 0.000000000000000000e+00 0.000000000000000000e+00
-3.769562403806847897e+02 -3.001225578082871266e+02 -3.600211040362072481e+02 -3.577257192272169277e+02
-3.264995801406441274e+02 -3.788158882906880081e+02 -4.039257485127298537e+02 -3.911882034394719199e+02
-5.164720530907427474e+02 -4.424557241272315764e+02 -4.663214702403521983e+02 -4.271019926034517766e+02
-4.879982641262167817e+02 -4.436006875030208789e+02 -5.020591854538432699e+02 -4.934408285252845872e+02
-4.975680432347412534e+02 -4.976972660876042482e+02 -5.621397962152385617e+02 -5.155964858121938050e+02
-5.543965899434977018e+02 -5.519634645981416270e+02 -5.872802092864853876e+02 -5.279386551793112403e+02
-5.699887777753551745e+02 -5.202183857253877477e+02 -5.942981571299133066e+02 -5.365040666676288765e+02
-5.722492755205271351e+02 -6.099694691382778728e+02 -6.126582709130220792e+02 -5.409171302880040457e+02
-5.804010123226904625e+02 -5.784401988892090003e+02 -5.522853479356606385e+02 -6.051289838454728169e+02
-6.247758970979070909e+02 -6.264698863410731065e+02 -6.077825212185268811e+02 -6.008523410197396970e+02
-6.640448899644718495e+02 -6.164726718842366608e+02 -6.058804164482966144e+02 -6.620021963481439116e+02
0.000000000000000000e+00 0.000000000000000000e+00 0.000000000000000000e+00 0.000000000000000000e+00
-7.180207540840689262e+02 -7.497421795733415593e+02 -7.089482810187407722e+02 -7.091070866005844664e+02
0.000000000000000000e+00 0.000000000000000000e+00 0.000000000000000000e+00 0.000000000000000000e+00
-7.402684105320761319e+02 -7.428725173663095802e+02 -7.430509954957954051e+02 -7.460933645981056088e+02
-7.854872984405283205e+02 -7.457333692991873022e+02 -7.387156042103940763e+02 -7.608352703249703382e+02
-7.599049320345446858e+02 -7.600932316859008324e+02 -7.584918219964476975e+02 -7.680625532398113364e+02
-7.649523048200180710e+02 -7.774377961176788858e+02 -7.605106946486591823e+02 -7.722613712902093539e+02
-3.041633487660125112e+01 -2.331149718145719874e+02 -2.547109712609651524e+02 -3.650040204336196439e+02
-3.233119899883317885e+02 -3.233917105476322149e+02 -2.657810640530012734e+02 -3.688451077402378928e+02
-2.084007905688545748e+02 -3.308171298384709189e+02 -3.296155831053725365e+02 -3.813012292860161665e+02
-3.806786162211697615e+02 -3.523235422905540304e+02 -2.879034310086493065e+02 -3.383810414251565817e+02
0.000000000000000000e+00 0.000000000000000000e+00 0.000000000000000000e+00 0.000000000000000000e+00
-4.986940423075885178e+02 -4.992640590486190035e+02 -4.917572058412967522e+02 -4.918666574880013513e+02
0.000000000000000000e+00 0.000000000000000000e+00 0.000000000000000000e+00 0.000000000000000000e+00
0.000000000000000000e+00 0.000000000000000000e+00 0.000000000000000000e+00 0.000000000000000000e+00
-5.665935248340899761e+02 -5.665483545788680431e+02 -5.766902198831949136e+02 -5.790000018796321228e+02
-5.973553583826154636e+02 -6.365338424373121597e+02 -5.729464280182651237e+02 -5.802502343737494357e+02
-5.855049396668272266e+02 -5.793787736491788110e+02 -6.497834822283502945e+02 -5.807858557848201144e+02
0.000000000000000000e+00 0.000000000000000000e+00 0.000000000000000000e+00 0.000000000000000000e+00
-6.627072390719662280e+02 -6.126860833434152482e+02 -6.623001054209037193e+02 -6.624490599572837937e+02
0.000000000000000000e+00 0.000000000000000000e+00 0.000000000000000000e+00 0.000000000000000000e+00
-7.122078403029661331e+02 -7.684116872966127403e+02 -7.301874746912673118e+02 -7.315976657193948540e+02
-7.804092172133402983e+02 -7.300887102604125403e+02 -7.841799287981731368e+02 -7.329428924902381368e+02
-7.305515243330246449e+02 -7.427875268298394076e+02 -7.881682181582043540e+02 -7.361601877606261723e+02
-7.748544828140861682e+02 -7.411876071664394203e+02 -7.921746342180090323e+02 -7.362435105789264753e+02
0.000000000000000000e+00 0.000000000000000000e+00 0.000000000000000000e+00 0.000000000000000000e+00
-7.628396833775725554e+02 -7.737595706634805310e+02 -7.700092938885867397e+02 -7.693048962030063649e+02
-2.793781455266465485e+01 -2.569044265100002917e+02 -2.557181704922450365e+02 -2.330181213616787375e+02
0.000000000000000000e+00 0.000000000000000000e+00 0.000000000000000000e+00 0.000000000000000000e+00
-9.053035641959395718e+01 -3.272311634214697165e+02 -3.287687402439780726e+02 -3.265002622769172831e+02
-3.192506332978478554e+02 -3.187208177378337268e+02 -3.296949165392090322e+02 -3.288681213231583342e+02
0.000000000000000000e+00 0.000000000000000000e+00 0.000000000000000000e+00 0.000000000000000000e+00
-4.985147736866219930e+02 -5.083269102510641915e+02 -5.005515087753740886e+02 -5.002298721453409485e+02
-4.927814594569680366e+02 -5.010787781136193644e+02 -5.088514390707736084e+02 -5.204301070670724130e+02
-5.543592044130423346e+02 -5.544477108950765114e+02 -5.147937829325242092e+02 -5.594615870535400290e+02
-5.679505541596356579e+02 -5.706990427243083559e+02 -5.524918334428681419e+02 -5.941732343977474784e+02
-6.061012615835543329e+02 -5.957488241827545608e+02 -5.963742085239699691e+02 -6.530644169456547843e+02
-5.828525335174888369e+02 -6.548843940567925301e+02 -6.546182725120494297e+02 -6.040953455073737359e+02
-6.030846666152255011e+02 -6.032237602452354395e+02 -6.589700899846616267e+02 -6.058112905256780323e+02
-6.589043295991964442e+02 -6.146413594041192709e+02 -6.616925859063500184e+02 -6.058884137332231603e+02
0.000000000000000000e+00 0.000000000000000000e+00 0.000000000000000000e+00 0.000000000000000000e+00
-7.741872151125575101e+02 -7.195526028124867253e+02 -7.703387712757553345e+02 -7.814455991513783601e+02
-7.880093680601630695e+02 -7.921631642370278996e+02 -7.718733330836003006e+02 -7.901622852561661148e+02
-7.884154265422006347e+02 -7.387198035978615280e+02 -7.938331002816186128e+02 -7.292767708152196064e+02
0.000000000000000000e+00 0.000000000000000000e+00 0.000000000000000000e+00 0.000000000000000000e+00
0.000000000000000000e+00 0.000000000000000000e+00 0.000000000000000000e+00 0.000000000000000000e+00
0.000000000000000000e+00 0.000000000000000000e+00 0.000000000000000000e+00 0.000000000000000000e+00
-2.564812045169635439e+02 -2.354955977732211352e+02 -2.280229180450081969e+02 -2.532938898763467606e+01
-2.227042782320662013e+02 -2.226272816759031912e+02 -2.058506091557190700e+02 -2.259719095741444050e+01
-1.974675248798637028e+01 -2.476437640669136329e+02 -2.357199613829565408e+02 -2.532099452164585216e+02
-2.597555216869624246e+02 -2.675432664704798640e+02 -1.919655820958068375e+02 -2.586184311599578223e+02
0.000000000000000000e+00 0.000000000000000000e+00 0.000000000000000000e+00 0.000000000000000000e+00
0.000000000000000000e+00 0.000000000000000000e+00 0.000000000000000000e+00 0.000000000000000000e+00
-4.885309738044089727e+02 -5.003510428055431589e+02 -4.851322561835320926e+02 -4.852318073814345780e+02
0.000000000000000000e+00 0.000000000000000000e+00 0.000000000000000000e+00 0.000000000000000000e+00
0.000000000000000000e+00 0.000000000000000000e+00 0.000000000000000000e+00 0.000000000000000000e+00
-6.105227811087702321e+02 -6.021039481640978011e+02 -6.122926059490398529e+02 -6.122931834252469798e+02
-5.852900931217452580e+02 -6.090258832758457856e+02 -6.056438183401148763e+02 -5.816708417180057040e+02
0.000000000000000000e+00 0.000000000000000000e+00 0.000000000000000000e+00 0.000000000000000000e+00
0.000000000000000000e+00 0.000000000000000000e+00 0.000000000000000000e+00 0.000000000000000000e+00
-7.711316185128559937e+02 -7.713002652891177604e+02 -7.714689120653792997e+02 -7.745342106929293777e+02
-7.761039830612820651e+02 -7.815881810509133629e+02 -7.710482956945554633e+02 -7.766561950021132361e+02
-7.898920558732597783e+02 -7.917326135002431329e+02 -7.760539618747588975e+02 -7.995186846430076457e+02
-7.853367889457321098e+02 -7.995067696731406386e+02 -7.982168021451623190e+02 -7.871734638779131501e+02
-7.953310099749776327e+02 -7.955094881044631165e+02 -7.952462838396934330e+02 -7.819255833229998416e+02
-7.806168596052084467e+02 -7.551868988238361453e+02 -8.022904083811678220e+02 -7.996804294673476079e+02
0.000000000000000000e+00 0.000000000000000000e+00 0.000000000000000000e+00 0.000000000000000000e+00
0.000000000000000000e+00 0.000000000000000000e+00 0.000000000000000000e+00 0.000000000000000000e+00
0.000000000000000000e+00 0.000000000000000000e+00 0.000000000000000000e+00 0.000000000000000000e+00
-1.677440802214340110e+01 -1.689416813284522902e+02 -1.528667021491133937e+02 -2.005863468898307360e+02
-2.338532205000307727e+02 -2.143608060544866305e+02 -1.621745099134984400e+02 -2.143680851548135422e+02
0.000000000000000000e+00 0.000000000000000000e+00 0.000000000000000000e+00 0.000000000000000000e+00
0.000000000000000000e+00 0.000000000000000000e+00 0.000000000000000000e+00 0.000000000000000000e+00
-4.987192861962232087e+02 -4.959188558986381850e+02 -5.230001648132862329e+02 -5.321004800682366067e+02
-5.539660811115812749e+02 -5.367070623713519808e+02 -5.282037793714237068e+02 -5.156024335825821936e+02
0.000000000000000000e+00 0.000000000000000000e+00 0.000000000000000000e+00 0.000000000000000000e+00
0.000000000000000000e+00 0.000000000000000000e+00 0.000000000000000000e+00 0.000000000000000000e+00
-6.005290086971891697e+02 -6.093594024164849543e+02 -5.909404917071540240e+02 -5.890698631607602920e+02
-5.689264886149246649e+02 -5.690557114677874324e+02 -6.136709083393519677e+02 -6.080195863459282464e+02
-6.160991119976316668e+02 -5.546030446155705249e+02 -6.283251673236496799e+02 -6.138209794528223711e+02
0.000000000000000000e+00 0.000000000000000000e+00 0.000000000000000000e+00 0.000000000000000000e+00
-7.823315917737706968e+02 -7.821925601334683051e+02 -7.724300605831792836e+02 -7.784501506814779077e+02
-7.923847940331245354e+02 -7.924200038147532723e+02 -7.788590279030252077e+02 -7.966440229823523396e+02
-7.601757137036717040e+02 -8.035580518989620487e+02 -7.964774828428749061e+02 -7.967290135188225122e+02
0.000000000000000000e+00 0.000000000000000000e+00 0.000000000000000000e+00 0.000000000000000000e+00
-7.863231619954881353e+02 -8.022418168314914055e+02 -7.896652888084130382e+02 -7.660181093513691621e+02
-7.579657596302595266e+02 -7.581245652121033345e+02 -7.864072479259656347e+02 -7.830331745777505148e+02
0.000000000000000000e+00 0.000000000000000000e+00 0.000000000000000000e+00 0.000000000000000000e+00
-1.457723430229754058e+02 -1.497785975747320322e+02 -1.496679063197931612e+02 -1.524224151981182160e+02
-1.479008266799824582e+02 -1.124508271072421053e+02 -1.538361775167881547e+02 -1.367295668280132581e+01
-1.044595232397894868e+01 -1.775282463074714769e+02 -1.104963424861018950e+02 -1.585240000000210898e+02
0.000000000000000000e+00 0.000000000000000000e+00 0.000000000000000000e+00 0.000000000000000000e+00
0.000000000000000000e+00 0.000000000000000000e+00 0.000000000000000000e+00 0.000000000000000000e+00
0.000000000000000000e+00 0.000000000000000000e+00 0.000000000000000000e+00 0.000000000000000000e+00
-5.771738799707715089e+02 -5.455453023112547726e+02 -5.648778865963975022e+02 -5.605216372450156541e+02
-5.643005161632027011e+02 -5.635111243509749102e+02 -5.646845472297171682e+02 -5.622569283858711060e+02
0.000000000000000000e+00 0.000000000000000000e+00 0.000000000000000000e+00 0.000000000000000000e+00
-5.436709075651602916e+02 -6.109865589407603466e+02 -5.983032014642682270e+02 -5.984324243171309945e+02
0.000000000000000000e+00 0.000000000000000000e+00 0.000000000000000000e+00 0.000000000000000000e+00
-5.901471938850295373e+02 -6.405247513454662567e+02 -6.194568573683166051e+02 -6.280108314819410680e+02
-6.413780579581832626e+02 -6.409221395532103998e+02 -5.986178794029801793e+02 -6.311604357876058202e+02
0.000000000000000000e+00 0.000000000000000000e+00 0.000000000000000000e+00 0.000000000000000000e+00
0.000000000000000000e+00 0.000000000000000000e+00 0.000000000000000000e+00 0.000000000000000000e+00
0.000000000000000000e+00 0.000000000000000000e+00 0.000000000000000000e+00 0.000000000000000000e+00
0.000000000000000000e+00 0.000000000000000000e+00 0.000000000000000000e+00 0.000000000000000000e+00
-7.797157019159978972e+02 -8.009977995881428114e+02 -7.900010231446686930e+02 -7.901696699209305734e+02
0.000000000000000000e+00 0.000000000000000000e+00 0.000000000000000000e+00 0.000000000000000000e+00
-1.437837553135786379e+02 -1.439352201857566342e+02 -1.437172959107531938e+02 -1.439395508337998990e+02
-1.426024931558067692e+02 -1.429399129595041131e+02 -1.425659162515667617e+02 -1.243192786032905843e+02
-1.363726822534972598e+02 -6.121366224228697206e+01 -1.360682901715234721e+02 -1.670629010000206449e+02
-1.618322473994608401e+02 -1.499814812752835564e+02 -1.106826386464556862e+02 -7.095015146785840443e+00
-2.943432678089075694e+01 -3.614190302538995425e+00 -7.430488780407031868e+01 -2.930824584895373164e+01
0.000000000000000000e+00 0.000000000000000000e+00 0.000000000000000000e+00 0.000000000000000000e+00
-6.045313991500848942e+02 -5.945624342755771750e+02 -5.946916571284400561e+02 -5.841228194129046187e+02
-5.922892327002412003e+02 -5.710901664663290376e+02 -5.778203879209205525e+02 -5.706162206688993592e+02
-5.824925971483203284e+02 -5.598742614431804441e+02 -5.702446569276055470e+02 -5.653819866311047235e+02
0.000000000000000000e+00 0.000000000000000000e+00 0.000000000000000000e+00 0.000000000000000000e+00
-5.967775896416048909e+02 -5.457663261226499571e+02 -5.941893870499618515e+02 -6.121177469166493665e+02
-6.205254891937880757e+02 -6.186194034273692068e+02 -6.025282141209131623e+02 -6.369074539748783081e+02
-6.430194345788186183e+02 -6.464630537698169519e+02 -6.210909369811142824e+02 -5.961616784802948814e+02
-5.953436526233696213e+02 -6.028104477179814467e+02 -6.413260362746518695e+02 -6.370390468834115154e+02
-5.736034051763899697e+02 -5.737523597127698167e+02 -6.480887638380129374e+02 -6.398623766545540548e+02
-6.334224966242430810e+02 -6.531468641586752710e+02 -6.539107313490540037e+02 -6.419108179294640877e+02
-6.529556353861881917e+02 -6.531341135156737892e+02 -6.539537779030760021e+02 -6.375849323090623102e+02
-6.332872578196728455e+02 -6.509216156703364504e+02 -6.537549404666277724e+02 -6.376562603633867639e+02
0.000000000000000000e+00 0.000000000000000000e+00 0.000000000000000000e+00 0.000000000000000000e+00
0.000000000000000000e+00 0.000000000000000000e+00 0.000000000000000000e+00 0.000000000000000000e+00
-1.441127847107507023e+02 -1.444942705922949813e+02 -1.438390504250817798e+02 -1.441087148469433430e+02
-1.443051705940389411e+02 -1.439862682355307868e+02 -1.447097301215453626e+02 -1.439383632291791173e+02
0.000000000000000000e+00 0.000000000000000000e+00 0.000000000000000000e+00 0.000000000000000000e+00
-1.651252766735022988e+02 -1.358344259960996396e+02 -1.646714905297230871e+02 -1.648696018814276272e+02
0.000000000000000000e+00 0.000000000000000000e+00 0.000000000000000000e+00 0.000000000000000000e+00
0.000000000000000000e+00 0.000000000000000000e+00 0.000000000000000000e+00 0.000000000000000000e+00
-5.991728519948276244e+02 -5.944461482040551346e+02 -5.841062041089791137e+02 -5.688013697654731686e+02
-5.979115462695168617e+02 -5.867936915118343677e+02 -5.579525285631909810e+02 -5.910372177696046947e+02
-5.970659372588568203e+02 -5.734100823913599925e+02 -5.762703097867949964e+02 -5.950626082671917629e+02
0.000000000000000000e+00 0.000000000000000000e+00 0.000000000000000000e+00 0.000000000000000000e+00
-5.967447499774760900e+02 -6.097365752135185630e+02 -5.945466986770271660e+02 -5.946759215298899335e+02
0.000000000000000000e+00 0.000000000000000000e+00 0.000000000000000000e+00 0.000000000000000000e+00
-5.947138427644252943e+02 -6.450140088275639982e+02 -5.915661272241252391e+02 -6.015641320470886058e+02
-5.934277876621354153e+02 -6.053709767497983876e+02 -5.955979785802925335e+02 -5.954543129799956205e+02
0.000000000000000000e+00 0.000000000000000000e+00 0.000000000000000000e+00 0.000000000000000000e+00
-6.297170936867344153e+02 -6.428209026752927002e+02 -6.406042984758380499e+02 -6.407925981271938554e+02
0.000000000000000000e+00 0.000000000000000000e+00 0.000000000000000000e+00 0.000000000000000000e+00
-6.318133012184449626e+02 -6.498953922149753453e+02 -6.431920850733625912e+02 -6.496764787650419066e+02
-6.485399731901163705e+02 -6.517303766365274669e+02 -6.530913691960233791e+02 -6.521644699498301634e+02
0.000000000000000000e+00 0.000000000000000000e+00 0.000000000000000000e+00 0.000000000000000000e+00
0.000000000000000000e+00 0.000000000000000000e+00 0.000000000000000000e+00 0.000000000000000000e+00
-1.453459269924732951e+02 -1.457882639653067258e+02 -1.445468027441059462e+02 -1.446562543908105454e+02
0.000000000000000000e+00 0.000000000000000000e+00 0.000000000000000000e+00 0.000000000000000000e+00
0.000000000000000000e+00 0.000000000000000000e+00 0.000000000000000000e+00 0.000000000000000000e+00
0.000000000000000000e+00 0.000000000000000000e+00 0.000000000000000000e+00 0.000000000000000000e+00
0.000000000000000000e+00 0.000000000000000000e+00 0.000000000000000000e+00 0.000000000000000000e+00
-5.990255955523640523e+02 -5.933690485337265272e+02 -5.910751970253024865e+02 -5.992228897660161238e+02
-5.982997118766309086e+02 -5.956255174491919888e+02 -5.963757763412206714e+02 -5.992241549322051242e+02
-5.989491739402576513e+02 -5.823038671160095419e+02 -5.965161044174571998e+02 -5.994372747758487776e+02
-5.992675575581590692e+02 -5.993689994777503216e+02 -5.891309113079762483e+02 -6.002235402683860457e+02
-6.093998808897133586e+02 -6.095385948706260706e+02 -5.930542750297609018e+02 -6.002981216101027258e+02
0.000000000000000000e+00 0.000000000000000000e+00 0.000000000000000000e+00 0.000000000000000000e+00
0.000000000000000000e+00 0.000000000000000000e+00 0.000000000000000000e+00 0.000000000000000000e+00
-5.873449193121530243e+02 -6.028229749823027532e+02 -5.290752343660145698e+02 -6.003374987549115076e+02
-6.314044712565046211e+02 -6.315534257928846955e+02 -6.024895703672758600e+02 -6.400145167034777387e+02
-6.282533194228361708e+02 -6.426094764971144286e+02 -6.321738358391644397e+02 -6.243525603043931369e+02
0.000000000000000000e+00 0.000000000000000000e+00 0.000000000000000000e+00 0.000000000000000000e+00
0.000000000000000000e+00 0.000000000000000000e+00 0.000000000000000000e+00 0.000000000000000000e+00
-6.517810962203066083e+02 -6.580364356305977935e+02 -6.406764397764625301e+02 -6.408647394278186766e+02
0.000000000000000000e+00 0.000000000000000000e+00 0.000000000000000000e+00 0.000000000000000000e+00
