-4.059750171056470541e-02 -7.535805045655459555e-02 -7.607917042010887976e-02 1.403004423289779146e+00
7.289169854106236635e-01 -7.536773565152146692e-02 2.979825726485224036e-01 1.165495189208872295e+00
1.018706856154070639e+00 -7.636819176888558214e-02 -7.555990909781196141e-02 4.318167556517704675e-01
2.480543573424463799e-02 -7.650287361699398270e-02 6.055585724622868093e-02 1.324729089152528072e+00
1.271608907755042761e+00 -7.846555601965571336e-02 -4.193790656819833262e-02 6.766394188160795853e-01
1.528357210858363180e-01 -8.992818567407508124e-02 1.293706439263725139e-01 1.173318812345523154e+00
1.217182029440490032e+00 -9.070664862498037384e-02 -9.038578201992795991e-02 -9.037182079835970328e-02
3.386504098222338777e-01 1.284742649611137821e+00 -7.790899003525651734e-02 8.005876455287000981e-01
7.639291003444578787e-02 4.839080513077460011e-01 1.188817531359438462e+00 1.383885951775576106e-01
1.185686308312396076e+00 9.403445550845565548e-02 8.510806596331406126e-01 4.664397022748071331e-01
2.301275373418510892e-02 1.448484199798015126e+00 8.938137497099252204e-02 2.641738433237400541e-01
5.013459874314543097e-01 9.681240553136313820e-02 1.610696323639596306e-01 1.295584364171755043e+00
6.236212555476869923e-01 1.274971952952464571e+00 -5.132153276410029823e-03 6.498665428680970857e-01
1.227011567713076845e+00 1.184781377901826527e-01 9.478959959338219277e-02 -7.756107863412770032e-02
2.576908508792479235e-01 9.485626186862772258e-01 -6.244442508654993867e-02 5.663219636552167813e-02
9.722639926336942851e-02 1.333634947701835882e+00 1.232309769004825695e+00 4.223003538215782671e-01
4.790099084567187027e-01 1.266244745227804724e-01 1.462597572106116295e-01 1.499414852974187085e+00
4.673402841133453278e-01 1.378784770484513311e+00 3.551471934605006375e-02 5.156832995850281209e-01
1.098974089805623278e+00 1.753684873724201398e-01 2.396284250058589860e-01 2.409832139228585204e-02
7.861166883784198589e-02 2.197044587975268137e-01 1.198259130724143917e+00 1.030410720717741396e-01
1.216080470132841818e+00 -7.019278075223762958e-02 5.200225422865549785e-01 -7.365595758812633342e-02
-1.666060791751122414e-02 7.315705762777703347e-01 -6.268657707920348432e-02 1.241414986314060220e+00
7.899522657726406605e-01 1.404234935592991063e+00 2.343711151047707664e-01 4.992086193377349712e-01
1.212797813954723969e+00 1.721363941334009551e-01 3.599384962498326512e-01 3.011698396284806858e-02
1.560175266657472526e-01 3.816654160888107161e-01 1.247020258096022571e+00 2.557301099453548332e-01
1.247219155659903489e+00 8.997220473910669258e-02 7.807886835991807439e-01 8.370318148204264341e-02
1.627271684268050828e-02 1.087494440276502772e+00 7.543762557574253957e-01 3.717376448424278973e-02
1.337011996893019861e+00 7.495493753579736407e-02 3.706885737905492584e-01 -7.971023141095862075e-02
8.741530471507379385e-01 1.226840114413106253e+00 -6.975773180617804436e-02 9.765666053074985031e-01
2.086654639875989981e-01 5.554790288212616556e-01 1.121114730600245135e+00 1.169578783343427630e-01
1.388611197284315590e+00 7.429297975775858154e-01 1.160791929223092378e+00 5.829932367342081229e-02
8.007736523849788568e-02 1.393217114378203281e+00 9.259867331723260486e-01 8.866301545726630595e-02
1.178988478841534127e+00 5.006962633474183744e-02 3.199590010436092480e-01 2.075930731088251047e-01
8.087270326693877381e-03 1.004771020933518111e+00 4.204542550074275020e-01 1.265182627824378292e-01
1.177651762096385779e+00 -1.999814516277542351e-02 4.231115464485518118e-01 -8.459331253846574805e-02
-6.922973387301545323e-02 1.233185082356900386e+00 -6.930943971286747385e-02 -6.965398933182820329e-02
-7.349804601621268141e-02 1.305039847838305178e+00 1.341396132441788236e+00 -6.097704323268861998e-02
-7.782061771856103871e-02 1.021429819593391852e-01 1.259359549037374570e+00 5.168179661560171750e-02
-7.934718987199114448e-02 1.242339533348330916e+00 4.950041172090817176e-01 -4.528970372401588257e-02
-8.283939825651415179e-02 1.426299197907218187e-02 1.401449173247679258e+00 1.356479689190828557e-02
-8.540612456818370835e-02 9.551744200384985062e-01 6.509766776952201628e-01 -2.678960354552521045e-02
-8.906879757995664337e-02 -8.645915766319199613e-02 1.173750903205972973e+00 -8.853624524042166821e-02
