-3.107785634962967833e+02 -3.109472102725585501e+02 -3.111158570488202599e+02 -3.168340277680665622e+02
-3.587710472298898594e+02 -3.585008286738336096e+02 -3.106952406779964804e+02 -3.957830013225846528e+02
-3.570995777907968431e+02 -4.032604052616733270e+02 -4.001961101738027651e+02 -4.002374834009187339e+02
-4.028920350585478332e+02 -4.030803347099038092e+02 -4.037274021872794378e+02 -4.006530984811748795e+02
0.000000000000000000e+00 0.000000000000000000e+00 0.000000000000000000e+00 0.000000000000000000e+00
-3.583883196187992439e+02 -3.238460492031312583e+02 -3.506318617745789084e+02 -3.516398794718760996e+02
-3.571136025166358081e+02 -3.497116332547933553e+02 -3.585667420383150557e+02 -3.549146624408330695e+02
0.000000000000000000e+00 0.000000000000000000e+00 0.000000000000000000e+00 0.000000000000000000e+00
0.000000000000000000e+00 0.000000000000000000e+00 0.000000000000000000e+00 0.000000000000000000e+00
0.000000000000000000e+00 0.000000000000000000e+00 0.000000000000000000e+00 0.000000000000000000e+00
0.000000000000000000e+00 0.000000000000000000e+00 0.000000000000000000e+00 0.000000000000000000e+00
-4.766628107674732746e+02 -4.736241049349520722e+02 -4.747703767386115601e+02 -4.745345579730873169e+02
0.000000000000000000e+00 0.000000000000000000e+00 0.000000000000000000e+00 0.000000000000000000e+00
-4.774374374289427578e+02 -4.746207329424120758e+02 -4.747207770532091899e+02 -4.761912276961317048e+02
-4.764068119306296012e+02 -4.773728568091274838e+02 -4.784463213603792724e+02 -4.781299398570340600e+02
-4.780837760738374982e+02 -4.786317339469736112e+02 -4.790001224212400643e+02 -4.784220653848613551e+02
0.000000000000000000e+00 0.000000000000000000e+00 0.000000000000000000e+00 0.000000000000000000e+00
0.000000000000000000e+00 0.000000000000000000e+00 0.000000000000000000e+00 0.000000000000000000e+00
0.000000000000000000e+00 0.000000000000000000e+00 0.000000000000000000e+00 0.000000000000000000e+00
0.000000000000000000e+00 0.000000000000000000e+00 0.000000000000000000e+00 0.000000000000000000e+00
0.000000000000000000e+00 0.000000000000000000e+00 0.000000000000000000e+00 0.000000000000000000e+00
-3.631687672207458490e+02 -3.475090554391191517e+02 -3.603743792708366982e+02 -3.590521259288286728e+02
-3.615049914008348537e+02 -3.608839969749122929e+02 -3.616044016653470408e+02 -3.599320895840884873e+02
0.000000000000000000e+00 0.000000000000000000e+00 0.000000000000000000e+00 0.000000000000000000e+00
0.000000000000000000e+00 0.000000000000000000e+00 0.000000000000000000e+00 0.000000000000000000e+00
-3.553946115295632353e+02 -3.504082835754670100e+02 -3.507447799332073259e+02 -3.509134267094691495e+02
0.000000000000000000e+00 0.000000000000000000e+00 0.000000000000000000e+00 0.000000000000000000e+00
-3.478901867879681618e+02 -3.457631318367388076e+02 -3.459317786130005743e+02 -3.461004253892623410e+02
0.000000000000000000e+00 0.000000000000000000e+00 0.000000000000000000e+00 0.000000000000000000e+00
-4.794832934242005535e+02 -4.804512036562614412e+02 -4.808406346520334296e+02 -4.810378136103184943e+02
-4.763716838618756810e+02 -4.779653245231930327e+02 -4.790566086946002997e+02 -4.804719832611710899e+02
-4.762774046855059851e+02 -4.743484046620713457e+02 -4.769569966402306136e+02 -4.803217786971586065e+02
-4.797745602724389755e+02 -4.792158533029630689e+02 -4.754721808990937006e+02 -4.771541028116770917e+02
-4.770859124733292447e+02 -4.729420664618303363e+02 -4.766162349631250663e+02 -4.741309311805462130e+02
0.000000000000000000e+00 0.000000000000000000e+00 0.000000000000000000e+00 0.000000000000000000e+00
0.000000000000000000e+00 0.000000000000000000e+00 0.000000000000000000e+00 0.000000000000000000e+00
-4.666194818681370293e+02 -4.662894919241682032e+02 -4.668497360941814804e+02 -4.612528372775208254e+02
-4.622057441700812319e+02 -4.576069597993724187e+02 -4.650290186918751374e+02 -4.617447443952411277e+02
-4.600758237152033416e+02 -4.643915275503223938e+02 -4.665338340611837111e+02 -4.650077076961023295e+02
0.000000000000000000e+00 0.000000000000000000e+00 0.000000000000000000e+00 0.000000000000000000e+00
-3.421361982768966641e+02 -3.513310349189685553e+02 -3.514701285489785505e+02 -3.533132334515905200e+02
-3.620593136228156936e+02 -3.525322807635629943e+02 -3.512539117114235410e+02 -3.502289763851889575e+02
-3.510915367048228859e+02 -3.628717730347125325e+02 -3.522035855619270706e+02 -3.623868926275727631e+02
-3.631188301614881198e+02 -3.632874769377500002e+02 -3.643251301566830307e+02 -3.634856472972662118e+02
0.000000000000000000e+00 0.000000000000000000e+00 0.000000000000000000e+00 0.000000000000000000e+00
-3.527861998336858278e+02 -3.507216495134384218e+02 -3.458659775600117996e+02 -3.460542772113679462e+02
0.000000000000000000e+00 0.000000000000000000e+00 0.000000000000000000e+00 0.000000000000000000e+00
-3.487000623819168936e+02 -3.447183557573496273e+02 -3.487023568861736180e+02 -3.371043179434278159e+02
0.000000000000000000e+00 0.000000000000000000e+00 0.000000000000000000e+00 0.000000000000000000e+00
0.000000000000000000e+00 0.000000000000000000e+00 0.000000000000000000e+00 0.000000000000000000e+00
0.000000000000000000e+00 0.000000000000000000e+00 0.000000000000000000e+00 0.000000000000000000e+00
0.000000000000000000e+00 0.000000000000000000e+00 0.000000000000000000e+00 0.000000000000000000e+00
-4.751497916528942369e+02 -4.760952029153750118e+02 -4.759672365697727514e+02 -4.772813097116237486e+02
-4.743159837401059349e+02 -4.728985845375589179e+02 -4.745812676966748995e+02 -4.721658597862062265e+02
0.000000000000000000e+00 0.000000000000000000e+00 0.000000000000000000e+00 0.000000000000000000e+00
0.000000000000000000e+00 0.000000000000000000e+00 0.000000000000000000e+00 0.000000000000000000e+00
-4.590620874492166763e+02 -4.623581606532845854e+02 -4.623649538986741163e+02 -4.521277944218438165e+02
0.000000000000000000e+00 0.000000000000000000e+00 0.000000000000000000e+00 0.000000000000000000e+00
0.000000000000000000e+00 0.000000000000000000e+00 0.000000000000000000e+00 0.000000000000000000e+00
0.000000000000000000e+00 0.000000000000000000e+00 0.000000000000000000e+00 0.000000000000000000e+00
-3.418231110600247575e+02 -3.420241300882254905e+02 -3.422107796186134010e+02 -3.443908966384536257e+02
-3.613044684825299555e+02 -3.493952852555868276e+02 -3.417485297183080775e+02 -3.474225144058822821e+02
0.000000000000000000e+00 0.000000000000000000e+00 0.000000000000000000e+00 0.000000000000000000e+00
0.000000000000000000e+00 0.000000000000000000e+00 0.000000000000000000e+00 0.000000000000000000e+00
-3.476964291906451194e+02 -3.418749365669838198e+02 -3.420534639615675019e+02 -3.422220075717077634e+02
-3.423244263959758200e+02 -3.472240800986289173e+02 -3.500934161625969523e+02 -3.419314598133756249e+02
-3.321196012940133073e+02 -3.446206583113477109e+02 -3.476076513584793588e+02 -3.427552695221840509e+02
-3.262892968579061517e+02 -3.416356448469565521e+02 -3.469617234458522717e+02 -3.396746780255029421e+02
-3.325521898181445408e+02 -3.321286148865065115e+02 -3.447175260095872318e+02 -3.322378274793114770e+02
0.000000000000000000e+00 0.000000000000000000e+00 0.000000000000000000e+00 0.000000000000000000e+00
0.000000000000000000e+00 0.000000000000000000e+00 0.000000000000000000e+00 0.000000000000000000e+00
-4.521364142136734472e+02 -4.504746697539318916e+02 -4.508187846835620576e+02 -4.511628996131922804e+02
0.000000000000000000e+00 0.000000000000000000e+00 0.000000000000000000e+00 0.000000000000000000e+00
-4.668813149828825431e+02 -4.676109453203807220e+02 -4.647638811743997849e+02 -4.653494520901940064e+02
-4.642042548994730851e+02 -4.688134967986781589e+02 -4.688778689378676745e+02 -4.161230256872138398e+02
-3.653268386136898584e+02 -3.819349497910642981e+02 -4.644103210456567012e+02 -4.121540292133721550e+01
-4.461614618604222642e+02 -4.579925473433850698e+02 -3.023823676125330167e+02 -4.151691929681009441e+01
-4.291419734359525364e+02 -3.468438169933351674e+02 -3.302273025431567817e+02 -4.172086425640871710e+01
-4.182502560698740979e+01 -3.749571321568201370e+02 -3.787360014143038143e+02 -4.107482862910158588e+02
0.000000000000000000e+00 0.000000000000000000e+00 0.000000000000000000e+00 0.000000000000000000e+00
0.000000000000000000e+00 0.000000000000000000e+00 0.000000000000000000e+00 0.000000000000000000e+00
-3.423666546032678752e+02 -3.461865864402979014e+02 -3.601307964893837834e+02 -3.615495717932133175e+02
-3.573902888616704558e+02 -3.468431807588590345e+02 -3.472416045032958891e+02 -3.474374574527055302e+02
0.000000000000000000e+00 0.000000000000000000e+00 0.000000000000000000e+00 0.000000000000000000e+00
-3.384313544324864438e+02 -3.414085950999848365e+02 -3.455257002872199905e+02 -3.460126199158381155e+02
-3.237587706870964439e+02 -3.426148915463784874e+02 -3.394208146440550422e+02 -3.455936265436316717e+02
-3.442881448349414768e+02 -3.326774166862776383e+02 -3.268632913371189375e+02 -3.475782895612320544e+02
-3.474257819946571431e+02 -3.245791025707877111e+02 -3.275083442661922390e+02 -3.438795097778238983e+02
-3.394859876523896673e+02 -3.353012460194735809e+02 -3.509349100931166845e+02 -3.487902053797208737e+02
0.000000000000000000e+00 0.000000000000000000e+00 0.000000000000000000e+00 0.000000000000000000e+00
-4.520945365585956779e+02 -4.524579536024814388e+02 -4.527373478574759247e+02 -4.529700106570754770e+02
-4.574082143076834086e+02 -4.503881867936588037e+02 -4.519922594424546105e+02 -4.526209772253382084e+02
-4.522561684532730055e+02 -4.522257125235724970e+02 -4.584552325245004454e+02 -4.538163485659949288e+02
-4.591569594378378270e+02 -4.580636417646700238e+02 -4.588621790738339428e+02 -4.583986132658199608e+02
0.000000000000000000e+00 0.000000000000000000e+00 0.000000000000000000e+00 0.000000000000000000e+00
0.000000000000000000e+00 0.000000000000000000e+00 0.000000000000000000e+00 0.000000000000000000e+00
-4.551989946436499963e+02 -4.638464680348712932e+02 -4.604315548126678550e+02 -3.810398943626905179e+02
-4.573012377068849901e+02 -4.576143056960756326e+02 -4.596005611390625063e+02 -1.871640432836636876e+02
-4.182765434056198472e+01 -4.570557196795493837e+02 -4.313253992148052021e+02 -4.325108742059107385e+02
-4.600584462816234463e+02 -4.598871657153664501e+02 -3.122092701058889475e+02 -4.597753100458284621e+02
-3.949073606903028804e+02 -3.899257934762484865e+02 -3.900648871062584249e+02 -3.902039807362685337e+02
0.000000000000000000e+00 0.000000000000000000e+00 0.000000000000000000e+00 0.000000000000000000e+00
-3.544851977229277509e+02 -3.478942008022988830e+02 -3.522211403959133804e+02 -3.689251498535042515e+02
-3.517085464633495349e+02 -3.517565203325917196e+02 -3.551528845930311036e+02 -3.704241330952303315e+02
-3.267717477325612094e+02 -3.389265664655313230e+02 -3.586270770408200406e+02 -3.362888820433671526e+02
-3.417554665465795551e+02 -3.385153835479786153e+02 -3.224439016801380831e+02 -3.209433942364975678e+02
0.000000000000000000e+00 0.000000000000000000e+00 0.000000000000000000e+00 0.000000000000000000e+00
-3.490312523643128770e+02 -3.250894814409115270e+02 -3.443541358814524642e+02 -3.158049085544797663e+02
0.000000000000000000e+00 0.000000000000000000e+00 0.000000000000000000e+00 0.000000000000000000e+00
0.000000000000000000e+00 0.000000000000000000e+00 0.000000000000000000e+00 0.000000000000000000e+00
0.000000000000000000e+00 0.000000000000000000e+00 0.000000000000000000e+00 0.000000000000000000e+00
-4.497651195439686376e+02 -4.505714675078970686e+02 -4.484979098410628353e+02 -4.559795064632746744e+02
-4.465861808314771224e+02 -4.506468452865118479e+02 -4.490270623538198151e+02 -4.523271054637029351e+02
-4.482032059448479231e+02 -4.550966902246987047e+02 -4.564165355184509281e+02 -4.560504008000827412e+02
-4.515756606211053281e+02 -4.545857309388796352e+02 -4.611300703946041608e+02 -4.564524020977637520e+02
0.000000000000000000e+00 0.000000000000000000e+00 0.000000000000000000e+00 0.000000000000000000e+00
0.000000000000000000e+00 0.000000000000000000e+00 0.000000000000000000e+00 0.000000000000000000e+00
0.000000000000000000e+00 0.000000000000000000e+00 0.000000000000000000e+00 0.000000000000000000e+00
-4.172790846102093099e+01 -4.137001756397713734e+02 -4.112015575326389012e+02 -3.705408130885997480e+02
0.000000000000000000e+00 0.000000000000000000e+00 0.000000000000000000e+00 0.000000000000000000e+00
-3.945418596311698707e+02 -3.895083409396416982e+02 -3.823230746326275380e+02 -3.824522974854904760e+02
0.000000000000000000e+00 0.000000000000000000e+00 0.000000000000000000e+00 0.000000000000000000e+00
-3.434016313678777124e+02 -3.574546190846419336e+02 -3.499998156501998210e+02 -3.184393297089687280e+02
-3.463829236434560244e+02 -3.552100180340918314e+02 -3.136520566096694438e+02 -3.248636091774868078e+02
-3.277190075276629386e+02 -3.298012925401398547e+02 -3.168064625880865606e+02 -3.409463644014251713e+02
-3.434677788902977227e+02 -3.401472659941010761e+02 -3.378574200956574600e+02 -3.458299847560694502e+02
-3.458147027828892988e+02 -3.429602557163858592e+02 -3.414177198899834025e+02 -3.501706274335523403e+02
-3.510390635705515479e+02 -3.261142607278767969e+02 -3.453101164125378091e+02 -3.532718399027837677e+02
-3.544639782399079309e+02 -3.271224977519854633e+02 -3.276634797280583484e+02 -3.251336391798232626e+02
-3.439391302738957847e+02 -3.241171643019798694e+02 -3.279502380707868952e+02 -3.253612904183562478e+02
0.000000000000000000e+00 0.000000000000000000e+00 0.000000000000000000e+00 0.000000000000000000e+00
0.000000000000000000e+00 0.000000000000000000e+00 0.000000000000000000e+00 0.000000000000000000e+00
-4.356398265392793974e+02 -4.362422308303912359e+02 -4.315680049244503493e+02 -4.307196427646804295e+02
0.000000000000000000e+00 0.000000000000000000e+00 0.000000000000000000e+00 0.000000000000000000e+00
-4.452351550379452760e+02 -4.560497908054474010e+02 -4.537629422237406516e+02 -4.538018831573914440e+02
-4.533561921171986455e+02 -4.536541132960254004e+02 -4.567647690082320651e+02 -4.555702405148070397e+02
0.000000000000000000e+00 0.000000000000000000e+00 0.000000000000000000e+00 0.000000000000000000e+00
-4.122093810553367632e+01 -4.087268429331356856e+02 -4.086580133630434943e+02 -4.091597066169118193e+02
-3.744882268126842177e+02 -3.770047426244384496e+02 -4.152571609605569591e+01 -4.115093332275975513e+02
0.000000000000000000e+00 0.000000000000000000e+00 0.000000000000000000e+00 0.000000000000000000e+00
-3.803562338016150193e+02 -3.847306913591247053e+02 -3.807305690882875524e+02 -3.902107314284514814e+02
-3.471069508714335257e+02 -3.472361737242964068e+02 -3.854338843975940563e+02 -3.500915407960318930e+02
-3.298444816953398231e+02 -3.401881913713872905e+02 -3.430667928720423561e+02 -3.532010888462146454e+02
-3.127425914561283662e+02 -3.585889298630085591e+02 -3.421476055480008540e+02 -3.460379863428290719e+02
0.000000000000000000e+00 0.000000000000000000e+00 0.000000000000000000e+00 0.000000000000000000e+00
0.000000000000000000e+00 0.000000000000000000e+00 0.000000000000000000e+00 0.000000000000000000e+00
-3.451317436309559525e+02 -3.490929503816680608e+02 -3.464509981513080561e+02 -3.484065181524217678e+02
-3.511209842924772602e+02 -3.535377110560793881e+02 -3.490829474763461917e+02 -3.504394607143437952e+02
-3.541581257204740041e+02 -3.258926199876366354e+02 -3.525501361441887411e+02 -3.476628792665611627e+02
-3.272842397555360776e+02 -3.400308243740441299e+02 -3.532736015313246867e+02 -3.524217165926856410e+02
0.000000000000000000e+00 0.000000000000000000e+00 0.000000000000000000e+00 0.000000000000000000e+00
-4.082676319581864846e+02 -3.664012416037157891e+02 -3.698161329554210397e+02 -3.915785004193852501e+02
-4.133329019951435157e+02 -4.173908518787387152e+02 -4.239999820364510015e+02 -4.202499309489677444e+02
-4.266852871917117227e+02 -4.272050925259759424e+02 -4.287547940909103659e+02 -4.294870809309744573e+02
-4.384680832898883409e+02 -4.528904259135174470e+02 -4.307046348947101819e+02 -4.633476505552602021e+02
-4.459852649358230678e+02 -4.541039166965973095e+02 -4.527838955069546500e+02 -3.670795787695075774e+02
-4.029579680553062815e+01 -4.030605222790103426e+02 -4.420206103725790285e+02 -4.031845386682941808e+02
-4.284809205731353359e+02 -4.462392678500764305e+02 -4.081198582576666922e+01 -4.052879709683653573e+02
0.000000000000000000e+00 0.000000000000000000e+00 0.000000000000000000e+00 0.000000000000000000e+00
0.000000000000000000e+00 0.000000000000000000e+00 0.000000000000000000e+00 0.000000000000000000e+00
-3.879078260994220386e+02 -3.890156757375119128e+02 -3.720587718144583391e+02 -3.817171087246783827e+02
0.000000000000000000e+00 0.000000000000000000e+00 0.000000000000000000e+00 0.000000000000000000e+00
-3.047588065915967377e+02 -3.348286639463065057e+02 -3.149422907215951000e+02 -3.150517423682996991e+02
0.000000000000000000e+00 0.000000000000000000e+00 0.000000000000000000e+00 0.000000000000000000e+00
-2.804325274056678836e+02 -2.755738166241180807e+02 -2.756832682708227367e+02 -2.757927199175273358e+02
0.000000000000000000e+00 0.000000000000000000e+00 0.000000000000000000e+00 0.000000000000000000e+00
0.000000000000000000e+00 0.000000000000000000e+00 0.000000000000000000e+00 0.000000000000000000e+00
0.000000000000000000e+00 0.000000000000000000e+00 0.000000000000000000e+00 0.000000000000000000e+00
-3.541865648191325135e+02 -3.272123657640802321e+02 -3.545622314834477038e+02 -3.526344807414926095e+02
-3.471086635064401662e+02 -3.262928775805042392e+02 -3.292556256182428456e+02 -3.348887248940914105e+02
-3.735974276587577378e+02 -3.359029396498287383e+02 -3.407761354903396409e+02 -3.596541482339825961e+02
-3.459497753310054122e+02 -3.728497355191215661e+02 -3.951078746228946557e+02 -3.671607074316873423e+02
0.000000000000000000e+00 0.000000000000000000e+00 0.000000000000000000e+00 0.000000000000000000e+00
0.000000000000000000e+00 0.000000000000000000e+00 0.000000000000000000e+00 0.000000000000000000e+00
-4.283026206475093431e+02 -4.627897304008972696e+02 -4.463658988956088365e+02 -4.352547834251636800e+02
-4.387732606506256161e+02 -4.391623955124894110e+02 -4.442112717314898873e+02 -2.548721160354704409e+02
-3.967255044357646909e+01 -4.056722673261014052e+02 -3.945108500198405750e+02 -4.081751033060700706e+02
-2.316386990145259119e+02 -4.418688178023991782e+02 -4.413364753937295291e+02 -4.415533589566117598e+02
-4.403525353958721098e+02 -4.408557224502275744e+02 -4.410489918127786382e+02 -4.408050993298492699e+02
0.000000000000000000e+00 0.000000000000000000e+00 0.000000000000000000e+00 0.000000000000000000e+00
0.000000000000000000e+00 0.000000000000000000e+00 0.000000000000000000e+00 0.000000000000000000e+00
-2.804173924946557008e+02 -2.805169436925583000e+02 -2.806164948904607854e+02 -2.809373325377771948e+02
-2.943964188489376284e+02 -3.134245510449769085e+02 -2.803522603386657011e+02 -2.802990651352010332e+02
-2.790916707532309715e+02 -2.812676210190471124e+02 -2.852385531741410318e+02 -2.744200172973628469e+02
-2.813949374219359356e+02 -2.768848020450560625e+02 -2.936695057124306913e+02 -2.931166783846754242e+02
-3.055083254952137395e+02 -2.930433328177672934e+02 -3.081079231188088556e+02 -2.927729744232732401e+02
-2.996018557343170983e+02 -2.862155223333891740e+02 -3.072523035483279727e+02 -2.955595279174071948e+02
-3.139104667519106329e+02 -3.085692361729887239e+02 -3.013125092145888289e+02 -2.972789215914164060e+02
0.000000000000000000e+00 0.000000000000000000e+00 0.000000000000000000e+00 0.000000000000000000e+00
-3.331227899427716466e+02 -3.208419439174678018e+02 -3.058205781068647866e+02 -3.092208603391356405e+02
-3.543441366335044336e+02 -3.457759554241279716e+02 -3.171423787002232189e+02 -3.375363732621234476e+02
0.000000000000000000e+00 0.000000000000000000e+00 0.000000000000000000e+00 0.000000000000000000e+00
0.000000000000000000e+00 0.000000000000000000e+00 0.000000000000000000e+00 0.000000000000000000e+00
-4.297713828193444670e+02 -4.241591119538807106e+02 -4.301116353968795352e+02 -4.327742767925046792e+02
-4.186049432803612831e+02 -4.415554751421564106e+02 -4.281424786667145099e+02 -4.325736133016761755e+02
-4.385704898046200810e+02 -4.387329453252006033e+02 -4.457087624423746774e+02 -4.384032955527064814e+02
-3.025259463913309901e+02 -3.361773445053888736e+02 -4.379747892354474743e+02 -3.894271584081443649e+01
-3.811967214925127223e+01 -4.155797262897021938e+02 -3.064023824823753444e+02 -4.154275844803867699e+02
-4.393436703320690526e+02 -4.395758644281042393e+02 -3.022638907846144889e+02 -4.396732292971523748e+02
-4.413590226508709975e+02 -4.412804562072337831e+02 -4.413200244848998182e+02 -4.414945254802969430e+02
0.000000000000000000e+00 0.000000000000000000e+00 0.000000000000000000e+00 0.000000000000000000e+00
0.000000000000000000e+00 0.000000000000000000e+00 0.000000000000000000e+00 0.000000000000000000e+00
-2.751224629263613792e+02 -3.003191954922271520e+02 -2.808800444633616848e+02 -2.666514977893291416e+02
-2.575916043866690757e+02 -2.664258020135118841e+02 -2.700150875962948476e+02 -2.673385612537443308e+02
0.000000000000000000e+00 0.000000000000000000e+00 0.000000000000000000e+00 0.000000000000000000e+00
-3.055241992367203352e+02 -3.159000064022141032e+02 -3.057327049827335941e+02 -3.090862193122366648e+02
-3.104897760112825154e+02 -3.064351325580987577e+02 -3.200304473919284192e+02 -2.996060105919962098e+02
-2.987773980523161299e+02 -3.111023307632590331e+02 -3.150931758966879670e+02 -3.024581153742904007e+02
-3.105935991895809138e+02 -3.107228220424437382e+02 -3.179459650241731197e+02 -2.955034991014319417e+02
-2.545649059420091476e+02 -2.975666725472436269e+02 -3.053574537147288765e+02 -3.215407255800789699e+02
-3.249377346382652831e+02 -3.287900748492513117e+02 -2.941403687015506989e+02 -3.404184675093347323e+02
-3.297683850802569054e+02 -3.282401233362361381e+02 -3.118335881288217024e+02 -3.191173478477530239e+02
0.000000000000000000e+00 0.000000000000000000e+00 0.000000000000000000e+00 0.000000000000000000e+00
0.000000000000000000e+00 0.000000000000000000e+00 0.000000000000000000e+00 0.000000000000000000e+00
-4.056043079169823500e+02 -4.262513102600727848e+02 -4.173392676356774018e+02 -4.139149071179293173e+02
0.000000000000000000e+00 0.000000000000000000e+00 0.000000000000000000e+00 0.000000000000000000e+00
0.000000000000000000e+00 0.000000000000000000e+00 0.000000000000000000e+00 0.000000000000000000e+00
-3.716980071088924120e+01 -3.272194378248363478e+02 -3.450427516720248491e+02 -2.507143038715414320e+02
0.000000000000000000e+00 0.000000000000000000e+00 0.000000000000000000e+00 0.000000000000000000e+00
0.000000000000000000e+00 0.000000000000000000e+00 0.000000000000000000e+00 0.000000000000000000e+00
0.000000000000000000e+00 0.000000000000000000e+00 0.000000000000000000e+00 0.000000000000000000e+00
-2.596624623999304049e+02 -2.597620135978328904e+02 -2.598615647957354327e+02 -2.656661962896146747e+02
-2.394169503538204538e+02 -2.773205837204340583e+02 -2.595973302439404051e+02 -2.477159405852153782e+02
-2.376148388432368961e+02 -2.493259188355523861e+02 -2.503111407427245467e+02 -2.489832985684170126e+02
0.000000000000000000e+00 0.000000000000000000e+00 0.000000000000000000e+00 0.000000000000000000e+00
0.000000000000000000e+00 0.000000000000000000e+00 0.000000000000000000e+00 0.000000000000000000e+00
-2.759170329977944220e+02 -3.215559412061101625e+02 -3.140022738113707419e+02 -3.086542039890886713e+02
0.000000000000000000e+00 0.000000000000000000e+00 0.000000000000000000e+00 0.000000000000000000e+00
0.000000000000000000e+00 0.000000000000000000e+00 0.000000000000000000e+00 0.000000000000000000e+00
-1.365544861347109418e+02 -2.810918572284772381e+02 -2.686791066357814657e+02 -2.688083294886442900e+02
0.000000000000000000e+00 0.000000000000000000e+00 0.000000000000000000e+00 0.000000000000000000e+00
-3.248292233640294739e+02 -3.138174053539947863e+02 -3.204863028837957586e+02 -3.206253965138057538e+02
0.000000000000000000e+00 0.000000000000000000e+00 0.000000000000000000e+00 0.000000000000000000e+00
-3.074130661688068500e+01 -3.261313978533964359e+02 -2.969908986183414186e+02 -2.879689968495790140e+02
-2.692305529120961864e+02 -4.095187578032312672e+02 -3.225470148651609748e+01 -3.082803821225284651e+02
-4.026037061766884904e+02 -3.430946217430647494e+02 -3.365072781644317246e+01 -4.049348136110485257e+02
-4.159144727202178160e+02 -3.769154770076586374e+02 -3.493458242935403746e+01 -3.783776624695080955e+02
-3.175635746670679396e+02 -2.970352913972153033e+02 -3.610781466621870806e+01 -4.221078399794217262e+02
-4.260139099383685561e+02 -4.228815814373509170e+02 -3.902875278699796127e+02 -4.293647653940276996e+02
0.000000000000000000e+00 0.000000000000000000e+00 0.000000000000000000e+00 0.000000000000000000e+00
0.000000000000000000e+00 0.000000000000000000e+00 0.000000000000000000e+00 0.000000000000000000e+00
0.000000000000000000e+00 0.000000000000000000e+00 0.000000000000000000e+00 0.000000000000000000e+00
-2.097049073460388513e+02 -2.353908533310692519e+02 -2.259520659238267797e+02 -2.176866395860701573e+02
-2.121512173167433559e+02 -2.287330380499103057e+02 -2.054598437455122735e+02 -2.265610373206810095e+02
0.000000000000000000e+00 0.000000000000000000e+00 0.000000000000000000e+00 0.000000000000000000e+00
0.000000000000000000e+00 0.000000000000000000e+00 0.000000000000000000e+00 0.000000000000000000e+00
0.000000000000000000e+00 0.000000000000000000e+00 0.000000000000000000e+00 0.000000000000000000e+00
0.000000000000000000e+00 0.000000000000000000e+00 0.000000000000000000e+00 0.000000000000000000e+00
-1.914636074362594442e+01 -1.574972922975183849e+02 -1.798231956800654245e+02 -1.834563501017618421e+02
-2.148709370532897083e+02 -2.378973097759312623e+02 -2.138378725498272104e+01 -1.891099710610859574e+02
-2.917063555704984879e+02 -2.143321135883506372e+02 -2.349936133571972618e+01 -1.805480537594733050e+02
-2.289871497605758464e+02 -3.064151842276291404e+02 -2.549302525861240554e+01 -2.969032584382633218e+02
-2.543741059036611887e+02 -2.435018290148402116e+02 -2.736483108594596203e+01 -2.984970267448165941e+02
-3.307047736989012492e+02 -2.365615022105619403e+02 -2.911293963835693788e+01 -2.888122506468114352e+02
0.000000000000000000e+00 0.000000000000000000e+00 0.000000000000000000e+00 0.000000000000000000e+00
0.000000000000000000e+00 0.000000000000000000e+00 0.000000000000000000e+00 0.000000000000000000e+00
-4.242192045537627791e+02 -4.237693072941839318e+02 -4.239459793156487422e+02 -4.240235136518563763e+02
0.000000000000000000e+00 0.000000000000000000e+00 0.000000000000000000e+00 0.000000000000000000e+00
-4.244157949189847159e+02 -4.318583392928384797e+02 -4.248190177848554754e+02 -4.245001832916620970e+02
-4.254625570664213683e+02 -4.248632806744651020e+02 -4.254434455382876763e+02 -4.251267134745276621e+02
0.000000000000000000e+00 0.000000000000000000e+00 0.000000000000000000e+00 0.000000000000000000e+00
-1.276267822758004939e+02 -1.208941270532698979e+02 -1.209440271532199063e+02 -1.209939272531698862e+02
0.000000000000000000e+00 0.000000000000000000e+00 0.000000000000000000e+00 0.000000000000000000e+00
-1.491314148493127618e+02 -1.938887642508167914e+02 -1.506196991150041811e+02 -1.803746029566697473e+02
0.000000000000000000e+00 0.000000000000000000e+00 0.000000000000000000e+00 0.000000000000000000e+00
0.000000000000000000e+00 0.000000000000000000e+00 0.000000000000000000e+00 0.000000000000000000e+00
-1.169986148796951930e+01 -1.196324542408623444e+02 -1.092455669069245374e+02 -8.446063684258461990e+01
-1.088585116430483311e+02 -1.187799619364506896e+02 -1.430465054665603830e+01 -1.304635213646689635e+02
-1.655723475147756858e+02 -1.474889882788952775e+02 -1.678676391394607847e+01 -1.434156952025578846e+02
0.000000000000000000e+00 0.000000000000000000e+00 0.000000000000000000e+00 0.000000000000000000e+00
-2.722952793499622430e+02 -2.376701926541874457e+02 -2.519710713096519044e+02 -2.517602157696763356e+02
0.000000000000000000e+00 0.000000000000000000e+00 0.000000000000000000e+00 0.000000000000000000e+00
0.000000000000000000e+00 0.000000000000000000e+00 0.000000000000000000e+00 0.000000000000000000e+00
-3.375251954703187494e+02 -3.071553138581107305e+02 -3.377742051797405338e+02 -3.374907866122279643e+02
-3.437507856056776632e+02 -3.410654970282079717e+02 -3.380148467923495446e+02 -3.379835918733058406e+02
0.000000000000000000e+00 0.000000000000000000e+00 0.000000000000000000e+00 0.000000000000000000e+00
-4.256069439867958408e+02 -4.273981953957679707e+02 -4.255088124663278677e+02 -4.254432154528589649e+02
0.000000000000000000e+00 0.000000000000000000e+00 0.000000000000000000e+00 0.000000000000000000e+00
-4.197152022092557218e+02 -4.358204532027873483e+02 -4.345636737245943095e+02 -4.360441049877048272e+02
0.000000000000000000e+00 0.000000000000000000e+00 0.000000000000000000e+00 0.000000000000000000e+00
0.000000000000000000e+00 0.000000000000000000e+00 0.000000000000000000e+00 0.000000000000000000e+00
-1.276030031691633155e+02 -1.247740296532699062e+02 -7.540577984632452058e+01 -1.277722574100027515e+02
-1.242740370698239758e+02 -1.275714223578127786e+02 -1.268231169372699298e+02 -1.302933510470396925e+02
-1.093037247492836030e+02 -1.211991862916799789e+02 -1.265325167106546189e+02 -1.246100304000062238e+02
-9.366772000000379705e+01 -4.826330000000265130e+01 -8.351845533277389677e+01 -4.865391000000263233e+01
-6.322703036388464426e+01 -8.684924606000390668e+01 -9.226260824967395990e+01 -4.798815224199115903e+01
-8.971417810263394799e+00 -7.567766830315001414e+01 -1.038756966373663602e+02 -7.347991891318795865e+01
0.000000000000000000e+00 0.000000000000000000e+00 0.000000000000000000e+00 0.000000000000000000e+00
-1.686358945353210004e+02 -1.706708738532407210e+02 -1.629651870607756905e+02 -1.630349774104258813e+02
0.000000000000000000e+00 0.000000000000000000e+00 0.000000000000000000e+00 0.000000000000000000e+00
-2.696346028746188495e+02 -2.289521651592150988e+02 -2.427812266563226729e+02 -2.701585696614844210e+02
-2.760042089367320841e+02 -2.761037601346346833e+02 -2.757023838642750775e+02 -2.701780013280237540e+02
-2.751382431345306259e+02 -2.752377943324331682e+02 -2.778436041320702543e+02 -3.182594858222601033e+02
0.000000000000000000e+00 0.000000000000000000e+00 0.000000000000000000e+00 0.000000000000000000e+00
-3.462112144426048417e+02 -3.405731944254844734e+02 -3.394751601968209798e+02 -3.396438069730828033e+02
0.000000000000000000e+00 0.000000000000000000e+00 0.000000000000000000e+00 0.000000000000000000e+00
-4.370095526550107365e+02 -4.260118073675691903e+02 -4.255963807377423223e+02 -4.253165610843140598e+02
-4.243811157458434877e+02 -4.225112932103105550e+02 -4.251490574971620049e+02 -4.224028495308770061e+02
-4.196168103386301027e+02 -4.311103831481641464e+02 -4.201918858468023927e+02 -4.203099765252192128e+02
-4.231922545689461685e+02 -4.235845524615881459e+02 -4.233563077132051831e+02 -4.230295636576406650e+02
0.000000000000000000e+00 0.000000000000000000e+00 0.000000000000000000e+00 0.000000000000000000e+00
-1.086570639500077675e+02 -1.277071162451667306e+02 -1.250614726431168435e+02 -1.254961423990779394e+02
-1.064278302250078383e+02 -1.271935303630499448e+02 -1.239592058794369507e+02 -1.251711328530968785e+02
0.000000000000000000e+00 0.000000000000000000e+00 0.000000000000000000e+00 0.000000000000000000e+00
0.000000000000000000e+00 0.000000000000000000e+00 0.000000000000000000e+00 0.000000000000000000e+00
-5.780625216594800975e+01 -5.497720912158993656e+01 -3.129106783265102720e+00 -5.760951136569045872e+01
-8.706657780346341724e+01 -7.983092279967206650e+01 -6.116164863712429067e+00 -8.429245312104137611e+01
0.000000000000000000e+00 0.000000000000000000e+00 0.000000000000000000e+00 0.000000000000000000e+00
0.000000000000000000e+00 0.000000000000000000e+00 0.000000000000000000e+00 0.000000000000000000e+00
-2.015588605739975208e+02 -2.469704568727538572e+02 -2.470600977114950751e+02 -2.521537850502692777e+02
-2.585702390352932980e+02 -2.187243774007669401e+02 -2.560760365756229930e+02 -2.552138166252783833e+02
0.000000000000000000e+00 0.000000000000000000e+00 0.000000000000000000e+00 0.000000000000000000e+00
0.000000000000000000e+00 0.000000000000000000e+00 0.000000000000000000e+00 0.000000000000000000e+00
-3.504908004167102717e+02 -3.506692785461958692e+02 -3.508477566756813530e+02 -3.517695250503228408e+02
-3.555305552717305773e+02 -3.396685154194702250e+02 -3.504058098802399854e+02 -3.524853624222100166e+02
0.000000000000000000e+00 0.000000000000000000e+00 0.000000000000000000e+00 0.000000000000000000e+00
-4.544522986890352740e+02 -4.357323293235230039e+02 -4.537313971508079931e+02 -4.523991166768437893e+02
0.000000000000000000e+00 0.000000000000000000e+00 0.000000000000000000e+00 0.000000000000000000e+00
-4.155008703151196414e+02 -4.292268134504915906e+02 -4.271788729023711539e+02 -4.226986394986824962e+02
0.000000000000000000e+00 0.000000000000000000e+00 0.000000000000000000e+00 0.000000000000000000e+00
-1.013661406698287379e+02 -1.014359310194789430e+02 -1.015057213691291622e+02 -1.022218413141650331e+02
-1.035013801527059769e+02 -1.089448891421177166e+02 -1.013139703598287440e+02 -1.038534747214633285e+02
-1.012111911528948269e+02 -1.084001026340977489e+02 -1.016097299832477603e+02 -9.992973829000719377e+01
-1.011442568300077909e+02 -1.011742268400078046e+02 -1.027866762100078120e+02 -7.167356005723192425e+01
-5.813850531053248716e+01 -2.908513971846484480e+01 -7.384340383000474617e+01 -5.711373747542226909e+01
-8.000288921000428388e+01 -5.364697665528443338e+01 -6.583785210480667160e+01 -9.681069844379823053e+01
-1.185218723739778284e+02 -1.220410783190319961e+02 -1.105021511680348851e+02 -1.194740986265685621e+02
-1.500733824851210443e+02 -1.493261100810224207e+02 -1.738270999088788358e+02 -1.484466996894088311e+02
-1.640195663263523329e+02 -1.627904175892405476e+02 -1.973397775103320555e+02 -1.632548262645160548e+02
-1.707377540833439866e+02 -1.969426057627693751e+02 -1.703086712610589757e+02 -1.998905370962072823e+02
-2.469823098909589021e+02 -2.082122330632238345e+02 -1.973045132508351287e+02 -2.156603095322086858e+02
-2.219186567554717158e+02 -2.120767503376256684e+02 -2.112005304940221038e+02 -2.117797636839454469e+02
0.000000000000000000e+00 0.000000000000000000e+00 0.000000000000000000e+00 0.000000000000000000e+00
0.000000000000000000e+00 0.000000000000000000e+00 0.000000000000000000e+00 0.000000000000000000e+00
-3.586409890760474468e+02 -3.483618126504600241e+02 -3.557128909848966032e+02 -3.507711823036165697e+02
0.000000000000000000e+00 0.000000000000000000e+00 0.000000000000000000e+00 0.000000000000000000e+00
-4.547691533022604062e+02 -4.503626003205476991e+02 -4.487259290693795606e+02 -4.551742408369840973e+02
-4.034201862736321686e+02 -4.177255606157773400e+02 -4.517720983965317600e+02 -4.218483405292869293e+02
-4.116987568496305698e+02 -4.230407676462394875e+02 -4.103579884158443747e+02 -4.115069951437376403e+02
-4.137352871320970280e+02 -4.134368553149903391e+02 -4.137945352720760184e+02 -4.133159075915484664e+02
0.000000000000000000e+00 0.000000000000000000e+00 0.000000000000000000e+00 0.000000000000000000e+00
-1.042604353689603016e+02 -1.050977951086904056e+02 -1.041573664665650085e+02 -1.035641792827059930e+02
0.000000000000000000e+00 0.000000000000000000e+00 0.000000000000000000e+00 0.000000000000000000e+00
0.000000000000000000e+00 0.000000000000000000e+00 0.000000000000000000e+00 0.000000000000000000e+00
-8.046851342896228232e+01 -6.307016978923455497e+01 -7.848259480239850916e+01 -7.853249490234851748e+01
0.000000000000000000e+00 0.000000000000000000e+00 0.000000000000000000e+00 0.000000000000000000e+00
0.000000000000000000e+00 0.000000000000000000e+00 0.000000000000000000e+00 0.000000000000000000e+00
-1.524328676342514655e+02 -1.524553621189390640e+02 -1.518620831639668438e+02 -1.539676355668354972e+02
-1.634577159406177316e+02 -1.968397804246623650e+02 -1.623767621073903626e+02 -1.623643547037397639e+02
-1.738079647756624126e+02 -1.738287894327756931e+02 -2.109936713165321294e+02 -1.756814708591241185e+02
-2.109757289308643635e+02 -2.121630222202551579e+02 -2.226044298149865028e+02 -2.074632505850879340e+02
-2.460206694185836511e+02 -2.118152163793538705e+02 -2.145712602556452282e+02 -2.114701981600137515e+02
-2.216732224101783686e+02 -2.213294704085026865e+02 -2.208678226511350999e+02 -2.209503785715093898e+02
0.000000000000000000e+00 0.000000000000000000e+00 0.000000000000000000e+00 0.000000000000000000e+00
-3.625354666149588638e+02 -3.518500860314721308e+02 -3.647330949091644356e+02 -3.684994627728036676e+02
-3.776682309785181246e+02 -3.685114867435855786e+02 -3.674544719860598434e+02 -3.688478798642421452e+02
0.000000000000000000e+00 0.000000000000000000e+00 0.000000000000000000e+00 0.000000000000000000e+00
-3.949014850434484174e+02 -4.109501563004186551e+02 -4.080254395973336727e+02 -4.083308342343755157e+02
0.000000000000000000e+00 0.000000000000000000e+00 0.000000000000000000e+00 0.000000000000000000e+00
-4.136349151454792832e+02 -4.140741674875951617e+02 -4.140135123886585120e+02 -4.135722401903204855e+02
-1.052950909275293441e+02 -1.039790889754935819e+02 -1.055466322864799764e+02 -1.055997147539961816e+02
-1.028393363929983906e+02 -1.038309456442858334e+02 -1.052281008719293567e+02 -1.053623494706753263e+02
-1.046406553827465729e+02 -1.051192169619868793e+02 -1.063505876868702273e+02 -1.056688748971842102e+02
-1.044276670447501516e+02 -1.035421043234462104e+02 -1.076643101953644504e+02 -1.067229968354588578e+02
-1.074220350365502270e+02 -9.187986616815447860e+01 -1.053162798845395969e+02 -1.029461829893018745e+02
-1.173687943879132973e+02 -1.173205106766944823e+02 -1.128868017589399813e+02 -1.182347258045505072e+02
-1.318381891010116647e+02 -1.312773698303314518e+02 -1.286486455187985882e+02 -1.312451398396291609e+02
-1.449693758411137026e+02 -1.452743463753083120e+02 -1.425336237080080650e+02 -1.479065423727442408e+02
-1.627221727889136957e+02 -1.627184947865682716e+02 -1.584000280776092779e+02 -1.645041244206184672e+02
-1.975578012582512883e+02 -1.727702321897366460e+02 -1.705124948437796206e+02 -2.045450639082006035e+02
-2.098646281645521015e+02 -2.144967693003381726e+02 -1.917502309458935770e+02 -2.154881240093685904e+02
-2.567132060456897307e+02 -2.431716022097137113e+02 -2.106708959111242052e+02 -2.397498877328679328e+02
0.000000000000000000e+00 0.000000000000000000e+00 0.000000000000000000e+00 0.000000000000000000e+00
-3.381864978862599287e+02 -3.396518797264469072e+02 -3.398303578559323341e+02 -3.537939131251710023e+02
-3.430440843562434452e+02 -3.538869073282003797e+02 -3.474560183216081555e+02 -3.664402796375716207e+02
-3.712489817690558311e+02 -3.712451586334978515e+02 -3.572128184399039696e+02 -3.849651477272068973e+02
-3.905563943155459015e+02 -3.944182770197164132e+02 -3.706681679979669752e+02 -3.979278763797667011e+02
-3.989832671665007524e+02 -4.065414213324885964e+02 -3.838618144560344376e+02 -4.003467815562826218e+02
-4.080952937708715353e+02 -4.083520696220270452e+02 -4.066863840772213621e+02 -4.077582642315090879e+02
-4.124095534095584412e+02 -4.124792263154018315e+02 -4.122735549923385179e+02 -4.121805166275360079e+02
-1.053472612375293380e+02 -1.054405967966149262e+02 -1.071536184923062365e+02 -1.072561063319073327e+02
-1.070493248475114285e+02 -1.080089862852096871e+02 -1.070966652133062382e+02 -1.073130596109073451e+02
0.000000000000000000e+00 0.000000000000000000e+00 0.000000000000000000e+00 0.000000000000000000e+00
-1.074694009605216820e+02 -1.075016781881440124e+02 -1.080007495934592043e+02 -1.080631638132730359e+02
-1.101478333632609861e+02 -1.102523712350540848e+02 -1.105860516653598324e+02 -1.107686744799451901e+02
-1.149187894156103482e+02 -1.155067504953002810e+02 -1.145849202774412845e+02 -1.145530496668584703e+02
0.000000000000000000e+00 0.000000000000000000e+00 0.000000000000000000e+00 0.000000000000000000e+00
0.000000000000000000e+00 0.000000000000000000e+00 0.000000000000000000e+00 0.000000000000000000e+00
-1.670985312201779323e+02 -1.675514166080930920e+02 -1.674870256666453940e+02 -1.672813209165026365e+02
-1.933640239983946856e+02 -1.966976285571653875e+02 -1.697608571417236192e+02 -1.931658105924239521e+02
0.000000000000000000e+00 0.000000000000000000e+00 0.000000000000000000e+00 0.000000000000000000e+00
-2.809063316017625311e+02 -2.362417318648216167e+02 -2.862025833085934892e+02 -2.946032258845665979e+02
-3.071991352378919373e+02 -3.102508664636249591e+02 -2.685623487679041546e+02 -3.245940143473961257e+02
-3.332579339465861494e+02 -3.453801362374545647e+02 -3.005586857236044125e+02 -3.366989466402868061e+02
-3.456851162889181523e+02 -3.489894572850873828e+02 -3.256983659330742285e+02 -3.452406303886294836e+02
0.000000000000000000e+00 0.000000000000000000e+00 0.000000000000000000e+00 0.000000000000000000e+00
-3.583766218787943103e+02 -3.969827305132532160e+02 -3.948591292918536624e+02 -3.950768346189661884e+02
0.000000000000000000e+00 0.000000000000000000e+00 0.000000000000000000e+00 0.000000000000000000e+00
0.000000000000000000e+00 0.000000000000000000e+00 0.000000000000000000e+00 0.000000000000000000e+00
-4.137454529001429364e+02 -4.143873620965514988e+02 -4.145343755583241432e+02 -4.137118179540880192e+02
