-3.019194872043464670e+02 -3.021476791769147212e+02 -3.022472303748171498e+02 -2.994362177905102271e+02
0.000000000000000000e+00 0.000000000000000000e+00 0.000000000000000000e+00 0.000000000000000000e+00
-4.873791205881814648e+01 -4.879776225866820027e+01 -4.850795818716764529e+01 -4.888184902381033226e+01
-1.822699054276477426e+01 -4.870856061013761007e+01 -4.744446029765816775e+01 -5.053534101237738696e+01
-7.385793776756702300e+01 -7.387886169855053708e+01 -4.545069113555439344e+01 -7.450646937915755075e+01
0.000000000000000000e+00 0.000000000000000000e+00 0.000000000000000000e+00 0.000000000000000000e+00
-4.224702581630256759e+02 -4.203785424112319333e+02 -4.226277950218035357e+02 -4.264329032396730668e+02
-4.323902243634798879e+02 -4.316172635716882269e+02 -4.318575286584767809e+02 -4.388218912161702292e+02
-4.464473860543132560e+02 -4.391673302028056582e+02 -4.398026525343108233e+02 -4.442860293427133342e+02
-4.418045215886519372e+02 -4.419929494616203556e+02 -4.456156271337003432e+02 -4.390796341288881877e+02
-4.400724362371176994e+02 -4.360584216780027305e+02 -4.382457212432011033e+02 -4.361975449697671365e+02
0.000000000000000000e+00 0.000000000000000000e+00 0.000000000000000000e+00 0.000000000000000000e+00
0.000000000000000000e+00 0.000000000000000000e+00 0.000000000000000000e+00 0.000000000000000000e+00
-1.088313076031234004e+03 -1.049311155344230883e+03 -1.049558178218260537e+03 -1.060953147809595066e+03
-1.066542784906921497e+03 -1.059556485052768494e+03 -1.077094794140759177e+03 -1.066171061312831171e+03
0.000000000000000000e+00 0.000000000000000000e+00 0.000000000000000000e+00 0.000000000000000000e+00
0.000000000000000000e+00 0.000000000000000000e+00 0.000000000000000000e+00 0.000000000000000000e+00
-1.108076066394558438e+03 -1.103147629208798662e+03 -1.103404405059954115e+03 -1.081971385503683450e+03
-1.018572757431830837e+03 -1.065339756268848305e+03 -1.103541427231848957e+03 -1.065742982980731313e+03
0.000000000000000000e+00 0.000000000000000000e+00 0.000000000000000000e+00 0.000000000000000000e+00
0.000000000000000000e+00 0.000000000000000000e+00 0.000000000000000000e+00 0.000000000000000000e+00
0.000000000000000000e+00 0.000000000000000000e+00 0.000000000000000000e+00 0.000000000000000000e+00
-1.376238059965053935e+03 -1.352890737069631314e+03 -1.365661056083508811e+03 -1.365931402199758395e+03
0.000000000000000000e+00 0.000000000000000000e+00 0.000000000000000000e+00 0.000000000000000000e+00
0.000000000000000000e+00 0.000000000000000000e+00 0.000000000000000000e+00 0.000000000000000000e+00
-1.405523667785774933e+03 -1.379451731734162195e+03 -1.395152171057779924e+03 -1.393766747219684476e+03
0.000000000000000000e+00 0.000000000000000000e+00 0.000000000000000000e+00 0.000000000000000000e+00
-1.387046249424052348e+03 -1.387351644061094476e+03 -1.387616181300284097e+03 -1.388161880436598722e+03
-1.396321925589674265e+03 -1.386425697410103794e+03 -1.386949266963866421e+03 -1.388258065232354284e+03
0.000000000000000000e+00 0.000000000000000000e+00 0.000000000000000000e+00 0.000000000000000000e+00
-2.960520737607678257e+02 -2.973924797170515149e+02 -2.981997673030226110e+02 -2.984153292534084585e+02
-2.924455571213038070e+02 -2.950658802684751549e+02 -2.967299505192102060e+02 -2.953841943230295328e+02
0.000000000000000000e+00 0.000000000000000000e+00 0.000000000000000000e+00 0.000000000000000000e+00
0.000000000000000000e+00 0.000000000000000000e+00 0.000000000000000000e+00 0.000000000000000000e+00
-1.000817509040141431e+02 -7.296009997719379214e+01 -1.049500000000108457e+02 -9.584750288018713604e+01
0.000000000000000000e+00 0.000000000000000000e+00 0.000000000000000000e+00 0.000000000000000000e+00
-4.119171797711782119e+02 -4.149391252103867487e+02 -4.122584373289507766e+02 -4.132845839306099265e+02
-4.303417422581637766e+02 -4.308668548101233569e+02 -4.335789652898386635e+02 -4.332015668996728550e+02
-4.435640339474624056e+02 -4.449854426202175546e+02 -4.483212527893497850e+02 -4.472524531452033330e+02
0.000000000000000000e+00 0.000000000000000000e+00 0.000000000000000000e+00 0.000000000000000000e+00
-4.477145025653412631e+02 -4.468432715275124565e+02 -4.427802377088746084e+02 -4.428995799039323629e+02
0.000000000000000000e+00 0.000000000000000000e+00 0.000000000000000000e+00 0.000000000000000000e+00
-1.067179602863321634e+03 -1.087589466386463755e+03 -1.087846242237619208e+03 -1.088266255021819688e+03
-1.092036709740641527e+03 -1.060268211623023490e+03 -1.087495927468352875e+03 -1.088359793939930341e+03
0.000000000000000000e+00 0.000000000000000000e+00 0.000000000000000000e+00 0.000000000000000000e+00
-1.102212488391778834e+03 -1.098417684549088790e+03 -1.098674460400244016e+03 -1.084850755647183178e+03
-1.080294905065932198e+03 -1.080870882515488574e+03 -1.102468721522634041e+03 -1.077685272973873225e+03
-1.073112195967295520e+03 -1.090377511261212931e+03 -1.103414519908528518e+03 -1.050486906656165274e+03
0.000000000000000000e+00 0.000000000000000000e+00 0.000000000000000000e+00 0.000000000000000000e+00
-1.265617783753942604e+03 -1.257963026463083679e+03 -1.258258775279134625e+03 -1.258520378829541187e+03
0.000000000000000000e+00 0.000000000000000000e+00 0.000000000000000000e+00 0.000000000000000000e+00
0.000000000000000000e+00 0.000000000000000000e+00 0.000000000000000000e+00 0.000000000000000000e+00
-1.331376785882053809e+03 -1.359182424916861237e+03 -1.349431478653753175e+03 -1.371255752925781735e+03
-1.370934976057427775e+03 -1.374863596826330422e+03 -1.339315981855096652e+03 -1.382130924166864133e+03
-1.399299516392307851e+03 -1.388722674411627395e+03 -1.345413420470885285e+03 -1.379198806143573165e+03
-1.395056760359104373e+03 -1.386874688318546532e+03 -1.352085039309343301e+03 -1.373872603522724376e+03
-1.370860983301236502e+03 -1.383940817239868466e+03 -1.392896450093680869e+03 -1.384411185141344504e+03
0.000000000000000000e+00 0.000000000000000000e+00 0.000000000000000000e+00 0.000000000000000000e+00
-1.393628913875951412e+03 -1.386995086771772776e+03 -1.384773759110883930e+03 -1.339427743040088899e+03
-1.389008676976761762e+03 -1.383869931620225088e+03 -1.331074845454179922e+03 -1.384320890902355814e+03
-3.000233066518279657e+02 -2.994727775876181681e+02 -2.986102634177497634e+02 -2.957425179217582354e+02
-2.590059412748638579e+02 -2.869597568114767796e+02 -2.875989543395471060e+02 -1.733555927021642447e+02
-1.734719020327111139e+02 -1.277496383521407495e+02 -2.504302696292866131e+02 -1.119414173444221916e+01
-1.820497708161724972e+02 -5.661598341367713338e+00 -1.590477409784351721e+02 -1.824978084327035504e+02
-1.800762255132036103e+02 -1.061074237843088355e+02 -1.957384372636426519e+02 -2.044101038423140437e+02
-2.946166578173696848e+02 -2.935186377386613685e+02 -1.713854457805117590e+02 -2.952137224216928075e+02
-3.742539208651865010e+02 -3.765300849915024628e+02 -2.599939861521037869e+02 -3.790106992730983961e+02
0.000000000000000000e+00 0.000000000000000000e+00 0.000000000000000000e+00 0.000000000000000000e+00
-4.593185361049421545e+02 -4.596463931154045213e+02 -4.612273456032620516e+02 -4.561014868310568318e+02
-4.600159155320452555e+02 -4.585860883727337409e+02 -4.610950755945743254e+02 -4.710813610848301778e+02
-4.595643322629562704e+02 -4.597631097251471033e+02 -4.621631690180840906e+02 -4.618760005685861643e+02
0.000000000000000000e+00 0.000000000000000000e+00 0.000000000000000000e+00 0.000000000000000000e+00
-1.066531355261356111e+03 -1.067014631227938480e+03 -1.067272423883444617e+03 -1.075597392631591674e+03
-1.065929831422161442e+03 -1.072261039665150975e+03 -1.066438534241233128e+03 -1.090341177424020088e+03
-1.069909976316856046e+03 -1.093018981333062129e+03 -1.069924621023772488e+03 -1.092934607685416267e+03
-1.101912257445234673e+03 -1.088790073570505683e+03 -1.075270360117167456e+03 -1.039528451703930386e+03
0.000000000000000000e+00 0.000000000000000000e+00 0.000000000000000000e+00 0.000000000000000000e+00
-1.098017498045065622e+03 -1.097691666724526840e+03 -1.053344703348130906e+03 -1.051266455285238862e+03
0.000000000000000000e+00 0.000000000000000000e+00 0.000000000000000000e+00 0.000000000000000000e+00
-1.267698545734962636e+03 -1.257065152994445270e+03 -1.266215478338932826e+03 -1.266481997414236957e+03
0.000000000000000000e+00 0.000000000000000000e+00 0.000000000000000000e+00 0.000000000000000000e+00
-1.338310499487742618e+03 -1.359422110344054317e+03 -1.359708086647727214e+03 -1.367331063460235328e+03
-1.341039995797816118e+03 -1.359885492699871747e+03 -1.344248036549440258e+03 -1.323875101590167333e+03
0.000000000000000000e+00 0.000000000000000000e+00 0.000000000000000000e+00 0.000000000000000000e+00
-1.393513354205557789e+03 -1.392065097620414690e+03 -1.393886756751669964e+03 -1.404094377029035968e+03
-1.395070652007931130e+03 -1.352826907038849868e+03 -1.396408264048038518e+03 -1.393633661828368531e+03
-1.387896292064649742e+03 -1.385809184022356476e+03 -1.398605619597575469e+03 -1.365132535337762192e+03
-1.351583181097619672e+03 -1.362627096919514315e+03 -1.389078287947336776e+03 -1.374409370092341305e+03
-1.391099580764623397e+03 -1.385403612589856721e+03 -1.392290394392414782e+03 -1.378264719237402460e+03
-1.369449256255221371e+03 -1.374488313827161619e+03 -1.387351048584584532e+03 -1.378655910019892190e+03
-3.108282719578984370e+02 -3.113499646689671749e+02 -3.106196665188552402e+02 -1.510143375294511827e+02
-2.582559653617882987e+02 -2.828026501421379066e+02 -2.911425413098406239e+02 -2.174733175617605241e+01
-2.511309194121030544e+02 -1.656045264988976840e+01 -2.329905113084496122e+02 -2.761664421219485348e+02
-2.791372449572891696e+02 -2.797705322126149099e+02 -7.290327375746450400e+01 -2.793315142558379875e+02
0.000000000000000000e+00 0.000000000000000000e+00 0.000000000000000000e+00 0.000000000000000000e+00
0.000000000000000000e+00 0.000000000000000000e+00 0.000000000000000000e+00 0.000000000000000000e+00
-4.086427366573849440e+02 -3.385752867291170105e+02 -4.065604123412641684e+02 -4.066995059712741067e+02
0.000000000000000000e+00 0.000000000000000000e+00 0.000000000000000000e+00 0.000000000000000000e+00
-4.693953653677148168e+02 -4.707558913546041595e+02 -4.662804253321979218e+02 -4.661662633646373024e+02
-4.655471528783369877e+02 -4.669826013391823949e+02 -4.663544932288496625e+02 -4.658866789130754569e+02
-4.630354163791904512e+02 -4.643592665377468620e+02 -4.704967646515315778e+02 -4.635630805101205851e+02
0.000000000000000000e+00 0.000000000000000000e+00 0.000000000000000000e+00 0.000000000000000000e+00
0.000000000000000000e+00 0.000000000000000000e+00 0.000000000000000000e+00 0.000000000000000000e+00
0.000000000000000000e+00 0.000000000000000000e+00 0.000000000000000000e+00 0.000000000000000000e+00
0.000000000000000000e+00 0.000000000000000000e+00 0.000000000000000000e+00 0.000000000000000000e+00
-1.099086537758932991e+03 -1.071615677810283842e+03 -1.015697886624749913e+03 -1.015901420745497262e+03
0.000000000000000000e+00 0.000000000000000000e+00 0.000000000000000000e+00 0.000000000000000000e+00
0.000000000000000000e+00 0.000000000000000000e+00 0.000000000000000000e+00 0.000000000000000000e+00
-1.266981818719129251e+03 -1.267228841593158677e+03 -1.267475864467189240e+03 -1.278408826683818006e+03
-1.239026482914050121e+03 -1.257020677528037595e+03 -1.266888997699006040e+03 -1.275566938975820449e+03
-1.331136674205547706e+03 -1.331393450056703159e+03 -1.248988317944835671e+03 -1.352967154256451067e+03
-1.351603783795580284e+03 -1.361637809537589419e+03 -1.333090361348535680e+03 -1.360373251652243425e+03
0.000000000000000000e+00 0.000000000000000000e+00 0.000000000000000000e+00 0.000000000000000000e+00
0.000000000000000000e+00 0.000000000000000000e+00 0.000000000000000000e+00 0.000000000000000000e+00
0.000000000000000000e+00 0.000000000000000000e+00 0.000000000000000000e+00 0.000000000000000000e+00
-1.395828447591292843e+03 -1.359026350265874953e+03 -1.361027721870726737e+03 -1.361313698174399633e+03
0.000000000000000000e+00 0.000000000000000000e+00 0.000000000000000000e+00 0.000000000000000000e+00
-1.368601849343590629e+03 -1.375196805194160788e+03 -1.315493807789869152e+03 -1.339290324995106403e+03
0.000000000000000000e+00 0.000000000000000000e+00 0.000000000000000000e+00 0.000000000000000000e+00
-1.382644417723556899e+03 -1.386660019494779590e+03 -1.310965361083579637e+03 -1.323079221410951050e+03
-3.241527103488912758e+02 -2.783881675503634483e+02 -3.241184973994207894e+02 -3.294743229925009018e+02
-2.186166592835135418e+02 -2.676388206284713789e+01 -3.263547341102167820e+02 -2.561601239871811231e+02
0.000000000000000000e+00 0.000000000000000000e+00 0.000000000000000000e+00 0.000000000000000000e+00
-3.404393408296972439e+02 -1.877795460841865349e+02 -3.372601841918701666e+02 -3.380093919993084910e+02
-3.395072650112136898e+02 -3.398870222169508111e+02 -3.413546939072173245e+02 -3.400360360570685998e+02
0.000000000000000000e+00 0.000000000000000000e+00 0.000000000000000000e+00 0.000000000000000000e+00
-4.388527581082280449e+02 -3.943088883818916202e+02 -4.390610855668205659e+02 -4.401060726411760697e+02
-4.606992155545239029e+02 -4.589091076906740909e+02 -4.313170988388983460e+02 -4.621588829541594805e+02
-4.769109981934495863e+02 -4.764188137754263153e+02 -4.564311264410673630e+02 -4.763837213430774682e+02
0.000000000000000000e+00 0.000000000000000000e+00 0.000000000000000000e+00 0.000000000000000000e+00
-4.798068363849869797e+02 -4.783404675730847657e+02 -4.781056435002826106e+02 -4.797937757725362076e+02
0.000000000000000000e+00 0.000000000000000000e+00 0.000000000000000000e+00 0.000000000000000000e+00
-1.096763904141516377e+03 -1.033030492304968675e+03 -1.033277515178998328e+03 -1.099779481683486665e+03
-1.095408841450826003e+03 -1.089292943566883650e+03 -1.084631971515701252e+03 -1.098000299992279679e+03
-1.105215483240241610e+03 -1.096623377593464966e+03 -1.090909734761098207e+03 -1.066524852097136318e+03
-1.042140368331230547e+03 -1.083188772099204698e+03 -1.098032055284367289e+03 -1.085207025671630845e+03
-1.070591687375760102e+03 -1.070838710249789756e+03 -1.106442819139482708e+03 -1.085488296095819578e+03
-1.095766395006242647e+03 -1.106418698645574295e+03 -1.111538688898097462e+03 -1.081064173425912486e+03
0.000000000000000000e+00 0.000000000000000000e+00 0.000000000000000000e+00 0.000000000000000000e+00
-1.238762601777506688e+03 -1.261050465879967760e+03 -1.243183112501943242e+03 -1.253195664681293692e+03
0.000000000000000000e+00 0.000000000000000000e+00 0.000000000000000000e+00 0.000000000000000000e+00
0.000000000000000000e+00 0.000000000000000000e+00 0.000000000000000000e+00 0.000000000000000000e+00
0.000000000000000000e+00 0.000000000000000000e+00 0.000000000000000000e+00 0.000000000000000000e+00
-1.355779433555886499e+03 -1.352945950467254988e+03 -1.340331122276276346e+03 -1.348373547955259482e+03
-1.324348714874216967e+03 -1.350601082779046692e+03 -1.354784569098448173e+03 -1.345854862915808326e+03
-1.398410000921832761e+03 -1.357442810297176948e+03 -1.349282215497049719e+03 -1.397777882108975064e+03
-1.398270574461937031e+03 -1.398537093537241162e+03 -1.402109374333834239e+03 -1.398901044854033898e+03
0.000000000000000000e+00 0.000000000000000000e+00 0.000000000000000000e+00 0.000000000000000000e+00
0.000000000000000000e+00 0.000000000000000000e+00 0.000000000000000000e+00 0.000000000000000000e+00
-1.382870337944472340e+03 -1.388521282351609443e+03 -1.384549504686749515e+03 -1.383341842386721737e+03
0.000000000000000000e+00 0.000000000000000000e+00 0.000000000000000000e+00 0.000000000000000000e+00
-2.619940124784755540e+02 -3.162643649113971023e+01 -2.644153536713758967e+02 -3.275760685104344248e+02
0.000000000000000000e+00 0.000000000000000000e+00 0.000000000000000000e+00 0.000000000000000000e+00
-3.910772059997236738e+02 -2.893510670812819967e+02 -3.903648036624686597e+02 -3.904643548603713157e+02
0.000000000000000000e+00 0.000000000000000000e+00 0.000000000000000000e+00 0.000000000000000000e+00
0.000000000000000000e+00 0.000000000000000000e+00 0.000000000000000000e+00 0.000000000000000000e+00
0.000000000000000000e+00 0.000000000000000000e+00 0.000000000000000000e+00 0.000000000000000000e+00
0.000000000000000000e+00 0.000000000000000000e+00 0.000000000000000000e+00 0.000000000000000000e+00
-5.025506537135574945e+02 -4.767511991414841646e+02 -4.989684743015106392e+02 -4.976816753103560700e+02
-4.901149611142078015e+02 -4.902441839670707395e+02 -4.921001840329827246e+02 -4.906983546148809410e+02
-4.850672760827138745e+02 -4.847083413424545029e+02 -4.865195167481352883e+02 -4.851010881093530998e+02
0.000000000000000000e+00 0.000000000000000000e+00 0.000000000000000000e+00 0.000000000000000000e+00
0.000000000000000000e+00 0.000000000000000000e+00 0.000000000000000000e+00 0.000000000000000000e+00
0.000000000000000000e+00 0.000000000000000000e+00 0.000000000000000000e+00 0.000000000000000000e+00
-1.104076628398957837e+03 -1.079857288509423825e+03 -1.104247916556145128e+03 -1.019073766173460854e+03
0.000000000000000000e+00 0.000000000000000000e+00 0.000000000000000000e+00 0.000000000000000000e+00
0.000000000000000000e+00 0.000000000000000000e+00 0.000000000000000000e+00 0.000000000000000000e+00
-1.105905146943262935e+03 -1.106325159727463415e+03 -1.096022734662117500e+03 -1.099861487044158821e+03
0.000000000000000000e+00 0.000000000000000000e+00 0.000000000000000000e+00 0.000000000000000000e+00
-1.227483362048242043e+03 -1.264064793681631272e+03 -1.265534356878750259e+03 -1.263110389317812405e+03
0.000000000000000000e+00 0.000000000000000000e+00 0.000000000000000000e+00 0.000000000000000000e+00
-1.298637369848352591e+03 -1.281873649365163828e+03 -1.282188738607567757e+03 -1.282503827849972822e+03
0.000000000000000000e+00 0.000000000000000000e+00 0.000000000000000000e+00 0.000000000000000000e+00
-1.348127388513855294e+03 -1.348779331296604823e+03 -1.350108653421936197e+03 -1.355279598741079099e+03
-1.353829659583928333e+03 -1.313829342960837494e+03 -1.350443728057946828e+03 -1.345116714773846070e+03
-1.389546531153433307e+03 -1.357646146304387457e+03 -1.349775664234590749e+03 -1.356606209470021440e+03
0.000000000000000000e+00 0.000000000000000000e+00 0.000000000000000000e+00 0.000000000000000000e+00
-1.394278710262605046e+03 -1.394584104899647855e+03 -1.394889499536689527e+03 -1.402546223948476609e+03
-1.441358010237067901e+03 -1.378254254623978113e+03 -1.394182525466850166e+03 -1.416697536463004099e+03
0.000000000000000000e+00 0.000000000000000000e+00 0.000000000000000000e+00 0.000000000000000000e+00
0.000000000000000000e+00 0.000000000000000000e+00 0.000000000000000000e+00 0.000000000000000000e+00
-3.040152667414114376e+02 -3.634818145741641615e+01 -3.432130034695725840e+02 -3.779424700354795732e+02
-4.535146782559877465e+02 -2.628502877699824012e+02 -4.093599708708556761e+01 -4.371615176984749951e+02
-4.393629585940224160e+02 -3.648167285013660148e+02 -4.414272509196381975e+02 -4.350198961777264799e+02
0.000000000000000000e+00 0.000000000000000000e+00 0.000000000000000000e+00 0.000000000000000000e+00
-6.138080931235920161e+02 -6.117550696702859341e+02 -6.119138752521297420e+02 -6.042631763669827478e+02
-5.970369658423334158e+02 -5.970132536725911905e+02 -5.976438877155026148e+02 -5.845163724792530502e+02
-5.885498350899672459e+02 -5.880176771427805988e+02 -5.868134363868534820e+02 -5.336605526371411088e+02
-5.377668675087488737e+02 -5.006559287090689168e+02 -5.414977645329446432e+02 -5.392364511620586427e+02
0.000000000000000000e+00 0.000000000000000000e+00 0.000000000000000000e+00 0.000000000000000000e+00
-4.915942577936223756e+02 -4.915796821951518041e+02 -4.921414421033454119e+02 -4.913709434460948273e+02
0.000000000000000000e+00 0.000000000000000000e+00 0.000000000000000000e+00 0.000000000000000000e+00
-1.107007205847796968e+03 -1.107263981698952648e+03 -1.107520757550108328e+03 -1.112627791859263652e+03
-1.103194398031823312e+03 -1.103451173882978992e+03 -1.106913666929686315e+03 -1.110706977299055097e+03
-1.077699128554750814e+03 -1.082470202760328675e+03 -1.101407254513495445e+03 -1.109374739181048426e+03
-1.102506469899728700e+03 -1.058970858844229952e+03 -1.078961597981608520e+03 -1.076875213390542967e+03
0.000000000000000000e+00 0.000000000000000000e+00 0.000000000000000000e+00 0.000000000000000000e+00
0.000000000000000000e+00 0.000000000000000000e+00 0.000000000000000000e+00 0.000000000000000000e+00
-1.238350002167084995e+03 -1.238572377424699425e+03 -1.238853653420593446e+03 -1.241823642680558123e+03
-1.218035446202386083e+03 -1.257021944071680991e+03 -1.238252976464573067e+03 -1.225246009795315331e+03
0.000000000000000000e+00 0.000000000000000000e+00 0.000000000000000000e+00 0.000000000000000000e+00
-1.367364967492950200e+03 -1.286961973903995158e+03 -1.362154836519600849e+03 -1.333307675360150142e+03
-1.342701230089289766e+03 -1.331113316593065292e+03 -1.372859372185407210e+03 -1.346280919921416171e+03
-1.354285270205695952e+03 -1.347273832579036480e+03 -1.385926832603428693e+03 -1.345744263000864521e+03
-1.349525056710975605e+03 -1.334216628082160696e+03 -1.389554752220412865e+03 -1.355488122272846795e+03
-1.381615678122804866e+03 -1.355869811184385526e+03 -1.402186204499644418e+03 -1.370999826251107606e+03
-1.356529533729899413e+03 -1.352745181260263507e+03 -1.387266809451779409e+03 -1.353932093087059002e+03
0.000000000000000000e+00 0.000000000000000000e+00 0.000000000000000000e+00 0.000000000000000000e+00
-1.433319003825068648e+03 -1.416010872745614506e+03 -1.440024886175339816e+03 -1.447758546752726716e+03
-1.450818858819135357e+03 -1.448540983356925608e+03 -1.438867721132707629e+03 -1.449011031171451350e+03
0.000000000000000000e+00 0.000000000000000000e+00 0.000000000000000000e+00 0.000000000000000000e+00
0.000000000000000000e+00 0.000000000000000000e+00 0.000000000000000000e+00 0.000000000000000000e+00
-4.562505741054619648e+02 -4.539291768683329309e+01 -3.462850524112317885e+02 -4.803762848243763983e+02
-5.009251120331264246e+02 -4.282641635471649124e+02 -4.979079082211304126e+02 -4.827095299400769477e+02
0.000000000000000000e+00 0.000000000000000000e+00 0.000000000000000000e+00 0.000000000000000000e+00
-6.235026312446821066e+02 -6.170646850407823649e+02 -6.208758424632749211e+02 -6.208864288678234971e+02
0.000000000000000000e+00 0.000000000000000000e+00 0.000000000000000000e+00 0.000000000000000000e+00
-6.112781264273925217e+02 -5.787418067805789406e+02 -6.106731268592224069e+02 -6.109620813956023540e+02
0.000000000000000000e+00 0.000000000000000000e+00 0.000000000000000000e+00 0.000000000000000000e+00
0.000000000000000000e+00 0.000000000000000000e+00 0.000000000000000000e+00 0.000000000000000000e+00
0.000000000000000000e+00 0.000000000000000000e+00 0.000000000000000000e+00 0.000000000000000000e+00
0.000000000000000000e+00 0.000000000000000000e+00 0.000000000000000000e+00 0.000000000000000000e+00
0.000000000000000000e+00 0.000000000000000000e+00 0.000000000000000000e+00 0.000000000000000000e+00
0.000000000000000000e+00 0.000000000000000000e+00 0.000000000000000000e+00 0.000000000000000000e+00
0.000000000000000000e+00 0.000000000000000000e+00 0.000000000000000000e+00 0.000000000000000000e+00
-1.108644530721543106e+03 -1.066542136492436839e+03 -1.058144062278571710e+03 -1.092409142121991636e+03
-1.100726306642015288e+03 -1.100983082493170969e+03 -1.112108263473612624e+03 -1.075716741333194477e+03
-1.057575730715773943e+03 -1.057796120678216312e+03 -1.100865429142601897e+03 -1.058084297237850024e+03
0.000000000000000000e+00 0.000000000000000000e+00 0.000000000000000000e+00 0.000000000000000000e+00
-1.192378167273789359e+03 -1.242089426166117846e+03 -1.221724503632890674e+03 -1.221981279484046354e+03
0.000000000000000000e+00 0.000000000000000000e+00 0.000000000000000000e+00 0.000000000000000000e+00
-1.346133454982151306e+03 -1.329999013143034517e+03 -1.304853540110264248e+03 -1.298164222640226399e+03
0.000000000000000000e+00 0.000000000000000000e+00 0.000000000000000000e+00 0.000000000000000000e+00
0.000000000000000000e+00 0.000000000000000000e+00 0.000000000000000000e+00 0.000000000000000000e+00
0.000000000000000000e+00 0.000000000000000000e+00 0.000000000000000000e+00 0.000000000000000000e+00
-1.356992001620253859e+03 -1.405083891873633547e+03 -1.364789211243262798e+03 -1.376696855108673617e+03
-1.416939428024241806e+03 -1.370852796952864765e+03 -1.385664821047478426e+03 -1.419216725724785420e+03
-1.446475196054454955e+03 -1.435907071065560785e+03 -1.424117450174852820e+03 -1.370865740965075474e+03
-1.452810816148436743e+03 -1.424442482109382127e+03 -1.371307199812155204e+03 -1.439218255559076397e+03
-1.449125681588583120e+03 -1.439606368517178907e+03 -1.424587523805607361e+03 -1.353665520905658695e+03
0.000000000000000000e+00 0.000000000000000000e+00 0.000000000000000000e+00 0.000000000000000000e+00
-5.648368698397415528e+02 -5.609862187293051647e+02 -5.614290997462594532e+02 -5.101023114148994182e+02
-4.856066743802666110e+02 -4.972032668756013152e+01 -5.397120834098016076e+02 -3.716830473111982656e+02
-3.847446568305851997e+02 -4.999721401354468071e+02 -5.391952314813485714e+01 -4.271889106758956132e+02
-6.088867140790852091e+02 -5.680946499620683880e+02 -5.798445403431822598e+01 -5.053021223643992812e+02
-5.614303410435875321e+02 -6.249563907103106430e+02 -6.191276308501841896e+01 -4.768402995051374091e+02
0.000000000000000000e+00 0.000000000000000000e+00 0.000000000000000000e+00 0.000000000000000000e+00
-6.821687020997375157e+02 -6.119721851710733063e+02 -6.358615095273869429e+02 -6.390300486222018890e+02
-6.462823933404362151e+02 -6.478364819717761520e+02 -6.487798413321394264e+02 -6.481533019466176029e+02
0.000000000000000000e+00 0.000000000000000000e+00 0.000000000000000000e+00 0.000000000000000000e+00
-9.661056733710316848e+02 -9.659957655687777560e+02 -9.661742436982628988e+02 -9.662953537380587932e+02
0.000000000000000000e+00 0.000000000000000000e+00 0.000000000000000000e+00 0.000000000000000000e+00
-1.016763550501399095e+03 -1.035958242618890154e+03 -1.036131760761741816e+03 -1.036454873433093326e+03
-1.055174640912019868e+03 -1.029368855114241796e+03 -1.035868112605103533e+03 -1.036542715767634036e+03
0.000000000000000000e+00 0.000000000000000000e+00 0.000000000000000000e+00 0.000000000000000000e+00
-1.102046848184578721e+03 -1.067944106699111899e+03 -1.060138077174498676e+03 -1.060365564796283934e+03
0.000000000000000000e+00 0.000000000000000000e+00 0.000000000000000000e+00 0.000000000000000000e+00
0.000000000000000000e+00 0.000000000000000000e+00 0.000000000000000000e+00 0.000000000000000000e+00
0.000000000000000000e+00 0.000000000000000000e+00 0.000000000000000000e+00 0.000000000000000000e+00
-1.157647582700064959e+03 -1.222050993340703826e+03 -1.206271506103943693e+03 -1.215431735789035429e+03
0.000000000000000000e+00 0.000000000000000000e+00 0.000000000000000000e+00 0.000000000000000000e+00
-1.331587390525009141e+03 -1.303564861557650147e+03 -1.294991090760278212e+03 -1.319907108879704083e+03
-1.306626088246550353e+03 -1.307547729302902326e+03 -1.340375086096347559e+03 -1.301088823391461119e+03
0.000000000000000000e+00 0.000000000000000000e+00 0.000000000000000000e+00 0.000000000000000000e+00
0.000000000000000000e+00 0.000000000000000000e+00 0.000000000000000000e+00 0.000000000000000000e+00
-1.332545799095812754e+03 -1.365695255570144354e+03 -1.364852069966807221e+03 -1.365266959309211416e+03
0.000000000000000000e+00 0.000000000000000000e+00 0.000000000000000000e+00 0.000000000000000000e+00
-1.463607152715846269e+03 -1.437204168679400254e+03 -1.442988081749861067e+03 -1.453167236029119522e+03
-1.441003748193730189e+03 -1.450929298501967651e+03 -1.461027760985197574e+03 -1.444100601909138504e+03
-1.454561179266944464e+03 -1.430002992620365148e+03 -1.442280387707502086e+03 -1.446499694010432222e+03
-5.862991801899294160e+02 -5.868726888650890032e+02 -5.856916574327492526e+02 -5.884895798571656087e+02
-5.851757863052971516e+02 -5.830867534291344327e+02 -5.835220188143338191e+02 -4.566931636919588300e+02
-5.615793241624454595e+02 -2.199905990367049355e+02 -5.647007010713605268e+02 -5.604387454663710741e+02
0.000000000000000000e+00 0.000000000000000000e+00 0.000000000000000000e+00 0.000000000000000000e+00
-6.663129466857177476e+02 -3.532658073437849566e+02 -6.583077955702888175e+02 -6.710494059518331369e+02
-6.057921839266559800e+02 -6.570546841396603099e+01 -5.972465415828842197e+02 -4.846990998425257544e+02
-5.148059871235681157e+02 -6.406548924711117934e+02 -6.935762449325072510e+01 -6.951008541175413029e+02
-7.081775929854890137e+02 -6.497854057809095139e+02 -6.845092430040862155e+02 -6.925339183111160537e+02
-6.693812328103401796e+02 -6.507104259291373864e+02 -6.794227945175910008e+02 -6.683677802590455030e+02
0.000000000000000000e+00 0.000000000000000000e+00 0.000000000000000000e+00 0.000000000000000000e+00
-9.540944236549847801e+02 -9.543489187288914763e+02 -9.414397604186376611e+02 -9.416084071948994279e+02
0.000000000000000000e+00 0.000000000000000000e+00 0.000000000000000000e+00 0.000000000000000000e+00
-1.042982306447573137e+03 -1.016615491119672356e+03 -1.016851392835940032e+03 -1.026902525731247579e+03
-1.018205579999999600e+03 -1.036126737722441931e+03 -1.051793813937037385e+03 -1.022957002879052197e+03
-1.050377682498645754e+03 -1.050595387825758507e+03 -1.048381972824781997e+03 -1.069835996625000917e+03
-1.068158625632833719e+03 -1.065200770043069497e+03 -1.085931721605247731e+03 -1.063312130385372711e+03
0.000000000000000000e+00 0.000000000000000000e+00 0.000000000000000000e+00 0.000000000000000000e+00
-1.173261222664908928e+03 -1.165652784481581875e+03 -1.158133859805113161e+03 -1.165971400572141192e+03
0.000000000000000000e+00 0.000000000000000000e+00 0.000000000000000000e+00 0.000000000000000000e+00
-1.142337669066341505e+03 -1.184066385228123863e+03 -1.144504811477683234e+03 -1.168194929810406620e+03
0.000000000000000000e+00 0.000000000000000000e+00 0.000000000000000000e+00 0.000000000000000000e+00
-1.315504405856758922e+03 -1.278977863422557675e+03 -1.237671243384241734e+03 -1.310014331580305225e+03
-1.344010063944055446e+03 -1.321264447315336383e+03 -1.300844268390869729e+03 -1.352836766090044648e+03
-1.368351400628428109e+03 -1.365142825915023195e+03 -1.343084422915644836e+03 -1.357992566893762159e+03
0.000000000000000000e+00 0.000000000000000000e+00 0.000000000000000000e+00 0.000000000000000000e+00
-1.395202159852918157e+03 -1.340178694222920512e+03 -1.373765647540976033e+03 -1.374080736783380644e+03
0.000000000000000000e+00 0.000000000000000000e+00 0.000000000000000000e+00 0.000000000000000000e+00
-1.402790753342201697e+03 -1.443410012531114717e+03 -1.463980238869507730e+03 -1.467393585705451414e+03
-1.462297326740416793e+03 -1.440344771719145228e+03 -1.439046538486594955e+03 -1.430594306281783702e+03
-1.452189407038826175e+03 -1.442788851714045450e+03 -1.455164301289657260e+03 -1.390415185665798617e+03
-5.900668708024511488e+02 -5.916605175673216763e+02 -5.902756444458591432e+02 -5.940143439000910348e+02
-6.208015241880834765e+02 -5.639170977367807609e+02 -6.118289310883925509e+02 -6.103565752960986401e+02
0.000000000000000000e+00 0.000000000000000000e+00 0.000000000000000000e+00 0.000000000000000000e+00
-6.756129139915642554e+02 -6.679255736461244624e+02 -6.724181338519838391e+02 -7.017229827658260319e+02
-7.027582506866999665e+02 -7.033577830335542558e+02 -6.811147995823376959e+02 -6.864898720307905933e+02
0.000000000000000000e+00 0.000000000000000000e+00 0.000000000000000000e+00 0.000000000000000000e+00
-6.043428368753270661e+02 -7.286467046303761208e+01 -6.803750753253491439e+02 -7.157167539564175058e+02
-7.351440757868012952e+02 -6.939794540454932985e+02 -7.688205596130106869e+02 -7.677755949332946557e+02
0.000000000000000000e+00 0.000000000000000000e+00 0.000000000000000000e+00 0.000000000000000000e+00
-9.435850629524682063e+02 -9.294913562812198506e+02 -9.370824644323583925e+02 -9.401911686971088784e+02
-9.547192374053141748e+02 -9.371578288198395512e+02 -9.489727752721871639e+02 -9.374300842333817627e+02
0.000000000000000000e+00 0.000000000000000000e+00 0.000000000000000000e+00 0.000000000000000000e+00
-1.032624820801347369e+03 -1.014429393325268165e+03 -1.018802265558237423e+03 -1.032984218288939473e+03
-1.015905218950804965e+03 -1.008425210959275319e+03 -1.022136541896300287e+03 -1.026577534632969900e+03
0.000000000000000000e+00 0.000000000000000000e+00 0.000000000000000000e+00 0.000000000000000000e+00
-1.081478553587340230e+03 -1.064934879933450702e+03 -1.113372090291425366e+03 -1.128911495657907835e+03
-1.151171240980807397e+03 -1.157277366484686354e+03 -1.108018727205864934e+03 -1.188798706487623576e+03
-1.140937372410816351e+03 -1.159402793953707032e+03 -1.154011996544852764e+03 -1.223493064706415453e+03
-1.158536514702867635e+03 -1.158744427943220671e+03 -1.192645765465420254e+03 -1.227338737393695737e+03
-1.154017580773173449e+03 -1.168749437099620991e+03 -1.192221399855797472e+03 -1.240951017927011435e+03
-1.294256616663550403e+03 -1.294493876797713938e+03 -1.231279654402680080e+03 -1.313170324042652283e+03
-1.333650763697875618e+03 -1.269764349994813529e+03 -1.291731871403339937e+03 -1.283977563683379685e+03
0.000000000000000000e+00 0.000000000000000000e+00 0.000000000000000000e+00 0.000000000000000000e+00
-1.284672234457565537e+03 -1.351244274847156703e+03 -1.271075363707682982e+03 -1.365086014289928244e+03
-1.350554932845507210e+03 -1.371883359998915466e+03 -1.304428960276508633e+03 -1.385807956938630468e+03
-1.409716132143061941e+03 -1.384503997835052132e+03 -1.318618869816194092e+03 -1.374089946940973505e+03
-1.342909265874212906e+03 -1.370779756464375851e+03 -1.388298820596252654e+03 -1.386429984590371532e+03
0.000000000000000000e+00 0.000000000000000000e+00 0.000000000000000000e+00 0.000000000000000000e+00
-1.460926318071909918e+03 -1.438993433780148052e+03 -1.392706403052229689e+03 -1.456442766563369105e+03
-1.452274447996173421e+03 -1.457853845531449451e+03 -1.455728739490807584e+03 -1.456972171605666063e+03
0.000000000000000000e+00 0.000000000000000000e+00 0.000000000000000000e+00 0.000000000000000000e+00
-6.591139868854772885e+02 -6.075629408797485667e+02 -6.529082036923844043e+02 -6.658701862847789243e+02
-6.744620933566292251e+02 -6.706932201906308819e+02 -6.699055873209302945e+02 -6.995243224875223405e+02
-6.809942758521285668e+02 -6.894880030855632640e+02 -6.826671610157702617e+02 -7.047006852178478766e+02
-7.027757059652236649e+02 -7.272509179938015222e+02 -7.069101067669525946e+02 -7.206759149547739298e+02
-7.363368348994877124e+02 -7.366722422122340959e+02 -7.550350076688206400e+02 -5.119172065629373378e+02
-7.816783929818167280e+02 -7.622510138214893516e+01 -7.212281128060858464e+02 -7.563192655700390787e+02
-7.929310205365559341e+02 -7.918885830042981979e+02 -5.897589403294691692e+02 -8.191247753968928009e+02
-8.880406769073109672e+02 -8.881797705373206782e+02 -8.334227087376523286e+02 -9.172677797085991642e+02
-9.207637758618916450e+02 -9.266739781391859196e+02 -9.211136067429586092e+02 -9.660894559790797302e+02
-9.570179596760253844e+02 -9.502714211180397115e+02 -9.563442279304964586e+02 -9.979958257196049090e+02
-1.011297910782540271e+03 -9.943157684936074929e+02 -9.914672134822349108e+02 -1.029294382831049006e+03
-1.027575443737904152e+03 -1.013782863224860762e+03 -1.040037056517412566e+03 -1.026444147448305785e+03
-1.024924345242849540e+03 -1.007387274746488401e+03 -1.028365246320927781e+03 -1.009869155463892866e+03
0.000000000000000000e+00 0.000000000000000000e+00 0.000000000000000000e+00 0.000000000000000000e+00
-1.081290235588303403e+03 -1.103976180815948283e+03 -1.082534750333607235e+03 -1.078907128158941305e+03
0.000000000000000000e+00 0.000000000000000000e+00 0.000000000000000000e+00 0.000000000000000000e+00
-1.131957863486325778e+03 -1.155030212052707157e+03 -1.160032756326816980e+03 -1.119318239620410623e+03
0.000000000000000000e+00 0.000000000000000000e+00 0.000000000000000000e+00 0.000000000000000000e+00
0.000000000000000000e+00 0.000000000000000000e+00 0.000000000000000000e+00 0.000000000000000000e+00
0.000000000000000000e+00 0.000000000000000000e+00 0.000000000000000000e+00 0.000000000000000000e+00
-1.242462869246258833e+03 -1.273442405121035790e+03 -1.331535669284495043e+03 -1.328942670338482003e+03
-1.241970269397728316e+03 -1.242197757019514256e+03 -1.267670068207654140e+03 -1.325284489111819084e+03
-1.324694260733640476e+03 -1.351918691157617559e+03 -1.261852954667998802e+03 -1.325116603192757793e+03
0.000000000000000000e+00 0.000000000000000000e+00 0.000000000000000000e+00 0.000000000000000000e+00
-1.408035686069920757e+03 -1.333921025746909436e+03 -1.334131598652505090e+03 -1.334515716095787411e+03
0.000000000000000000e+00 0.000000000000000000e+00 0.000000000000000000e+00 0.000000000000000000e+00
-1.462195028190709309e+03 -1.453686794737742048e+03 -1.455940988959130664e+03 -1.421589222327395646e+03
-1.370549564775484214e+03 -1.434299307071043131e+03 -1.454060884543238444e+03 -1.357703370868182219e+03
0.000000000000000000e+00 0.000000000000000000e+00 0.000000000000000000e+00 0.000000000000000000e+00
-7.216538925225312369e+02 -7.197404937041206949e+02 -7.199702973565654247e+02 -7.123164480577909217e+02
-7.005679399604367745e+02 -6.387920559610631699e+02 -6.965702922649312541e+02 -6.977956171707855901e+02
-6.861071504460993538e+02 -6.839099631190382524e+02 -6.885122909892537564e+02 -6.870678068196477852e+02
-6.825319725792860481e+02 -6.875592884239986233e+02 -6.853175237431779578e+02 -6.788424658030274941e+02
0.000000000000000000e+00 0.000000000000000000e+00 0.000000000000000000e+00 0.000000000000000000e+00
0.000000000000000000e+00 0.000000000000000000e+00 0.000000000000000000e+00 0.000000000000000000e+00
-4.853456172621939118e+02 -7.943416231885862544e+01 -6.988652646508056705e+02 -8.360856620415654561e+02
-8.474242347940491982e+02 -8.400422852197220891e+02 -7.011265369935861145e+02 -8.297366568394380693e+02
0.000000000000000000e+00 0.000000000000000000e+00 0.000000000000000000e+00 0.000000000000000000e+00
-9.502659269552323167e+02 -9.186248273330071470e+02 -9.200627073451958040e+02 -9.220091158513926075e+02
-9.631926854442330068e+02 -9.652843125814819132e+02 -9.362356994968316712e+02 -9.687107424556430715e+02
-1.012128112965645300e+03 -9.951219899921863998e+02 -1.008552170830126784e+03 -9.834691583163331643e+02
-1.014627092794903092e+03 -1.037072225412771559e+03 -1.012146372258085307e+03 -1.017585369721743291e+03
-1.027308914106235306e+03 -1.017755226488443782e+03 -1.039842152528753331e+03 -1.042230356878735620e+03
-1.048116598239161931e+03 -1.065664148662699517e+03 -1.055949806464083395e+03 -1.082950800614798254e+03
-1.063664757392495858e+03 -1.100805308727858574e+03 -1.061440791098349791e+03 -1.094854013493950333e+03
0.000000000000000000e+00 0.000000000000000000e+00 0.000000000000000000e+00 0.000000000000000000e+00
-1.090935305674590609e+03 -1.144657503405531315e+03 -1.063140461446377230e+03 -1.095326095087832755e+03
-1.107928854096621762e+03 -1.062687947645321401e+03 -1.090139044956910084e+03 -1.095098445035093391e+03
0.000000000000000000e+00 0.000000000000000000e+00 0.000000000000000000e+00 0.000000000000000000e+00
0.000000000000000000e+00 0.000000000000000000e+00 0.000000000000000000e+00 0.000000000000000000e+00
-1.209584701407456578e+03 -1.260691086052274386e+03 -1.229178401439126674e+03 -1.229396106766239882e+03
0.000000000000000000e+00 0.000000000000000000e+00 0.000000000000000000e+00 0.000000000000000000e+00
0.000000000000000000e+00 0.000000000000000000e+00 0.000000000000000000e+00 0.000000000000000000e+00
-1.399484236961740407e+03 -1.403793262579088832e+03 -1.404137377508718828e+03 -1.407352819849390244e+03
-1.400982314930422717e+03 -1.344261475275460270e+03 -1.399600500376384389e+03 -1.418268553950282239e+03
-1.345001534276817210e+03 -1.338598133486694906e+03 -1.352118345898863481e+03 -1.430181949866899004e+03
-1.456668396571652920e+03 -1.434644373752634237e+03 -1.369304832972616623e+03 -1.414078255610699443e+03
0.000000000000000000e+00 0.000000000000000000e+00 0.000000000000000000e+00 0.000000000000000000e+00
-1.399779985118831974e+03 -1.384768992307549979e+03 -1.385122763122250944e+03 -1.385476533936950773e+03
-7.374145424916385991e+02 -7.334235855646246591e+02 -7.358213403917644655e+02 -7.376706215465990226e+02
-7.373342124968904727e+02 -6.744931293275266171e+02 -7.344856350343237636e+02 -7.339859509172894150e+02
0.000000000000000000e+00 0.000000000000000000e+00 0.000000000000000000e+00 0.000000000000000000e+00
0.000000000000000000e+00 0.000000000000000000e+00 0.000000000000000000e+00 0.000000000000000000e+00
-8.722356543291707567e+02 -8.723944599110143372e+02 -8.725532654928578040e+02 -8.732367737163957599e+02
-8.649877470866031217e+02 -8.719180431654832546e+02 -8.721541845310592862e+02 -6.764736076500651052e+02
-7.295809872483151821e+02 -8.249552380839097054e+01 -8.468536998085617142e+02 -8.590936095385477529e+02
-8.849004255340676082e+02 -8.790349342336626250e+02 -6.008304257692119563e+02 -8.828547144189993787e+02
-9.012083936372735025e+02 -9.086057437148352847e+02 -8.597788512153343845e+02 -9.214529362624275564e+02
-9.522049147903961739e+02 -9.374287692146884865e+02 -9.244496616717970028e+02 -9.330319278168925621e+02
-9.380258189328651497e+02 -9.503657363783170240e+02 -9.559717228973132706e+02 -9.507083615632950568e+02
0.000000000000000000e+00 0.000000000000000000e+00 0.000000000000000000e+00 0.000000000000000000e+00
0.000000000000000000e+00 0.000000000000000000e+00 0.000000000000000000e+00 0.000000000000000000e+00
-1.058518864204626652e+03 -1.057019591607289385e+03 -1.056393430120376024e+03 -1.048141864689730937e+03
-1.062240697579822154e+03 -1.082256078465857854e+03 -1.063191434312776892e+03 -1.081007114613472822e+03
-1.089978837427904182e+03 -1.083141873651807373e+03 -1.109224432827019200e+03 -1.108770775403829703e+03
-1.119581155338306871e+03 -1.118740789053892058e+03 -1.106337017648881101e+03 -1.118641821252632326e+03
-1.119204061576532240e+03 -1.094569368078974094e+03 -1.128523096306012349e+03 -1.147153403178761891e+03
-1.126815454896984647e+03 -1.089444019939885948e+03 -1.126498892303325647e+03 -1.155031236881879977e+03
-1.144874671803270530e+03 -1.145082585043622885e+03 -1.129431102261207343e+03 -1.170977315354846723e+03
-1.205367603086435793e+03 -1.188412106529445055e+03 -1.151262856549907383e+03 -1.213615573658130415e+03
-1.174407969773429386e+03 -1.225635397974480156e+03 -1.186112596376558258e+03 -1.287773258374130592e+03
-1.245439430788154368e+03 -1.289425126109176972e+03 -1.294459496202532819e+03 -1.289721089793672945e+03
0.000000000000000000e+00 0.000000000000000000e+00 0.000000000000000000e+00 0.000000000000000000e+00
0.000000000000000000e+00 0.000000000000000000e+00 0.000000000000000000e+00 0.000000000000000000e+00
-1.434428887945456381e+03 -1.417013369673733450e+03 -1.368676221784501649e+03 -1.376955473692223222e+03
-1.437049649391156436e+03 -1.351412189823940025e+03 -1.379620274214176561e+03 -1.446567824115098119e+03
-1.460344848913626265e+03 -1.374198202315052185e+03 -1.443483313590295893e+03 -1.440893956541510306e+03
-1.444714463031226842e+03 -1.442188386931933110e+03 -1.447687783758351316e+03 -1.434011414556819091e+03
-1.449599458182252647e+03 -1.384544285469266697e+03 -1.451652339506018279e+03 -1.443502200198110586e+03
-7.496264184765484515e+02 -7.492125331784029640e+02 -7.487273020452444143e+02 -7.520797526205441272e+02
-7.641460920831304975e+02 -7.066841429064560316e+02 -7.609975293990003138e+02 -7.625580849760303863e+02
0.000000000000000000e+00 0.000000000000000000e+00 0.000000000000000000e+00 0.000000000000000000e+00
-8.793819721490946222e+02 -8.771618587045555842e+02 -8.769660627714918064e+02 -8.775868639381262710e+02
0.000000000000000000e+00 0.000000000000000000e+00 0.000000000000000000e+00 0.000000000000000000e+00
0.000000000000000000e+00 0.000000000000000000e+00 0.000000000000000000e+00 0.000000000000000000e+00
-8.998619568753730391e+02 -8.541444430638769347e+01 -6.191654614953758937e+02 -8.978087827435746249e+02
-9.019562703847277589e+02 -9.059078646364328051e+02 -9.122042147515043098e+02 -8.997923833942617193e+02
-9.056272010199177203e+02 -8.996577253038030904e+02 -9.272798260590715245e+02 -9.200186914296334635e+02
-9.507895348152450197e+02 -9.270364517737076540e+02 -9.525322850517788993e+02 -9.362889438927520587e+02
-9.448830033646891025e+02 -9.507001003453785870e+02 -9.379781815140220260e+02 -9.206621728924834542e+02
-9.299323297032835853e+02 -9.301108078327689554e+02 -9.442792642167971735e+02 -9.232037185674707871e+02
0.000000000000000000e+00 0.000000000000000000e+00 0.000000000000000000e+00 0.000000000000000000e+00
-1.063125274168296755e+03 -1.077156173983701819e+03 -1.057571141877431273e+03 -1.061319854061105389e+03
0.000000000000000000e+00 0.000000000000000000e+00 0.000000000000000000e+00 0.000000000000000000e+00
-1.113761405702280854e+03 -1.126285164021780020e+03 -1.121793406935739313e+03 -1.103410594975990307e+03
-1.107984232623663274e+03 -1.108498515202167482e+03 -1.118546592206538435e+03 -1.121981503548137880e+03
-1.123331497685418981e+03 -1.155952106980472308e+03 -1.134705294446700691e+03 -1.143168338832792642e+03
-1.160374458619187635e+03 -1.127364681792069405e+03 -1.168769063816402650e+03 -1.143918659596400175e+03
0.000000000000000000e+00 0.000000000000000000e+00 0.000000000000000000e+00 0.000000000000000000e+00
0.000000000000000000e+00 0.000000000000000000e+00 0.000000000000000000e+00 0.000000000000000000e+00
-1.208698122043233070e+03 -1.172382528735624646e+03 -1.207329141797599505e+03 -1.157159914192903898e+03
-1.167930518556821426e+03 -1.244034684868599470e+03 -1.168329290040500155e+03 -1.235194427928749974e+03
0.000000000000000000e+00 0.000000000000000000e+00 0.000000000000000000e+00 0.000000000000000000e+00
0.000000000000000000e+00 0.000000000000000000e+00 0.000000000000000000e+00 0.000000000000000000e+00
-1.439593869973563415e+03 -1.434175523457561439e+03 -1.428656655960678336e+03 -1.441909914822351311e+03
-1.441961424751373443e+03 -1.443116489822792801e+03 -1.433956203029445760e+03 -1.376543312886692547e+03
-1.459294805231704231e+03 -1.376231071421140314e+03 -1.375835211388220387e+03 -1.458799167289189882e+03
0.000000000000000000e+00 0.000000000000000000e+00 0.000000000000000000e+00 0.000000000000000000e+00
0.000000000000000000e+00 0.000000000000000000e+00 0.000000000000000000e+00 0.000000000000000000e+00
0.000000000000000000e+00 0.000000000000000000e+00 0.000000000000000000e+00 0.000000000000000000e+00
-7.915545495717892663e+02 -7.429834677539845416e+02 -7.928810053391160864e+02 -7.918087873386633646e+02
-8.239428728506385369e+02 -8.273460128230719874e+02 -7.775863054958590510e+02 -8.345012966741392120e+02
-8.742773723510854325e+02 -8.704299754478954583e+02 -8.104765615255936382e+02 -8.799246492358797695e+02
-8.982498538927349045e+02 -8.966421581912001102e+02 -8.428071762962654248e+02 -8.979867396700570907e+02
-9.091573751096689193e+02 -9.071889239243655538e+02 -8.861768838466711031e+02 -9.082335431015120548e+02
-6.959765475389997391e+02 -8.819311948747879626e+01 -9.084203682262951816e+02 -7.138358956761214813e+02
0.000000000000000000e+00 0.000000000000000000e+00 0.000000000000000000e+00 0.000000000000000000e+00
0.000000000000000000e+00 0.000000000000000000e+00 0.000000000000000000e+00 0.000000000000000000e+00
-9.581737576173319439e+02 -9.547548142845424763e+02 -9.563946927036876104e+02 -9.566298394263588989e+02
0.000000000000000000e+00 0.000000000000000000e+00 0.000000000000000000e+00 0.000000000000000000e+00
0.000000000000000000e+00 0.000000000000000000e+00 0.000000000000000000e+00 0.000000000000000000e+00
-1.049041406601094423e+03 -1.064496930050041328e+03 -1.058434661515388143e+03 -1.069849777734727013e+03
-1.069728003610005999e+03 -1.073406987271522439e+03 -1.061063899399741558e+03 -1.054990920108453338e+03
-1.062054965406875453e+03 -1.072154939540888563e+03 -1.072582956381788563e+03 -1.063460548847497876e+03
0.000000000000000000e+00 0.000000000000000000e+00 0.000000000000000000e+00 0.000000000000000000e+00
0.000000000000000000e+00 0.000000000000000000e+00 0.000000000000000000e+00 0.000000000000000000e+00
-1.171800075445715947e+03 -1.173171449496167270e+03 -1.155034900127986248e+03 -1.160875528385078951e+03
-1.172103692171826651e+03 -1.175961741194519391e+03 -1.176373255204865018e+03 -1.160966745837031795e+03
-1.169706023991957181e+03 -1.162870946358626270e+03 -1.184781900483927757e+03 -1.176186324110346959e+03
-1.189007717943128682e+03 -1.187298619685498807e+03 -1.191247979990829663e+03 -1.186750253725499306e+03
-1.174340634927369138e+03 -1.192977608445160740e+03 -1.207309926443832410e+03 -1.178293043551542269e+03
0.000000000000000000e+00 0.000000000000000000e+00 0.000000000000000000e+00 0.000000000000000000e+00
0.000000000000000000e+00 0.000000000000000000e+00 0.000000000000000000e+00 0.000000000000000000e+00
-1.217217781888235550e+03 -1.209432028627067893e+03 -1.209891379008650574e+03 -1.210350729390233255e+03
0.000000000000000000e+00 0.000000000000000000e+00 0.000000000000000000e+00 0.000000000000000000e+00
0.000000000000000000e+00 0.000000000000000000e+00 0.000000000000000000e+00 0.000000000000000000e+00
-1.448455490488207715e+03 -1.378134978938757286e+03 -1.361599535891120013e+03 -1.361933985270129597e+03
0.000000000000000000e+00 0.000000000000000000e+00 0.000000000000000000e+00 0.000000000000000000e+00
-1.460183673994168657e+03 -1.434230442476944063e+03 -1.445398089134765314e+03 -1.448320104550983842e+03
0.000000000000000000e+00 0.000000000000000000e+00 0.000000000000000000e+00 0.000000000000000000e+00
0.000000000000000000e+00 0.000000000000000000e+00 0.000000000000000000e+00 0.000000000000000000e+00
0.000000000000000000e+00 0.000000000000000000e+00 0.000000000000000000e+00 0.000000000000000000e+00
-9.075813498851688337e+02 -9.065827580262634910e+02 -9.076261415484352710e+02 -9.073816844609815462e+02
-9.122532473975236371e+02 -8.860818474422792406e+02 -9.088875244337009462e+02 -9.091894015529439912e+02
-9.173448068714117198e+02 -9.136808216928236561e+02 -9.166921577840456621e+02 -9.181368797404579709e+02
-9.168410179360930670e+02 -9.083562402081977893e+01 -9.272586534917586505e+02 -8.461674323759515346e+02
-8.924474713041643099e+02 -8.626030427230616624e+02 -9.335085068790669993e+01 -8.246550418202521087e+02
-6.896475983149160811e+02 -7.862401697771597355e+02 -9.575035351143084483e+01 -9.587156585332124905e+02
-9.580076342028830823e+02 -9.589230979161566211e+02 -9.581259314077012732e+02 -9.582685440919427720e+02
-9.632993235228811955e+02 -9.635755760791101920e+02 -9.649873976986591515e+02 -9.653607932967787519e+02
0.000000000000000000e+00 0.000000000000000000e+00 0.000000000000000000e+00 0.000000000000000000e+00
-1.052646862143718636e+03 -1.060281983261065079e+03 -1.041422582068082420e+03 -1.041620693419786448e+03
0.000000000000000000e+00 0.000000000000000000e+00 0.000000000000000000e+00 0.000000000000000000e+00
0.000000000000000000e+00 0.000000000000000000e+00 0.000000000000000000e+00 0.000000000000000000e+00
-1.165711699783404129e+03 -1.188402920902172582e+03 -1.183518761411333116e+03 -1.195595188228197912e+03
-1.188504783778009596e+03 -1.188751806652039704e+03 -1.174859669159910936e+03 -1.189088541668487551e+03
-1.184468303620180222e+03 -1.189562730173316140e+03 -1.168473299526995561e+03 -1.180998680374835885e+03
-1.185118465059611026e+03 -1.180678385893302675e+03 -1.177347874126181523e+03 -1.195222391151380180e+03
-1.171704628068870761e+03 -1.172913204729680047e+03 -1.188666490977076137e+03 -1.198409121911436387e+03
-1.185219667057028346e+03 -1.194828885881519682e+03 -1.200471689742148328e+03 -1.172140335705109919e+03
0.000000000000000000e+00 0.000000000000000000e+00 0.000000000000000000e+00 0.000000000000000000e+00
-1.232963964439645451e+03 -1.233375468128799866e+03 -1.230514399205602331e+03 -1.233891254927376622e+03
-1.209367554444153711e+03 -1.232648692653749322e+03 -1.230951613912061703e+03 -1.232898028452633298e+03
-1.227159403973729695e+03 -1.209352422931711544e+03 -1.216363593616047638e+03 -1.239070649380346595e+03
-1.244574209260314774e+03 -1.237019613025798208e+03 -1.218998887788560751e+03 -1.239644267381255759e+03
0.000000000000000000e+00 0.000000000000000000e+00 0.000000000000000000e+00 0.000000000000000000e+00
-1.448708041124071087e+03 -1.380678348624024238e+03 -1.412180016794483436e+03 -1.436365185355925178e+03
-1.396309837308158421e+03 -1.398531935551831793e+03 -1.463786299714725601e+03 -1.444863219674898346e+03
-1.463868385073518766e+03 -1.437887909768808186e+03 -1.466194177582306793e+03 -1.458496455988269645e+03
0.000000000000000000e+00 0.000000000000000000e+00 0.000000000000000000e+00 0.000000000000000000e+00
0.000000000000000000e+00 0.000000000000000000e+00 0.000000000000000000e+00 0.000000000000000000e+00
0.000000000000000000e+00 0.000000000000000000e+00 0.000000000000000000e+00 0.000000000000000000e+00
-9.287940465930423670e+02 -9.377298232316011308e+02 -9.613845635521771555e+02 -9.289371945358365110e+02
-9.370973022350144674e+02 -9.144628183494551195e+02 -9.269130083224539476e+02 -9.277436482366651944e+02
0.000000000000000000e+00 0.000000000000000000e+00 0.000000000000000000e+00 0.000000000000000000e+00
-9.447024157579733128e+02 -7.542949176707920742e+02 -9.446242975111834994e+02 -9.440528627093940486e+02
-9.591129556012996318e+02 -5.031199116709769328e+02 -9.575585261396578289e+02 -9.579376799574180268e+02
-9.716114486579654113e+02 -9.804487557650595875e+01 -8.887642435515456327e+02 -8.833217269082363146e+02
0.000000000000000000e+00 0.000000000000000000e+00 0.000000000000000000e+00 0.000000000000000000e+00
0.000000000000000000e+00 0.000000000000000000e+00 0.000000000000000000e+00 0.000000000000000000e+00
-1.051241943746674224e+03 -1.053094112673450581e+03 -1.053461545044475542e+03 -1.066949638914946263e+03
-1.057977685821417026e+03 -1.062221909971775631e+03 -1.056665920179515751e+03 -1.057910690723760126e+03
0.000000000000000000e+00 0.000000000000000000e+00 0.000000000000000000e+00 0.000000000000000000e+00
0.000000000000000000e+00 0.000000000000000000e+00 0.000000000000000000e+00 0.000000000000000000e+00
-1.187474271026771703e+03 -1.193363611851126961e+03 -1.191704290644023104e+03 -1.190172111884181049e+03
0.000000000000000000e+00 0.000000000000000000e+00 0.000000000000000000e+00 0.000000000000000000e+00
-1.184946118657059742e+03 -1.194374925433923863e+03 -1.184603134307249775e+03 -1.184781612436735713e+03
0.000000000000000000e+00 0.000000000000000000e+00 0.000000000000000000e+00 0.000000000000000000e+00
0.000000000000000000e+00 0.000000000000000000e+00 0.000000000000000000e+00 0.000000000000000000e+00
-1.211568949220963077e+03 -1.214143670196128141e+03 -1.214942259016406297e+03 -1.184813814837389145e+03
-1.188850966191651196e+03 -1.187890965975582276e+03 -1.209141428082695484e+03 -1.188245271597997771e+03
0.000000000000000000e+00 0.000000000000000000e+00 0.000000000000000000e+00 0.000000000000000000e+00
0.000000000000000000e+00 0.000000000000000000e+00 0.000000000000000000e+00 0.000000000000000000e+00
0.000000000000000000e+00 0.000000000000000000e+00 0.000000000000000000e+00 0.000000000000000000e+00
-1.240476984974549623e+03 -1.228173444884535456e+03 -1.220640777179213273e+03 -1.221023457752427930e+03
0.000000000000000000e+00 0.000000000000000000e+00 0.000000000000000000e+00 0.000000000000000000e+00
-1.369062540322958512e+03 -1.379436477419173571e+03 -1.348704718991755271e+03 -1.349010113628797626e+03
0.000000000000000000e+00 0.000000000000000000e+00 0.000000000000000000e+00 0.000000000000000000e+00
0.000000000000000000e+00 0.000000000000000000e+00 0.000000000000000000e+00 0.000000000000000000e+00
-9.679501767901268749e+02 -9.666954256172274427e+02 -9.661868212974559356e+02 -9.674643839409773136e+02
-9.631370171651059309e+02 -9.616051413817922366e+02 -9.621213632427404718e+02 -9.625637315639135068e+02
-9.560998930322809883e+02 -9.558901413133821734e+02 -9.554864420840577850e+02 -9.567609736124318260e+02
-9.517151229806714809e+02 -9.523443979861648359e+02 -9.517345012755337166e+02 -9.520716681487961068e+02
-9.475089172090686134e+02 -9.362869115657109660e+02 -9.493353555179103296e+02 -9.466118126269370805e+02
-9.652673047216781015e+02 -9.656806696974709894e+02 -9.553313004912893120e+02 -9.657029869037976368e+02
0.000000000000000000e+00 0.000000000000000000e+00 0.000000000000000000e+00 0.000000000000000000e+00
-9.710237801960568049e+02 -9.528032808697812470e+02 -9.719262032684235919e+02 -9.723339464054026848e+02
-8.977536083071951225e+02 -1.002423936373122046e+02 -9.823611001714834856e+02 -9.405507603490415249e+02
-1.002083623218310549e+03 -1.002351070840096099e+03 -5.087788124040994262e+02 -1.003779456296803801e+03
-1.020867449381678853e+03 -1.021104709515842728e+03 -8.903026043012564514e+02 -1.022668960392397139e+03
-1.047444779805819508e+03 -1.055862200255935932e+03 -1.007329922422554546e+03 -1.045014112388562125e+03
-1.061960086122013081e+03 -1.057766661797142206e+03 -1.042037941917633816e+03 -1.058218300445918885e+03
-1.060978805826233156e+03 -1.064033220623076659e+03 -1.065795016591909189e+03 -1.065254883031678446e+03
0.000000000000000000e+00 0.000000000000000000e+00 0.000000000000000000e+00 0.000000000000000000e+00
0.000000000000000000e+00 0.000000000000000000e+00 0.000000000000000000e+00 0.000000000000000000e+00
0.000000000000000000e+00 0.000000000000000000e+00 0.000000000000000000e+00 0.000000000000000000e+00
-1.193847136732039417e+03 -1.192349595451726600e+03 -1.179283823917325208e+03 -1.178390654033035844e+03
-1.189353219686558532e+03 -1.178567526402113799e+03 -1.201088052425069691e+03 -1.178932525738995082e+03
0.000000000000000000e+00 0.000000000000000000e+00 0.000000000000000000e+00 0.000000000000000000e+00
-1.205675281251801152e+03 -1.217181112072998303e+03 -1.212649213451049491e+03 -1.203391552071961996e+03
-1.197184536807774521e+03 -1.207313803873576262e+03 -1.198209318577174599e+03 -1.202423547201510019e+03
-1.214529731853353269e+03 -1.214835126490394714e+03 -1.216322683193824105e+03 -1.213917086743476602e+03
-1.220645388582272517e+03 -1.221174589163654673e+03 -1.221148700598865389e+03 -1.220652069200548340e+03
-1.223289897708722265e+03 -1.224419251636389390e+03 -1.224498597094105662e+03 -1.239241159367400996e+03
-1.221630611704970079e+03 -1.222515681176877024e+03 -1.224091188321957588e+03 -1.256863223069166906e+03
-1.261974978877312878e+03 -1.262290068119717716e+03 -1.245178359063130074e+03 -1.269768666752534045e+03
-1.342952590242547103e+03 -1.291327428595901438e+03 -1.265073185859759178e+03 -1.269279738652188144e+03
-1.284857783543994628e+03 -1.252275827833489984e+03 -1.286514624609500970e+03 -1.265083980193329353e+03
-1.285205324382983235e+03 -1.252843336981026368e+03 -1.285180550622460487e+03 -1.258911299165596120e+03
-9.714344103729022208e+02 -9.715322308503368731e+02 -9.710166497114892081e+02 -9.715518641257799572e+02
0.000000000000000000e+00 0.000000000000000000e+00 0.000000000000000000e+00 0.000000000000000000e+00
0.000000000000000000e+00 0.000000000000000000e+00 0.000000000000000000e+00 0.000000000000000000e+00
-9.697023159544850159e+02 -9.686529989352162602e+02 -9.699399881849653866e+02 -9.701576935120780263e+02
0.000000000000000000e+00 0.000000000000000000e+00 0.000000000000000000e+00 0.000000000000000000e+00
-9.809622099748900155e+02 -9.715557170548642034e+02 -9.797599148775721005e+02 -9.800232776848275762e+02
0.000000000000000000e+00 0.000000000000000000e+00 0.000000000000000000e+00 0.000000000000000000e+00
0.000000000000000000e+00 0.000000000000000000e+00 0.000000000000000000e+00 0.000000000000000000e+00
-1.004977752643813005e+03 -1.023478852631257041e+02 -7.769695080500048334e+02 -9.999703994054921168e+02
0.000000000000000000e+00 0.000000000000000000e+00 0.000000000000000000e+00 0.000000000000000000e+00
0.000000000000000000e+00 0.000000000000000000e+00 0.000000000000000000e+00 0.000000000000000000e+00
-1.073517290001061156e+03 -1.074938215863109690e+03 -1.061791130661551279e+03 -1.060676245150522846e+03
-1.071596519395167661e+03 -1.059955591294642090e+03 -1.078461669937647230e+03 -1.071958570643706025e+03
0.000000000000000000e+00 0.000000000000000000e+00 0.000000000000000000e+00 0.000000000000000000e+00
-1.210702025379992619e+03 -1.207227279615136013e+03 -1.183884750832254213e+03 -1.207513255918808227e+03
0.000000000000000000e+00 0.000000000000000000e+00 0.000000000000000000e+00 0.000000000000000000e+00
0.000000000000000000e+00 0.000000000000000000e+00 0.000000000000000000e+00 0.000000000000000000e+00
-1.134631212675971710e+03 -1.183275269834216942e+03 -1.139646791159292661e+03 -1.192847313604782812e+03
-1.181919815567624937e+03 -1.205487982989654483e+03 -1.175517934228427748e+03 -1.194473974529820225e+03
-1.194462535543071454e+03 -1.194670448783424717e+03 -1.208557109468067210e+03 -1.195595858691774993e+03
-1.213990261284251346e+03 -1.207705932172754046e+03 -1.212374893711839377e+03 -1.207478852091549015e+03
0.000000000000000000e+00 0.000000000000000000e+00 0.000000000000000000e+00 0.000000000000000000e+00
0.000000000000000000e+00 0.000000000000000000e+00 0.000000000000000000e+00 0.000000000000000000e+00
0.000000000000000000e+00 0.000000000000000000e+00 0.000000000000000000e+00 0.000000000000000000e+00
0.000000000000000000e+00 0.000000000000000000e+00 0.000000000000000000e+00 0.000000000000000000e+00
0.000000000000000000e+00 0.000000000000000000e+00 0.000000000000000000e+00 0.000000000000000000e+00
0.000000000000000000e+00 0.000000000000000000e+00 0.000000000000000000e+00 0.000000000000000000e+00
-1.271861614455633344e+03 -1.272831549220865327e+03 -1.267947195442621933e+03 -1.268669168517011940e+03
0.000000000000000000e+00 0.000000000000000000e+00 0.000000000000000000e+00 0.000000000000000000e+00
0.000000000000000000e+00 0.000000000000000000e+00 0.000000000000000000e+00 0.000000000000000000e+00
0.000000000000000000e+00 0.000000000000000000e+00 0.000000000000000000e+00 0.000000000000000000e+00
-9.867753172098982759e+02 -9.858692882655659560e+02 -9.841862213912229436e+02 -9.872618937822146563e+02
-9.868880087709985673e+02 -9.843983646497363225e+02 -9.862971564437126517e+02 -9.851579152925542076e+02
-9.803597557009317143e+02 -9.809023947774446697e+02 -9.819473168707944524e+02 -9.822405427474182034e+02
-9.864997827483967967e+02 -9.866806486040422897e+02 -9.864377535941631550e+02 -9.874454736833866946e+02
-9.904491130940475614e+02 -9.839030987540436399e+02 -9.897161284854106498e+02 -9.903325438144643158e+02
-9.991972609185120291e+02 -9.992805120604815556e+02 -9.937790002276167343e+02 -9.995205881307761047e+02
-1.006782287293444369e+03 -1.007228953272059016e+03 -1.002057129695705612e+03 -1.007512041104294212e+03
-9.218545186296519205e+02 -1.043639377558310883e+02 -1.008853450840309165e+03 -8.453444098777821409e+02
-1.049050695250744184e+03 -8.640289202563286608e+02 -1.062914926493846650e+02 -7.909113471394664430e+02
0.000000000000000000e+00 0.000000000000000000e+00 0.000000000000000000e+00 0.000000000000000000e+00
0.000000000000000000e+00 0.000000000000000000e+00 0.000000000000000000e+00 0.000000000000000000e+00
-1.102772922301576727e+03 -1.077230635735377746e+03 -1.095946789546742139e+03 -1.095432513567244769e+03
0.000000000000000000e+00 0.000000000000000000e+00 0.000000000000000000e+00 0.000000000000000000e+00
-1.211779631842674007e+03 -1.206051251157904971e+03 -1.204748238767922885e+03 -1.208089704946037273e+03
-1.212688475780548742e+03 -1.212974452084221866e+03 -1.214883476341953610e+03 -1.210180619678900712e+03
0.000000000000000000e+00 0.000000000000000000e+00 0.000000000000000000e+00 0.000000000000000000e+00
0.000000000000000000e+00 0.000000000000000000e+00 0.000000000000000000e+00 0.000000000000000000e+00
-1.192908673951081482e+03 -1.196479901067956462e+03 -1.138077650773968571e+03 -1.138285564014321153e+03
0.000000000000000000e+00 0.000000000000000000e+00 0.000000000000000000e+00 0.000000000000000000e+00
-1.231090568200740790e+03 -1.240851770092609740e+03 -1.239020255907830688e+03 -1.239247743529615946e+03
0.000000000000000000e+00 0.000000000000000000e+00 0.000000000000000000e+00 0.000000000000000000e+00
0.000000000000000000e+00 0.000000000000000000e+00 0.000000000000000000e+00 0.000000000000000000e+00
-1.337418141808754626e+03 -1.336840506188889094e+03 -1.336486026385174682e+03 -1.336289347774240014e+03
-1.336171896564125063e+03 -1.336277639769145026e+03 -1.335870633672596341e+03 -1.336196628025669042e+03
0.000000000000000000e+00 0.000000000000000000e+00 0.000000000000000000e+00 0.000000000000000000e+00
0.000000000000000000e+00 0.000000000000000000e+00 0.000000000000000000e+00 0.000000000000000000e+00
-1.278514410254168524e+03 -1.279204357537322267e+03 -1.274320770709341787e+03 -1.280078163764583223e+03
-1.283070831488927524e+03 -1.283455113376928921e+03 -1.277725454419739208e+03 -1.280798953327529034e+03
-1.272194875103801451e+03 -1.221077039731577770e+03 -1.290178337403000569e+03 -1.289252727284559569e+03
0.000000000000000000e+00 0.000000000000000000e+00 0.000000000000000000e+00 0.000000000000000000e+00
-9.864085202107277155e+02 -9.865527908173162359e+02 -9.864845093765388810e+02 -9.884431998541526809e+02
-9.868354729930259737e+02 -9.874283283420527368e+02 -9.855863376153959052e+02 -9.883569762892365134e+02
-9.837552597425410568e+02 -9.860339783683350561e+02 -9.851249545833391039e+02 -9.844993349980150015e+02
0.000000000000000000e+00 0.000000000000000000e+00 0.000000000000000000e+00 0.000000000000000000e+00
-9.925862782872919752e+02 -9.922537923338048813e+02 -9.919557319045359236e+02 -9.915450106086416326e+02
0.000000000000000000e+00 0.000000000000000000e+00 0.000000000000000000e+00 0.000000000000000000e+00
-1.007940960556062237e+03 -1.009083865607230678e+03 -1.008169185410798605e+03 -1.008014450218224852e+03
0.000000000000000000e+00 0.000000000000000000e+00 0.000000000000000000e+00 0.000000000000000000e+00
-9.891361637031181999e+02 -1.081292060998868152e+02 -8.952945042061249978e+02 -9.822183923045538450e+02
-1.013314981030488639e+03 -9.189632070968771131e+02 -1.098759901332966535e+02 -9.076446245876032890e+02
0.000000000000000000e+00 0.000000000000000000e+00 0.000000000000000000e+00 0.000000000000000000e+00
-1.138925979815028313e+03 -1.098285722914481994e+03 -1.121740471446739775e+03 -1.120367862182952422e+03
0.000000000000000000e+00 0.000000000000000000e+00 0.000000000000000000e+00 0.000000000000000000e+00
-1.214402543562868459e+03 -1.202262878270050805e+03 -1.211136901257622867e+03 -1.211413153813851977e+03
0.000000000000000000e+00 0.000000000000000000e+00 0.000000000000000000e+00 0.000000000000000000e+00
0.000000000000000000e+00 0.000000000000000000e+00 0.000000000000000000e+00 0.000000000000000000e+00
-1.236810849791560486e+03 -1.236195319760529856e+03 -1.236549090575231276e+03 -1.236902861389932241e+03
0.000000000000000000e+00 0.000000000000000000e+00 0.000000000000000000e+00 0.000000000000000000e+00
0.000000000000000000e+00 0.000000000000000000e+00 0.000000000000000000e+00 0.000000000000000000e+00
-1.238860716814078614e+03 -1.250167734350153751e+03 -1.237775068354463656e+03 -1.237924804225267735e+03
-1.240244322142682677e+03 -1.242143294097294756e+03 -1.241974009366787413e+03 -1.240581814151334584e+03
0.000000000000000000e+00 0.000000000000000000e+00 0.000000000000000000e+00 0.000000000000000000e+00
-1.335925371898343201e+03 -1.336567117625278115e+03 -1.336476702558645911e+03 -1.336631321758882450e+03
-1.335533104524300143e+03 -1.334945757484103524e+03 -1.335086617148055211e+03 -1.335496997968065898e+03
0.000000000000000000e+00 0.000000000000000000e+00 0.000000000000000000e+00 0.000000000000000000e+00
0.000000000000000000e+00 0.000000000000000000e+00 0.000000000000000000e+00 0.000000000000000000e+00
-1.291807405620745158e+03 -1.289069759405749437e+03 -1.293397844492492368e+03 -1.284975424655865936e+03
0.000000000000000000e+00 0.000000000000000000e+00 0.000000000000000000e+00 0.000000000000000000e+00
-1.289669008130104885e+03 -1.293905720147388820e+03 -1.292719307137578880e+03 -1.253851926655172292e+03
0.000000000000000000e+00 0.000000000000000000e+00 0.000000000000000000e+00 0.000000000000000000e+00
0.000000000000000000e+00 0.000000000000000000e+00 0.000000000000000000e+00 0.000000000000000000e+00
-9.878033899018290640e+02 -9.881272346633805910e+02 -9.880075777352877822e+02 -9.861071294436147809e+02
-9.842472199165231359e+02 -9.843369573648902815e+02 -9.861601758442219534e+02 -9.824365808705466634e+02
0.000000000000000000e+00 0.000000000000000000e+00 0.000000000000000000e+00 0.000000000000000000e+00
-9.947856887247643272e+02 -9.949034867804391524e+02 -9.951242630333275656e+02 -9.937693828787653274e+02
0.000000000000000000e+00 0.000000000000000000e+00 0.000000000000000000e+00 0.000000000000000000e+00
0.000000000000000000e+00 0.000000000000000000e+00 0.000000000000000000e+00 0.000000000000000000e+00
0.000000000000000000e+00 0.000000000000000000e+00 0.000000000000000000e+00 0.000000000000000000e+00
0.000000000000000000e+00 0.000000000000000000e+00 0.000000000000000000e+00 0.000000000000000000e+00
-1.089294641351660630e+03 -1.115318065698951244e+02 -9.467640045936358320e+02 -9.254601580168134660e+02
-8.491731570007158325e+02 -8.724003346059720343e+02 -1.130958909508495651e+02 -1.142637312556582174e+03
-1.153177698630301848e+03 -1.124042098237987375e+03 -1.154057528698926944e+03 -1.168264592255255366e+03
-1.178491169912751047e+03 -1.177001588545181448e+03 -1.166923293021018253e+03 -1.185225990148048822e+03
-1.210297616128539175e+03 -1.202190123391571206e+03 -1.189707376445768432e+03 -1.206104131302064388e+03
-1.214314428601166810e+03 -1.213458616537583566e+03 -1.208278195901810477e+03 -1.212777951166648336e+03
-1.223544783190080125e+03 -1.223075125644902755e+03 -1.222390434704406289e+03 -1.223615882233210186e+03
-1.230672176959018771e+03 -1.231842410521566762e+03 -1.230979446073616373e+03 -1.233363373077874485e+03
-1.238605141426527553e+03 -1.236332904714350207e+03 -1.236898968779729103e+03 -1.244059480657818312e+03
-1.245495488151894733e+03 -1.244327906371140671e+03 -1.243736845921098393e+03 -1.257225403550585042e+03
-1.247783102813220921e+03 -1.256960466272564872e+03 -1.248388786489839731e+03 -1.248381260259913006e+03
0.000000000000000000e+00 0.000000000000000000e+00 0.000000000000000000e+00 0.000000000000000000e+00
-1.262089548061122969e+03 -1.261060346359527784e+03 -1.261191495553989625e+03 -1.261064195782872503e+03
0.000000000000000000e+00 0.000000000000000000e+00 0.000000000000000000e+00 0.000000000000000000e+00
-1.334258526252589263e+03 -1.333088658333565945e+03 -1.332397247206130942e+03 -1.332629061800816316e+03
0.000000000000000000e+00 0.000000000000000000e+00 0.000000000000000000e+00 0.000000000000000000e+00
0.000000000000000000e+00 0.000000000000000000e+00 0.000000000000000000e+00 0.000000000000000000e+00
-1.291022646027735391e+03 -1.294891966191201163e+03 -1.297334917753422815e+03 -1.298585320537495363e+03
-1.306419814340506264e+03 -1.297419608645141125e+03 -1.299507250007517086e+03 -1.296951171868121719e+03
0.000000000000000000e+00 0.000000000000000000e+00 0.000000000000000000e+00 0.000000000000000000e+00
0.000000000000000000e+00 0.000000000000000000e+00 0.000000000000000000e+00 0.000000000000000000e+00
-9.900038668483985020e+02 -9.903189560908031126e+02 -9.877448508166398824e+02 -9.902282782716298470e+02
-9.896075033503475424e+02 -9.886311485086582707e+02 -9.887904349594251698e+02 -9.904556634488703821e+02
-9.891075170216684000e+02 -9.889343772008558062e+02 -9.875947563742132616e+02 -9.892490438286412200e+02
0.000000000000000000e+00 0.000000000000000000e+00 0.000000000000000000e+00 0.000000000000000000e+00
0.000000000000000000e+00 0.000000000000000000e+00 0.000000000000000000e+00 0.000000000000000000e+00
-1.185792535583168956e+03 -1.185565284443109249e+03 -1.182568711060812348e+03 -1.182691144809936077e+03
-1.181072330869866164e+03 -1.194079153069775202e+03 -1.182600854748161964e+03 -1.193347790094847369e+03
-1.183136298080862161e+03 -1.183608595439575311e+03 -1.182446901256558249e+03 -1.182684443789145462e+03
-1.171047178606086391e+03 -1.173542705576126082e+03 -1.173527263514222568e+03 -1.172228342476526450e+03
-1.154523914991642187e+03 -6.645153078109253784e+02 -1.157649783037968973e+03 -1.156281339260043524e+03
-1.142679638038108806e+03 -1.145659667176988989e+02 -1.068672615328616075e+03 -1.060328078699119715e+03
-7.423289132922664066e+02 -1.156451460881731236e+03 -1.159356994126706013e+02 -1.166813208553279765e+03
0.000000000000000000e+00 0.000000000000000000e+00 0.000000000000000000e+00 0.000000000000000000e+00
-1.215141160420218284e+03 -1.209157847583815055e+03 -1.212307661490509417e+03 -1.209934709946643579e+03
-1.232507759698412201e+03 -1.216642926162757021e+03 -1.220764417996828570e+03 -1.216538899702712570e+03
0.000000000000000000e+00 0.000000000000000000e+00 0.000000000000000000e+00 0.000000000000000000e+00
-1.235047254203533839e+03 -1.235265574251808175e+03 -1.234607690418930815e+03 -1.235098335163808542e+03
0.000000000000000000e+00 0.000000000000000000e+00 0.000000000000000000e+00 0.000000000000000000e+00
-1.248519112180470529e+03 -1.259997786970372545e+03 -1.257893439758326394e+03 -1.249791256660834506e+03
-1.253474866811749735e+03 -1.252949979386007954e+03 -1.252618960597729256e+03 -1.253389645487126927e+03
-1.257942133095599502e+03 -1.257458810328002528e+03 -1.257928557933147431e+03 -1.258741648580421952e+03
-1.262239629614628029e+03 -1.261546639830994081e+03 -1.262365219184415082e+03 -1.262052198017744331e+03
0.000000000000000000e+00 0.000000000000000000e+00 0.000000000000000000e+00 0.000000000000000000e+00
-1.331815371004784311e+03 -1.331653553491544244e+03 -1.330075952080778734e+03 -1.331003618683364948e+03
0.000000000000000000e+00 0.000000000000000000e+00 0.000000000000000000e+00 0.000000000000000000e+00
0.000000000000000000e+00 0.000000000000000000e+00 0.000000000000000000e+00 0.000000000000000000e+00
0.000000000000000000e+00 0.000000000000000000e+00 0.000000000000000000e+00 0.000000000000000000e+00
-1.310773537318592389e+03 -1.306227529112644788e+03 -1.308702859241772103e+03 -1.308781305447649629e+03
-1.304989903270750801e+03 -1.315749154284077576e+03 -1.315841358061523806e+03 -1.308813166607536687e+03
0.000000000000000000e+00 0.000000000000000000e+00 0.000000000000000000e+00 0.000000000000000000e+00
0.000000000000000000e+00 0.000000000000000000e+00 0.000000000000000000e+00 0.000000000000000000e+00
0.000000000000000000e+00 0.000000000000000000e+00 0.000000000000000000e+00 0.000000000000000000e+00
-9.963998758233497028e+02 -9.964481197705387103e+02 -9.957732710223615413e+02 -9.940444235457330251e+02
0.000000000000000000e+00 0.000000000000000000e+00 0.000000000000000000e+00 0.000000000000000000e+00
0.000000000000000000e+00 0.000000000000000000e+00 0.000000000000000000e+00 0.000000000000000000e+00
-1.183997150619305785e+03 -1.185271610362014826e+03 -1.184434377166471677e+03 -1.186528653698366270e+03
-1.182442939657447596e+03 -1.192618157604558519e+03 -1.184245669616396071e+03 -1.184577416212930075e+03
-1.180614860423888331e+03 -1.183463873925299595e+03 -1.181926168860230518e+03 -1.180853962823217216e+03
-1.173706345083342512e+03 -1.174568434629504509e+03 -1.174903808834893880e+03 -1.173628570580971655e+03
-1.165818472603561531e+03 -1.165387976356054878e+03 -1.168680051328513400e+03 -1.166676448365577016e+03
-1.170287054460586205e+03 -9.067314498570681280e+02 -1.169305514731982385e+03 -1.170677639609310972e+03
-8.923175120718003654e+02 -1.172011356492125600e+02 -1.164854731306890017e+03 -9.790362552487404173e+02
-9.991774979229098790e+02 -1.012355761244225050e+03 -1.183582587153074002e+02 -1.183824486369956958e+03
-1.197688110287629797e+03 -1.203375418850956294e+03 -1.027769822860886279e+03 -1.216421537823641756e+03
-1.224732875252726899e+03 -1.246825361958726262e+03 -1.199034634360112477e+03 -1.229353966283348655e+03
-1.229055093045403737e+03 -1.228938491304377749e+03 -1.229976639590193372e+03 -1.243548138420085706e+03
-1.236500087531184818e+03 -1.237672190968836276e+03 -1.244489336931168737e+03 -1.237679822677332368e+03
-1.238528845942890257e+03 -1.246638775305571244e+03 -1.239432721585798618e+03 -1.250137987487652481e+03
-1.247161438977845137e+03 -1.257276003423611655e+03 -1.252555086044159907e+03 -1.255141416374565097e+03
-1.261048769098950970e+03 -1.255426465935880742e+03 -1.254334376867041556e+03 -1.254938330419576232e+03
0.000000000000000000e+00 0.000000000000000000e+00 0.000000000000000000e+00 0.000000000000000000e+00
-1.270319686670458623e+03 -1.261666064002973599e+03 -1.266679459774084307e+03 -1.261959069519109789e+03
0.000000000000000000e+00 0.000000000000000000e+00 0.000000000000000000e+00 0.000000000000000000e+00
-1.328043940735339675e+03 -1.328670209266800384e+03 -1.328483199270862315e+03 -1.329549561337505793e+03
-1.326527067095122447e+03 -1.326399085686736953e+03 -1.325880856077282488e+03 -1.326557541151386204e+03
0.000000000000000000e+00 0.000000000000000000e+00 0.000000000000000000e+00 0.000000000000000000e+00
-1.314336044231735741e+03 -1.311064140067596327e+03 -1.314152329429793781e+03 -1.315675230816095109e+03
-1.316727976184081172e+03 -1.310075013756175849e+03 -1.308964982755123401e+03 -1.307477935734387529e+03
0.000000000000000000e+00 0.000000000000000000e+00 0.000000000000000000e+00 0.000000000000000000e+00
-1.222877810813492033e+03 -1.218144946892311964e+03 -1.217357185856717479e+03 -1.223150084737143516e+03
-1.219201241374266374e+03 -1.216740026300906493e+03 -1.218706004685573362e+03 -1.217868855659320388e+03
0.000000000000000000e+00 0.000000000000000000e+00 0.000000000000000000e+00 0.000000000000000000e+00
0.000000000000000000e+00 0.000000000000000000e+00 0.000000000000000000e+00 0.000000000000000000e+00
0.000000000000000000e+00 0.000000000000000000e+00 0.000000000000000000e+00 0.000000000000000000e+00
-1.209391188930690532e+03 -1.208938856734347382e+03 -1.207256390469178996e+03 -1.207669607812863660e+03
0.000000000000000000e+00 0.000000000000000000e+00 0.000000000000000000e+00 0.000000000000000000e+00
-1.188878810832044110e+03 -1.183445549416440599e+03 -1.182225597027727190e+03 -1.185590780298038453e+03
-1.181661932377088760e+03 -1.184096503724279728e+03 -1.182325728462718644e+03 -1.181440389252693194e+03
-1.182116075674547801e+03 -1.177764866138785010e+03 -1.175587684297818896e+03 -1.176832135471219090e+03
0.000000000000000000e+00 0.000000000000000000e+00 0.000000000000000000e+00 0.000000000000000000e+00
-1.174973305901396088e+03 -1.175050713280417312e+03 -1.174318869592436840e+03 -1.175291841974815270e+03
0.000000000000000000e+00 0.000000000000000000e+00 0.000000000000000000e+00 0.000000000000000000e+00
-1.129461454863701647e+03 -1.194062584034578549e+02 -1.136217088643479201e+03 -8.495769291821386560e+02
0.000000000000000000e+00 0.000000000000000000e+00 0.000000000000000000e+00 0.000000000000000000e+00
-1.232501370534669377e+03 -1.220125868020476673e+03 -1.232793546015730954e+03 -1.232690397697534081e+03
0.000000000000000000e+00 0.000000000000000000e+00 0.000000000000000000e+00 0.000000000000000000e+00
0.000000000000000000e+00 0.000000000000000000e+00 0.000000000000000000e+00 0.000000000000000000e+00
0.000000000000000000e+00 0.000000000000000000e+00 0.000000000000000000e+00 0.000000000000000000e+00
-1.016224061269497838e+03 -1.260015046370303708e+03 -1.261629356119878139e+03 -1.258014939893718747e+03
-1.263836833263719200e+03 -1.259565204000005679e+03 -1.256899395241743605e+03 -1.260556726836775624e+03
-1.250116016154158615e+03 -1.202255711793402270e+03 -1.268278053609278004e+03 -1.267737668157877579e+03
-1.271977649807566422e+03 -1.265451751704682692e+03 -1.279676916950199939e+03 -1.279381095449760096e+03
-1.071083614326082397e+03 -1.287562165220284669e+03 -1.295330306784731874e+03 -1.287004507274599291e+03
0.000000000000000000e+00 0.000000000000000000e+00 0.000000000000000000e+00 0.000000000000000000e+00
-1.319538754671970992e+03 -1.318683091044046250e+03 -1.318914783282480585e+03 -1.317887746366740203e+03
-1.317045870815566786e+03 -1.316222253379617769e+03 -1.318045002944231783e+03 -1.317588190840862126e+03
0.000000000000000000e+00 0.000000000000000000e+00 0.000000000000000000e+00 0.000000000000000000e+00
-1.316160705006624312e+03 -1.314002902917278107e+03 -1.315542731695057000e+03 -1.314182459437967054e+03
-1.316461956266410652e+03 -1.317979359016949957e+03 -1.317980727407477389e+03 -1.315384577695140479e+03
0.000000000000000000e+00 0.000000000000000000e+00 0.000000000000000000e+00 0.000000000000000000e+00
-1.218009389665477556e+03 -1.216111082601164071e+03 -1.216436516397187461e+03 -1.220627916307218584e+03
-1.219452096967994294e+03 -1.217526253892468503e+03 -1.214291141061088183e+03 -1.219868849875364276e+03
-1.209847515776610635e+03 -1.208718668439641760e+03 -1.212509787286920755e+03 -1.212274876205336113e+03
-1.208216557755088843e+03 -1.207325594401741682e+03 -1.206852459066661140e+03 -1.207720376740594475e+03
-1.204880099952680439e+03 -1.205853595275492125e+03 -1.204592256559821863e+03 -1.206196446756611522e+03
-1.196859323640317598e+03 -1.197207980526793790e+03 -1.198766200430227400e+03 -1.198702884157686185e+03
-1.191081133694483924e+03 -1.189519435063894207e+03 -1.192220311669092553e+03 -1.191656314791595833e+03
-1.186461088929155949e+03 -1.186526102682954388e+03 -1.187649238002397396e+03 -1.184294734318671317e+03
-1.180324886102842356e+03 -1.179652084790083563e+03 -1.180522129912955279e+03 -1.183339119179946692e+03
-1.178371234440488706e+03 -1.179718369381283992e+03 -1.182272737520150258e+03 -1.178793588328756414e+03
-1.174863965814941821e+03 -1.175895333022707973e+03 -1.175403763829220452e+03 -1.175530092069109287e+03
0.000000000000000000e+00 0.000000000000000000e+00 0.000000000000000000e+00 0.000000000000000000e+00
-9.127374584283057857e+02 -1.203428843303145470e+02 -9.808004270565560319e+02 -8.120210380037060531e+02
0.000000000000000000e+00 0.000000000000000000e+00 0.000000000000000000e+00 0.000000000000000000e+00
-1.233926544629816135e+03 -1.232131584963520936e+03 -1.181477422873617797e+03 -1.235605103473285681e+03
-1.234283126575081724e+02 -1.033522299531539602e+03 -1.232087009879401194e+03 -1.203379262970690888e+03
-1.138726979063221279e+03 -1.219145292863890290e+03 -1.233793598290119604e+02 -1.114280495155179551e+03
-1.137759193734518021e+03 -1.123698949719521124e+03 -1.232147040008743630e+02 -1.106529825037283672e+03
-1.259270568432426899e+03 -1.239486918926081444e+03 -1.229387531765473511e+02 -1.092107464542118805e+03
-9.685197640482585939e+02 -1.262235892138856570e+03 -1.225565594540675534e+02 -1.256583881487751114e+03
-1.268881085934994644e+03 -1.261521548589245185e+03 -1.220725435776608805e+02 -1.044181345691068373e+03
-1.263263797666360006e+03 -1.272730491571323682e+03 -1.214899036769866569e+02 -9.546497719738791830e+02
-1.266233981127388688e+03 -1.286143179173981025e+03 -1.208100305388379496e+02 -1.174464324971230099e+03
-1.302620057906602597e+03 -1.020684200246108162e+03 -1.200280678728867940e+02 -1.272969130202164934e+03
-1.029244089190009618e+03 -1.312769739216919561e+03 -1.311894309879742195e+03 -1.310590788798178664e+03
-1.315623471533592010e+03 -1.314650236383095262e+03 -1.315038800293402346e+03 -1.314700700676100723e+03
0.000000000000000000e+00 0.000000000000000000e+00 0.000000000000000000e+00 0.000000000000000000e+00
-1.316467619569552880e+03 -1.312736802899077702e+03 -1.312900111721318808e+03 -1.313480262372480638e+03
-1.314534059923190853e+03 -1.316944164916501904e+03 -1.313883802630273294e+03 -1.315922439083574773e+03
0.000000000000000000e+00 0.000000000000000000e+00 0.000000000000000000e+00 0.000000000000000000e+00
0.000000000000000000e+00 0.000000000000000000e+00 0.000000000000000000e+00 0.000000000000000000e+00
0.000000000000000000e+00 0.000000000000000000e+00 0.000000000000000000e+00 0.000000000000000000e+00
-1.210044112387586893e+03 -1.208938800106874396e+03 -1.209493282893392688e+03 -1.207470533331478464e+03
-1.205817750483658756e+03 -1.206809711007268561e+03 -1.207820528731960849e+03 -1.206306034305828916e+03
0.000000000000000000e+00 0.000000000000000000e+00 0.000000000000000000e+00 0.000000000000000000e+00
-1.197709461252535903e+03 -1.199875786303364976e+03 -1.199533978868499844e+03 -1.199976539501716161e+03
0.000000000000000000e+00 0.000000000000000000e+00 0.000000000000000000e+00 0.000000000000000000e+00
-1.188760423805971413e+03 -1.189012384528367647e+03 -1.187407061168590644e+03 -1.186995649382644160e+03
-1.180804904230681132e+03 -1.182596840125500876e+03 -1.183840167088980934e+03 -1.187301830788062489e+03
-1.182618586175772407e+03 -1.184349211020427219e+03 -1.180954214239468001e+03 -1.180191087029124901e+03
0.000000000000000000e+00 0.000000000000000000e+00 0.000000000000000000e+00 0.000000000000000000e+00
-1.161731899392129435e+03 -1.224076133009534942e+03 -1.223621963845481332e+03 -1.223991664586621027e+03
-1.012009398378135984e+03 -1.211602413044807918e+02 -1.213281785799533509e+03 -1.110638238866520169e+03
0.000000000000000000e+00 0.000000000000000000e+00 0.000000000000000000e+00 0.000000000000000000e+00
0.000000000000000000e+00 0.000000000000000000e+00 0.000000000000000000e+00 0.000000000000000000e+00
-1.233590676670017103e+02 -1.133102629590044671e+03 -1.231767823710825724e+03 -1.193334442100398519e+03
0.000000000000000000e+00 0.000000000000000000e+00 0.000000000000000000e+00 0.000000000000000000e+00
0.000000000000000000e+00 0.000000000000000000e+00 0.000000000000000000e+00 0.000000000000000000e+00
0.000000000000000000e+00 0.000000000000000000e+00 0.000000000000000000e+00 0.000000000000000000e+00
0.000000000000000000e+00 0.000000000000000000e+00 0.000000000000000000e+00 0.000000000000000000e+00
0.000000000000000000e+00 0.000000000000000000e+00 0.000000000000000000e+00 0.000000000000000000e+00
0.000000000000000000e+00 0.000000000000000000e+00 0.000000000000000000e+00 0.000000000000000000e+00
-1.308174757331674073e+03 -1.306730655513425518e+03 -1.299619907643091210e+03 -9.809831807152703504e+02
-1.276861117778033986e+03 -1.191475888931394138e+02 -1.286660473663026096e+03 -1.305542707003455462e+03
-1.307597978168592590e+03 -1.312385019787559486e+03 -1.181742193369189664e+02 -1.305839220507227765e+03
-1.315061633731234906e+03 -1.312915638523225880e+03 -1.311446180484878369e+03 -1.315269371784152554e+03
-1.311968296516112332e+03 -1.318081186694851340e+03 -1.317890205358940875e+03 -1.312589889467078137e+03
-1.314442002152715759e+03 -1.314785227122937613e+03 -1.315069542731727324e+03 -1.314527220563122228e+03
0.000000000000000000e+00 0.000000000000000000e+00 0.000000000000000000e+00 0.000000000000000000e+00
-1.221948712800169915e+03 -1.219330868466679021e+03 -1.219791729138920346e+03 -1.217179395835326886e+03
-1.217803199115889583e+03 -1.217102269125028670e+03 -1.216654959842288463e+03 -1.220790608401575128e+03
-1.216628050814432754e+03 -1.214587541211470125e+03 -1.215346629531387180e+03 -1.216936862527223639e+03
-1.205748693254343834e+03 -1.209667725391355361e+03 -1.209763958155205046e+03 -1.207539491762887110e+03
-1.201987908887230560e+03 -1.202418699484785293e+03 -1.203253375512829734e+03 -1.202907119212012503e+03
-1.200335461278598359e+03 -1.202358699913078453e+03 -1.200579403085217564e+03 -1.202538020090873260e+03
-1.199459878886895467e+03 -1.201016450712579172e+03 -1.200366134991958916e+03 -1.198951747999738245e+03
0.000000000000000000e+00 0.000000000000000000e+00 0.000000000000000000e+00 0.000000000000000000e+00
0.000000000000000000e+00 0.000000000000000000e+00 0.000000000000000000e+00 0.000000000000000000e+00
-1.190078662172611985e+03 -1.191491953374109698e+03 -1.186272386450992144e+03 -1.188903996239328535e+03
-1.193877614073008772e+03 -1.185462195567510435e+03 -1.188862705244747758e+03 -1.185711219786568790e+03
0.000000000000000000e+00 0.000000000000000000e+00 0.000000000000000000e+00 0.000000000000000000e+00
-1.222196167676396954e+03 -1.226492208537748866e+03 -1.191649450374863591e+03 -8.497549379071815565e+02
-1.111232040804023654e+03 -1.218542733293363654e+02 -1.225730020967921291e+03 -1.116588621027132376e+03
-1.122734977070413606e+03 -1.226614303253295247e+03 -1.224181210948054428e+02 -9.618136340321345870e+02
-1.208495693391389068e+03 -9.415793831507636469e+02 -1.228596770741195456e+02 -1.127711967917237416e+03
-1.128343095644756659e+03 -1.234749885869636046e+03 -1.231708813785639904e+02 -1.044530447281036459e+03
0.000000000000000000e+00 0.000000000000000000e+00 0.000000000000000000e+00 0.000000000000000000e+00
-1.312930429932207517e+03 -1.310735328869279783e+03 -1.309992986584284836e+03 -1.314862438988379381e+03
-1.309639674634257062e+03 -1.307704657038339064e+03 -1.310761646653647404e+03 -1.312835477474481650e+03
-1.316903893013534798e+03 -1.318878886971583370e+03 -1.306811315151876443e+03 -1.319299201977647499e+03
-1.306086267314636189e+03 -1.310246059376533822e+03 -1.313535749287752878e+03 -1.315567980141016051e+03
-1.310769755204157946e+03 -1.309686445448838640e+03 -1.307929073378584690e+03 -1.312729709133998540e+03
-1.310705899037715881e+03 -1.319259172688350191e+03 -1.306337580318609071e+03 -1.311203150118184567e+03
-1.310300882095737279e+03 -9.731968784157093069e+02 -1.318312398401395285e+03 -1.312249243523569930e+03
-1.310782789323909810e+03 -1.310840120295456472e+03 -1.299694153957528897e+03 -1.231069094783769742e+03
0.000000000000000000e+00 0.000000000000000000e+00 0.000000000000000000e+00 0.000000000000000000e+00
-1.290302065332805796e+03 -1.319422421339883613e+03 -1.316305037436540715e+03 -1.311650599203828051e+03
0.000000000000000000e+00 0.000000000000000000e+00 0.000000000000000000e+00 0.000000000000000000e+00
0.000000000000000000e+00 0.000000000000000000e+00 0.000000000000000000e+00 0.000000000000000000e+00
-1.217041266825700632e+03 -1.219208533736054278e+03 -1.218340122898158597e+03 -1.221759977301310528e+03
-1.227261593293545275e+03 -1.221787252654089343e+03 -1.217368107696961260e+03 -1.220206183112559756e+03
-1.219280002820698201e+03 -1.217536872105399652e+03 -1.221594287601891892e+03 -1.217887185822565471e+03
0.000000000000000000e+00 0.000000000000000000e+00 0.000000000000000000e+00 0.000000000000000000e+00
0.000000000000000000e+00 0.000000000000000000e+00 0.000000000000000000e+00 0.000000000000000000e+00
0.000000000000000000e+00 0.000000000000000000e+00 0.000000000000000000e+00 0.000000000000000000e+00
0.000000000000000000e+00 0.000000000000000000e+00 0.000000000000000000e+00 0.000000000000000000e+00
0.000000000000000000e+00 0.000000000000000000e+00 0.000000000000000000e+00 0.000000000000000000e+00
-1.195739683094835073e+03 -1.196093453909535583e+03 -1.196447224724236776e+03 -1.197126096905764371e+03
-1.194864256341102191e+03 -1.195638805286897195e+03 -1.195641935934789444e+03 -1.191881670263914657e+03
-1.196031583690338039e+03 -1.197790501584871436e+03 -1.195468571780111461e+03 -1.193794689435517512e+03
0.000000000000000000e+00 0.000000000000000000e+00 0.000000000000000000e+00 0.000000000000000000e+00
0.000000000000000000e+00 0.000000000000000000e+00 0.000000000000000000e+00 0.000000000000000000e+00
0.000000000000000000e+00 0.000000000000000000e+00 0.000000000000000000e+00 0.000000000000000000e+00
0.000000000000000000e+00 0.000000000000000000e+00 0.000000000000000000e+00 0.000000000000000000e+00
-1.240217469072460972e+03 -9.499978425610540853e+02 -1.240249886354554974e+03 -1.240119327907500747e+03
0.000000000000000000e+00 0.000000000000000000e+00 0.000000000000000000e+00 0.000000000000000000e+00
-1.313778705768032751e+03 -1.318674045305251411e+03 -1.316372174185725044e+03 -1.318501886456359898e+03
-1.343581671993243617e+03 -1.318219002018162882e+03 -1.314990938014098447e+03 -1.308191417800997442e+03
0.000000000000000000e+00 0.000000000000000000e+00 0.000000000000000000e+00 0.000000000000000000e+00
0.000000000000000000e+00 0.000000000000000000e+00 0.000000000000000000e+00 0.000000000000000000e+00
-1.300619024120037921e+03 -1.311341447000476364e+03 -1.306418115221484413e+03 -1.307969609220394659e+03
-1.307745584073055625e+03 -1.309553970637791735e+03 -1.311939449967908331e+03 -1.311067126294424270e+03
0.000000000000000000e+00 0.000000000000000000e+00 0.000000000000000000e+00 0.000000000000000000e+00
0.000000000000000000e+00 0.000000000000000000e+00 0.000000000000000000e+00 0.000000000000000000e+00
-1.309261700138811875e+03 -1.317661690037898552e+03 -1.317200916801789390e+03 -1.310774284274863476e+03
-1.316423808204315719e+03 -1.312156965561053767e+03 -1.318310824628908904e+03 -1.317360349767479192e+03
0.000000000000000000e+00 0.000000000000000000e+00 0.000000000000000000e+00 0.000000000000000000e+00
0.000000000000000000e+00 0.000000000000000000e+00 0.000000000000000000e+00 0.000000000000000000e+00
0.000000000000000000e+00 0.000000000000000000e+00 0.000000000000000000e+00 0.000000000000000000e+00
