0.000000000000000000e+00 0.000000000000000000e+00 0.000000000000000000e+00 0.000000000000000000e+00
-1.934999999999932996e+01 -1.948999999999932342e+01 -1.949999999999932143e+01 -1.950999999999932299e+01
-3.880169999999865382e+01 -1.946999999999932385e+01 -1.947999999999932186e+01 -1.951999999999932101e+01
0.000000000000000000e+00 0.000000000000000000e+00 0.000000000000000000e+00 0.000000000000000000e+00
0.000000000000000000e+00 0.000000000000000000e+00 0.000000000000000000e+00 0.000000000000000000e+00
-1.801413725089290949e+02 -1.486214048783215560e+02 -1.710783608267967963e+02 -1.711382110266468430e+02
0.000000000000000000e+00 0.000000000000000000e+00 0.000000000000000000e+00 0.000000000000000000e+00
-1.892155270064863544e+02 -1.795192649189411327e+02 -1.795890552685913519e+02 -1.796588456182415712e+02
0.000000000000000000e+00 0.000000000000000000e+00 0.000000000000000000e+00 0.000000000000000000e+00
0.000000000000000000e+00 0.000000000000000000e+00 0.000000000000000000e+00 0.000000000000000000e+00
-4.050570306195224362e+02 -4.010897631635817788e+02 -4.012387176999617395e+02 -4.013876722363418139e+02
0.000000000000000000e+00 0.000000000000000000e+00 0.000000000000000000e+00 0.000000000000000000e+00
0.000000000000000000e+00 0.000000000000000000e+00 0.000000000000000000e+00 0.000000000000000000e+00
-4.684732889781638505e+02 -4.533910457450129456e+02 -4.535498513268565830e+02 -4.549023870316513012e+02
-4.540920613139623470e+02 -4.528369703607444308e+02 -4.725458473679098006e+02 -4.698357955081050363e+02
-4.500897084627024469e+02 -4.502288020927124990e+02 -4.794935608044233959e+02 -4.738093396214797508e+02
-4.800177087186975200e+02 -4.776350441315489661e+02 -4.827021321996637653e+02 -4.806461433550077800e+02
0.000000000000000000e+00 0.000000000000000000e+00 0.000000000000000000e+00 0.000000000000000000e+00
-5.622455098357285124e+02 -5.617851914888112788e+02 -5.600447439681989863e+02 -5.574184336215514577e+02
-5.570634965025261636e+02 -5.521256411137940177e+02 -5.611131023148134318e+02 -5.583186792107254632e+02
-1.936999999999932953e+01 -1.939999999999932712e+01 -1.940999999999932868e+01 -1.941999999999932669e+01
-3.692899999999872307e+01 -1.933999999999933195e+01 -1.935999999999933152e+01 -1.942999999999932470e+01
-6.738200000000230716e+01 -3.681199999999872574e+01 -3.882168999999865378e+01 -7.211016184675210638e+01
-1.309150839717542283e+02 -1.309550240117442286e+02 -1.343535731017036028e+02 -1.387201472407830067e+02
-1.817432503381843389e+02 -1.907113955121162689e+02 -1.871970732314761676e+02 -1.540729822257882802e+02
-1.632873455391108166e+02 -1.710553634830371834e+02 -1.917404318491515767e+02 -1.832009225091544522e+02
-2.048804924617230938e+02 -1.796632124245432749e+02 -1.848649398705831857e+02 -1.944156621474620010e+02
-2.017262656850922440e+02 -1.834491111631412537e+02 -2.194949716248570439e+02 -2.202816627371326490e+02
0.000000000000000000e+00 0.000000000000000000e+00 0.000000000000000000e+00 0.000000000000000000e+00
-3.947308700362777358e+02 -3.973980446707818714e+02 -3.949504907247816163e+02 -3.993340938900922197e+02
-4.043576218985253945e+02 -3.991777919365714524e+02 -4.000231408854956499e+02 -4.250622112821059773e+02
-4.365541898860833498e+02 -4.367031444224633105e+02 -4.154715089875865601e+02 -4.430232462044207296e+02
-4.520900791081568286e+02 -4.525554916889525430e+02 -4.359067460573204471e+02 -4.590093014691498752e+02
-4.676305225367592584e+02 -4.516701483878728141e+02 -4.530703995619257967e+02 -4.610971548991783493e+02
-4.509005805071182635e+02 -4.695158814746514508e+02 -4.601424600624440018e+02 -4.613035031673887829e+02
0.000000000000000000e+00 0.000000000000000000e+00 0.000000000000000000e+00 0.000000000000000000e+00
-4.761534255790960515e+02 -4.887202624102557138e+02 -4.823465000638059905e+02 -4.499394248064098747e+02
0.000000000000000000e+00 0.000000000000000000e+00 0.000000000000000000e+00 0.000000000000000000e+00
-5.616484555394197287e+02 -5.597292080628596977e+02 -5.611307445093630122e+02 -5.574121343604514323e+02
0.000000000000000000e+00 0.000000000000000000e+00 0.000000000000000000e+00 0.000000000000000000e+00
-1.937999999999932754e+01 -1.938999999999932911e+01 -1.956999999999931816e+01 -1.957999999999931617e+01
-1.931999999999933237e+01 -1.932999999999933038e+01 -1.955999999999932015e+01 -1.958999999999931774e+01
0.000000000000000000e+00 0.000000000000000000e+00 0.000000000000000000e+00 0.000000000000000000e+00
0.000000000000000000e+00 0.000000000000000000e+00 0.000000000000000000e+00 0.000000000000000000e+00
-1.640548646381817832e+02 -2.001958552151217248e+02 -1.859110865781549364e+02 -1.903503194393686044e+02
-1.713791900100184478e+02 -2.008322010509938025e+02 -2.043234476744441110e+02 -1.829194657152208094e+02
-1.532459437382495082e+02 -1.857072622086187721e+02 -2.284782795345720956e+02 -1.749977813981439283e+02
-2.046325782775530229e+02 -2.243096197329993799e+02 -2.034143958213639110e+02 -1.849514891536717016e+02
0.000000000000000000e+00 0.000000000000000000e+00 0.000000000000000000e+00 0.000000000000000000e+00
-4.067677506700167669e+02 -3.944307170690263433e+02 -4.042734388364783626e+02 -4.044055496957096807e+02
0.000000000000000000e+00 0.000000000000000000e+00 0.000000000000000000e+00 0.000000000000000000e+00
0.000000000000000000e+00 0.000000000000000000e+00 0.000000000000000000e+00 0.000000000000000000e+00
0.000000000000000000e+00 0.000000000000000000e+00 0.000000000000000000e+00 0.000000000000000000e+00
-4.618817647446092565e+02 -4.480350536257332124e+02 -4.559201775589380077e+02 -4.610812428758559918e+02
-4.383999641468105892e+02 -4.644482288694608769e+02 -4.508584095770010549e+02 -4.590219025441691656e+02
0.000000000000000000e+00 0.000000000000000000e+00 0.000000000000000000e+00 0.000000000000000000e+00
-4.745258527281985153e+02 -4.877766936560865929e+02 -4.800940816337734987e+02 -4.802725597632590961e+02
0.000000000000000000e+00 0.000000000000000000e+00 0.000000000000000000e+00 0.000000000000000000e+00
-5.610113379387955774e+02 -5.578055127404300038e+02 -5.518003856485719325e+02 -5.562984231440384519e+02
-5.586743074145775836e+02 -5.558946070018796490e+02 -5.586413060388107397e+02 -5.578174444255239450e+02
0.000000000000000000e+00 0.000000000000000000e+00 0.000000000000000000e+00 0.000000000000000000e+00
0.000000000000000000e+00 0.000000000000000000e+00 0.000000000000000000e+00 0.000000000000000000e+00
-8.509315602033827020e+01 -2.987867591536431888e+00 -8.095366052598471640e+01 -6.556051311688658245e+01
-1.045606650499930623e+02 -7.058429711916210181e+01 -5.978350428141681050e+00 -9.397811052843769630e+01
0.000000000000000000e+00 0.000000000000000000e+00 0.000000000000000000e+00 0.000000000000000000e+00
-1.617900252532117520e+02 -1.723849839013813323e+02 -1.620395793118680672e+02 -1.620974305366481758e+02
0.000000000000000000e+00 0.000000000000000000e+00 0.000000000000000000e+00 0.000000000000000000e+00
-2.102661764358933567e+02 -2.466469972810095896e+02 -2.450107217801206616e+02 -2.450705719799706799e+02
0.000000000000000000e+00 0.000000000000000000e+00 0.000000000000000000e+00 0.000000000000000000e+00
-3.696669842332296980e+02 -4.035789359104245477e+02 -3.991456988735735649e+02 -4.060245227475264755e+02
-4.108823503252218643e+02 -3.829600048941798605e+02 -4.043553896826631444e+02 -3.895738570910864951e+02
-3.956831791261557214e+02 -3.988900975342405673e+02 -4.138546609537263521e+02 -4.016904228353138251e+02
-4.037831020564245819e+02 -4.039024442514825637e+02 -4.337158537630519390e+02 -4.133807862476098762e+02
-4.237911917024169952e+02 -4.495266188376381251e+02 -4.491437802824408436e+02 -4.334923927592017776e+02
-4.451714498783615568e+02 -4.398072643500220238e+02 -4.576153885787855415e+02 -4.386030881599403983e+02
-4.387226061088584856e+02 -4.388398093658675521e+02 -4.460646805902262031e+02 -4.458414160446143910e+02
-4.545144019693670430e+02 -4.777225040834366609e+02 -4.501002435743957903e+02 -4.508873453439401828e+02
0.000000000000000000e+00 0.000000000000000000e+00 0.000000000000000000e+00 0.000000000000000000e+00
-5.607051332016527567e+02 -5.564530423317035002e+02 -5.594984496197660064e+02 -5.608318909698533616e+02
0.000000000000000000e+00 0.000000000000000000e+00 0.000000000000000000e+00 0.000000000000000000e+00
0.000000000000000000e+00 0.000000000000000000e+00 0.000000000000000000e+00 0.000000000000000000e+00
0.000000000000000000e+00 0.000000000000000000e+00 0.000000000000000000e+00 0.000000000000000000e+00
-1.209800161535804079e+02 -1.396066200000148001e+02 -1.208986045793451183e+02 -4.178040563518113260e+01
-1.288997663997105008e+02 -8.713126697008160448e+00 -1.309092145444416815e+02 -9.831143717261782911e+01
-1.186201060896949429e+02 -1.185816221837105502e+02 -1.115956327270589732e+01 -1.415344098208490209e+02
-1.636254566634548837e+02 -1.581445572128834840e+02 -9.275388136551268303e+01 -1.571681184320687805e+02
0.000000000000000000e+00 0.000000000000000000e+00 0.000000000000000000e+00 0.000000000000000000e+00
-2.536418773307476613e+02 -2.603410560080491791e+02 -2.643264133194301735e+02 -2.643862635192802486e+02
0.000000000000000000e+00 0.000000000000000000e+00 0.000000000000000000e+00 0.000000000000000000e+00
-3.643748250465031902e+02 -3.641951116318164736e+02 -3.439047664984348671e+02 -3.637742145554517492e+02
-4.028596117823940972e+02 -3.853483725767716237e+02 -3.728209189024158832e+02 -3.693335409114004051e+02
-3.943918209819025833e+02 -3.807208264449537864e+02 -3.738151534493032386e+02 -3.749064750960583297e+02
0.000000000000000000e+00 0.000000000000000000e+00 0.000000000000000000e+00 0.000000000000000000e+00
0.000000000000000000e+00 0.000000000000000000e+00 0.000000000000000000e+00 0.000000000000000000e+00
-4.568024506120812021e+02 -4.717963441480393385e+02 -4.524406390736711501e+02 -4.526092858499327463e+02
0.000000000000000000e+00 0.000000000000000000e+00 0.000000000000000000e+00 0.000000000000000000e+00
-4.652431809674253032e+02 -4.556802562081340966e+02 -4.568631553893236514e+02 -4.570022490193337035e+02
0.000000000000000000e+00 0.000000000000000000e+00 0.000000000000000000e+00 0.000000000000000000e+00
-5.510638923530523243e+02 -5.572339883021149944e+02 -5.509678382260840408e+02 -5.583889982079363108e+02
-5.562498688720207838e+02 -5.522159853635736226e+02 -5.559154787500866632e+02 -5.538063197295695090e+02
0.000000000000000000e+00 0.000000000000000000e+00 0.000000000000000000e+00 0.000000000000000000e+00
-1.236076549360793706e+02 -1.236528712815588307e+02 -1.237958614328213685e+02 -1.237473266896694923e+02
-1.231516904212572570e+02 -9.130981381979550804e+01 -1.231962684833709005e+02 -1.230159047298528634e+02
-1.278505252416023978e+02 -1.602778092700150125e+02 -1.182450930793794726e+02 -1.297702713443121354e+02
-1.604362020925809986e+02 -1.339960763373238706e+01 -1.477361226982642961e+02 -1.075937566811282124e+02
-1.281631890382455765e+02 -1.676972776720218974e+02 -1.549256697823542694e+01 -1.348488682353441561e+02
0.000000000000000000e+00 0.000000000000000000e+00 0.000000000000000000e+00 0.000000000000000000e+00
-2.756356819532618943e+02 -3.051831319028613052e+02 -2.719349238072657045e+02 -2.842184700695711399e+02
-2.971058283263154181e+02 -2.971756186759656657e+02 -3.344351928551271840e+02 -3.101281620734810645e+02
-3.285088478355195321e+02 -3.482637291489501763e+02 -3.556738251416901448e+02 -3.518081664076521520e+02
-3.853383958178925468e+02 -3.857871553212766003e+02 -3.914634440367129287e+02 -3.688656636523379575e+02
-3.729938039258551044e+02 -3.775627266490540705e+02 -3.922388278322160318e+02 -3.749459387416336540e+02
0.000000000000000000e+00 0.000000000000000000e+00 0.000000000000000000e+00 0.000000000000000000e+00
-4.547759060125064821e+02 -4.626633312152855524e+02 -4.630104540952630146e+02 -4.677242008890322040e+02
-4.687926667311386382e+02 -4.847022258431351815e+02 -4.587980338282833372e+02 -4.666679441908027002e+02
-4.739706181671429022e+02 -4.683948778670821298e+02 -4.681903004616590351e+02 -4.666520289768725434e+02
-4.619077769345575462e+02 -4.619370666805395444e+02 -4.696447317166639550e+02 -4.634480798595818101e+02
0.000000000000000000e+00 0.000000000000000000e+00 0.000000000000000000e+00 0.000000000000000000e+00
-5.549129456572763957e+02 -5.484036903848508473e+02 -5.533076921037611555e+02 -5.502300539938964903e+02
-5.494873836717314362e+02 -5.521771737729045526e+02 -5.544466250546740866e+02 -5.543187658198376084e+02
0.000000000000000000e+00 0.000000000000000000e+00 0.000000000000000000e+00 0.000000000000000000e+00
0.000000000000000000e+00 0.000000000000000000e+00 0.000000000000000000e+00 0.000000000000000000e+00
-1.241429940514170482e+02 -1.240773649550290259e+02 -1.240573269772406491e+02 -1.237622020786591719e+02
0.000000000000000000e+00 0.000000000000000000e+00 0.000000000000000000e+00 0.000000000000000000e+00
-2.248958896236840133e+02 -1.147302212506866397e+02 -2.162141481106854712e+02 -2.240989888012036886e+02
-2.261917303113796152e+02 -1.746195821725671138e+01 -2.002419786171827809e+02 -2.159445087192362394e+02
0.000000000000000000e+00 0.000000000000000000e+00 0.000000000000000000e+00 0.000000000000000000e+00
-2.346966784189150985e+02 -2.881833787143820587e+02 -2.836443277085344903e+02 -2.838106680840469949e+02
0.000000000000000000e+00 0.000000000000000000e+00 0.000000000000000000e+00 0.000000000000000000e+00
-3.293734197566299713e+02 -3.269034944181351534e+02 -3.282278981358685996e+02 -3.284846739870242232e+02
0.000000000000000000e+00 0.000000000000000000e+00 0.000000000000000000e+00 0.000000000000000000e+00
0.000000000000000000e+00 0.000000000000000000e+00 0.000000000000000000e+00 0.000000000000000000e+00
-4.402245563647185236e+02 -4.397349038911686421e+02 -4.381195001168426302e+02 -4.693806162581879562e+02
-4.635856624333921445e+02 -4.587257110632784816e+02 -4.683217269699460985e+02 -4.727360781043394127e+02
-4.689258028229237993e+02 -4.932473768499352786e+02 -4.696431001941581371e+02 -4.742065169589274660e+02
-4.744632639247386123e+02 -4.710510538040701931e+02 -4.712734796763187433e+02 -4.673403267098747733e+02
0.000000000000000000e+00 0.000000000000000000e+00 0.000000000000000000e+00 0.000000000000000000e+00
0.000000000000000000e+00 0.000000000000000000e+00 0.000000000000000000e+00 0.000000000000000000e+00
-5.546224374768771668e+02 -5.485373400817807124e+02 -5.543334416952702668e+02 -5.539436888142872704e+02
0.000000000000000000e+00 0.000000000000000000e+00 0.000000000000000000e+00 0.000000000000000000e+00
-3.162002045518378850e+02 -3.013689946841359983e+02 -3.014387850337862460e+02 -3.015261954230866763e+02
-3.157659771144030856e+02 -3.012294139848355599e+02 -3.013168243741359902e+02 -3.015783657330866845e+02
0.000000000000000000e+00 0.000000000000000000e+00 0.000000000000000000e+00 0.000000000000000000e+00
0.000000000000000000e+00 0.000000000000000000e+00 0.000000000000000000e+00 0.000000000000000000e+00
-2.546991623206803865e+02 -2.364592620676084209e+02 -2.540678842132966793e+02 -2.588583137422035634e+02
-1.726053480416607044e+02 -1.931455587549278619e+01 -2.503083279110247474e+02 -2.048679031529786130e+02
-2.791828654426805656e+02 -1.938050078654997606e+02 -2.105154634342188302e+01 -2.278354387642428378e+02
-2.675081983610449470e+02 -2.903472391037886950e+02 -2.267296046215867023e+01 -1.854543239317145549e+02
-2.164589235670232483e+02 -2.602858999007789862e+02 -2.417896862594087537e+01 -2.833925285906578324e+02
-3.246812918728481918e+02 -3.242739316153792970e+02 -1.777460794596378832e+02 -3.261322442361042704e+02
-3.328803042314846152e+02 -3.315243215110781421e+02 -3.252106319056861707e+02 -3.314741366318486371e+02
0.000000000000000000e+00 0.000000000000000000e+00 0.000000000000000000e+00 0.000000000000000000e+00
-4.433440116545767751e+02 -4.370478907920815459e+02 -4.402200522618301761e+02 -4.404083519131863795e+02
0.000000000000000000e+00 0.000000000000000000e+00 0.000000000000000000e+00 0.000000000000000000e+00
-4.775612899644270897e+02 -4.983858088328924509e+02 -4.747130641841488341e+02 -4.700885835191709248e+02
-4.745012043811154285e+02 -4.674795307443831689e+02 -4.755107360574409086e+02 -4.751964813512468595e+02
0.000000000000000000e+00 0.000000000000000000e+00 0.000000000000000000e+00 0.000000000000000000e+00
-5.475849978832258103e+02 -5.439771307266522626e+02 -5.414645107465914862e+02 -5.450941778919179797e+02
-5.467393429071039463e+02 -5.486186812824785193e+02 -5.516874635600710235e+02 -5.435456648301624227e+02
0.000000000000000000e+00 0.000000000000000000e+00 0.000000000000000000e+00 0.000000000000000000e+00
-3.160179961529362345e+02 -3.161247486411078853e+02 -3.162571578308379117e+02 -3.163256954001016652e+02
-3.157591734166331889e+02 -3.079881915308354223e+02 -3.159610428739361510e+02 -3.160984093802477446e+02
-3.006521172087878426e+02 -2.804195520503809007e+02 -3.131502248497652658e+02 -3.112436773894684165e+02
-2.963392967937764979e+02 -2.847796113632731476e+02 -2.896528907581310364e+02 -2.846568972540160871e+02
-2.829336330961327803e+02 -2.784372885031542637e+02 -2.823042844701006970e+02 -2.827437320696080860e+02
0.000000000000000000e+00 0.000000000000000000e+00 0.000000000000000000e+00 0.000000000000000000e+00
-3.103442603596656681e+02 -2.174903710777091987e+02 -3.032782376315878423e+02 -3.033678784703290034e+02
0.000000000000000000e+00 0.000000000000000000e+00 0.000000000000000000e+00 0.000000000000000000e+00
-2.160104674645670002e+02 -2.557012897775618399e+01 -1.915144707102543293e+02 -2.717968572436955128e+02
0.000000000000000000e+00 0.000000000000000000e+00 0.000000000000000000e+00 0.000000000000000000e+00
-3.362314408798042678e+02 -3.336114933628677477e+02 -3.349496546365213021e+02 -3.348557863544511974e+02
0.000000000000000000e+00 0.000000000000000000e+00 0.000000000000000000e+00 0.000000000000000000e+00
-4.727987060579549734e+02 -4.373378739381668083e+02 -4.431081952419577306e+02 -4.795399227864103295e+02
-4.729275241300388757e+02 -4.731158237813949086e+02 -4.743118895100395775e+02 -4.779837234798915233e+02
-4.835614325744966209e+02 -5.025733296790024838e+02 -4.735944532125176352e+02 -4.786979558531546104e+02
-5.029727738176122784e+02 -4.746867105393785664e+02 -4.806261300782343824e+02 -4.959229132188544327e+02
0.000000000000000000e+00 0.000000000000000000e+00 0.000000000000000000e+00 0.000000000000000000e+00
-5.427898385771892436e+02 -5.410994829911704755e+02 -5.375451965944450876e+02 -5.372370701774418649e+02
0.000000000000000000e+00 0.000000000000000000e+00 0.000000000000000000e+00 0.000000000000000000e+00
-5.158140415756226957e+02 -5.110958136593548033e+02 -5.127939637678871350e+02 -5.122728095542855726e+02
0.000000000000000000e+00 0.000000000000000000e+00 0.000000000000000000e+00 0.000000000000000000e+00
0.000000000000000000e+00 0.000000000000000000e+00 0.000000000000000000e+00 0.000000000000000000e+00
-3.135796927386141419e+02 -3.208219060149103825e+02 -3.146636136595225253e+02 -2.961888658828527241e+02
-2.941757853043837940e+02 -2.939155458506950254e+02 -2.941552019708502712e+02 -2.955620015998558756e+02
-2.844115125896719860e+02 -2.929653014537361742e+02 -2.856922459062591315e+02 -2.846596002506834111e+02
0.000000000000000000e+00 0.000000000000000000e+00 0.000000000000000000e+00 0.000000000000000000e+00
-3.351612929730214319e+02 -3.164730811277677276e+02 -3.240587694231347768e+02 -3.250732150641588873e+02
-3.314432623506003210e+02 -3.315527139973050339e+02 -3.346397344599313897e+02 -3.271761727705075486e+02
-3.268807215775254349e+02 -2.684759947132210200e+01 -3.385773129576299993e+02 -2.150280172439243245e+02
-2.803756795120489755e+02 -2.548155005388531436e+02 -2.801332909283646799e+01 -3.383196503304023963e+02
-3.379774274547426103e+02 -3.367902181542065705e+02 -3.384062254409442403e+02 -3.377493943657018463e+02
0.000000000000000000e+00 0.000000000000000000e+00 0.000000000000000000e+00 0.000000000000000000e+00
0.000000000000000000e+00 0.000000000000000000e+00 0.000000000000000000e+00 0.000000000000000000e+00
0.000000000000000000e+00 0.000000000000000000e+00 0.000000000000000000e+00 0.000000000000000000e+00
-4.832551221548480385e+02 -5.053003276179556451e+02 -5.042118202379689365e+02 -5.007089058146450498e+02
-4.751412818351597593e+02 -5.012716850714740531e+02 -5.045815469738519710e+02 -4.967258292256004211e+02
0.000000000000000000e+00 0.000000000000000000e+00 0.000000000000000000e+00 0.000000000000000000e+00
-5.330297174705013958e+02 -5.368298607517076562e+02 -5.323080957989494664e+02 -5.375687374027040732e+02
-5.496107792344982954e+02 -5.123839382647894354e+02 -5.306155420969483885e+02 -4.966078793180873845e+02
-4.944083377760209146e+02 -5.123744250164761525e+02 -5.140706220177451087e+02 -4.945409546718466913e+02
0.000000000000000000e+00 0.000000000000000000e+00 0.000000000000000000e+00 0.000000000000000000e+00
-2.949333430430885414e+02 -2.950031333927388459e+02 -3.263378173985428248e+02 -2.951703341316895148e+02
-3.119732936759143058e+02 -3.272788855962098751e+02 -2.948811727330885901e+02 -2.952225044416894661e+02
0.000000000000000000e+00 0.000000000000000000e+00 0.000000000000000000e+00 0.000000000000000000e+00
0.000000000000000000e+00 0.000000000000000000e+00 0.000000000000000000e+00 0.000000000000000000e+00
-3.612748388540837823e+02 -3.598998925708838215e+02 -3.600093442175883638e+02 -3.486518200810454005e+02
-3.505715957985851219e+02 -3.425459980094637444e+02 -3.417215544525055293e+02 -3.349222929729550060e+02
0.000000000000000000e+00 0.000000000000000000e+00 0.000000000000000000e+00 0.000000000000000000e+00
-3.398087296382905151e+02 -2.423739516459948504e+02 -3.481506511913244140e+02 -3.503077600005808563e+02
-2.709084095966238124e+02 -2.906897695280533611e+01 -3.401618295002952550e+02 -2.560362805065507814e+02
0.000000000000000000e+00 0.000000000000000000e+00 0.000000000000000000e+00 0.000000000000000000e+00
-4.669680595491826693e+02 -4.686673905851454265e+02 -4.644317272207075007e+02 -4.709608035335834870e+02
-4.997858697907308283e+02 -4.604447927129269829e+02 -4.642266025783936811e+02 -5.070044968792499276e+02
-5.059539224154049748e+02 -4.938873973524998746e+02 -5.020383078884332235e+02 -5.074185000900027944e+02
-4.854864679549016273e+02 -5.047601729057584521e+02 -5.000779978799280912e+02 -4.820641339574472681e+02
-4.816185385105839032e+02 -4.752699120250763940e+02 -5.004243633185156455e+02 -5.012056059577514588e+02
0.000000000000000000e+00 0.000000000000000000e+00 0.000000000000000000e+00 0.000000000000000000e+00
0.000000000000000000e+00 0.000000000000000000e+00 0.000000000000000000e+00 0.000000000000000000e+00
-5.507726418388539287e+02 -5.274689088498113279e+02 -5.470401988411431375e+02 -5.441778964460056613e+02
-5.092084635446930179e+02 -5.109046102933116913e+02 -5.337190112272384113e+02 -5.088550655697129628e+02
0.000000000000000000e+00 0.000000000000000000e+00 0.000000000000000000e+00 0.000000000000000000e+00
0.000000000000000000e+00 0.000000000000000000e+00 0.000000000000000000e+00 0.000000000000000000e+00
-3.539549952625789047e+02 -3.233076648287774333e+02 -3.203874892684698352e+02 -3.401060476760577558e+02
-3.820288142159765812e+02 -3.606466923824570472e+02 -3.471656067321935097e+02 -3.658344714444163515e+02
-3.849623987460748253e+02 -3.492551536792418005e+02 -3.802260299708746061e+02 -3.594899165638240106e+02
-3.687384930968563026e+02 -3.639314586043520876e+02 -3.569302162777612466e+02 -3.624404106077715824e+02
-3.622908703916497757e+02 -3.514506128690044306e+02 -3.719969158034874113e+02 -3.688731895220573165e+02
-3.749195434159456681e+02 -3.750586370459554928e+02 -3.748999211794618418e+02 -3.598059566498163235e+02
0.000000000000000000e+00 0.000000000000000000e+00 0.000000000000000000e+00 0.000000000000000000e+00
-3.128546944701680559e+02 -3.001705253179943611e+01 -2.771708497814797170e+02 -2.557289423134555193e+02
0.000000000000000000e+00 0.000000000000000000e+00 0.000000000000000000e+00 0.000000000000000000e+00
-4.678834849622577963e+02 -4.709087604713731707e+02 -4.672256165653211042e+02 -4.674139162166770802e+02
0.000000000000000000e+00 0.000000000000000000e+00 0.000000000000000000e+00 0.000000000000000000e+00
-5.075219796875720704e+02 -5.102932298766282884e+02 -5.058344724906661440e+02 -5.060325838423706841e+02
0.000000000000000000e+00 0.000000000000000000e+00 0.000000000000000000e+00 0.000000000000000000e+00
-4.905790714494260669e+02 -5.039710280442353678e+02 -4.817018613288842630e+02 -4.818705081051460297e+02
0.000000000000000000e+00 0.000000000000000000e+00 0.000000000000000000e+00 0.000000000000000000e+00
-5.531422547583460982e+02 -5.499498996303520926e+02 -5.543952902072800271e+02 -5.545109126653885596e+02
-5.505143674660430406e+02 -5.385365730640828588e+02 -5.501346215288730264e+02 -5.499158822868050720e+02
0.000000000000000000e+00 0.000000000000000000e+00 0.000000000000000000e+00 0.000000000000000000e+00
0.000000000000000000e+00 0.000000000000000000e+00 0.000000000000000000e+00 0.000000000000000000e+00
-3.706658418644335597e+02 -3.707653930623361020e+02 -3.708649442602387012e+02 -3.712366119529659727e+02
-3.643508662675247365e+02 -3.577414211121048311e+02 -3.706007097084435600e+02 -3.706409021872439098e+02
-3.577505319477290300e+02 -3.663086439369523646e+02 -3.857608580580248372e+02 -3.614467343077106420e+02
-3.676891191182197645e+02 -3.919741128880546057e+02 -3.715882606139641666e+02 -3.769794631513685772e+02
-3.772875853511030755e+02 -3.731630157686494158e+02 -3.737770531044938593e+02 -3.738576742200503418e+02
-3.805106449498481425e+02 -3.728148965639195467e+02 -3.667450404015426670e+02 -3.750347919398420800e+02
0.000000000000000000e+00 0.000000000000000000e+00 0.000000000000000000e+00 0.000000000000000000e+00
0.000000000000000000e+00 0.000000000000000000e+00 0.000000000000000000e+00 0.000000000000000000e+00
-3.952438915793878209e+02 -3.086100257421332671e+01 -3.244484745469471818e+02 -3.811355471474312253e+02
-3.955856992173156073e+02 -3.956700753164939215e+02 -3.022565858738477687e+02 -3.952471029903090312e+02
0.000000000000000000e+00 0.000000000000000000e+00 0.000000000000000000e+00 0.000000000000000000e+00
-4.792317133081111251e+02 -4.793636510042711052e+02 -4.791080404451928416e+02 -4.790379538493988889e+02
0.000000000000000000e+00 0.000000000000000000e+00 0.000000000000000000e+00 0.000000000000000000e+00
-5.135530097095323754e+02 -5.137314878390179729e+02 -5.103081143826543098e+02 -5.158274728653658485e+02
-4.952630866131568155e+02 -5.112880638908074502e+02 -5.108701889283702258e+02 -5.288823995903662762e+02
-5.137862454059029460e+02 -5.165290601686492664e+02 -5.367904728376743151e+02 -5.139466160941627777e+02
0.000000000000000000e+00 0.000000000000000000e+00 0.000000000000000000e+00 0.000000000000000000e+00
-5.434983593304103806e+02 -5.411792886368772315e+02 -5.354242196917182355e+02 -5.362863997072934126e+02
0.000000000000000000e+00 0.000000000000000000e+00 0.000000000000000000e+00 0.000000000000000000e+00
0.000000000000000000e+00 0.000000000000000000e+00 0.000000000000000000e+00 0.000000000000000000e+00
0.000000000000000000e+00 0.000000000000000000e+00 0.000000000000000000e+00 0.000000000000000000e+00
-3.701787228019115901e+02 -3.704276711858786371e+02 -3.608323589002648077e+02 -3.609219997390061394e+02
0.000000000000000000e+00 0.000000000000000000e+00 0.000000000000000000e+00 0.000000000000000000e+00
-3.865720246093013088e+02 -4.035393025858313649e+02 -3.822870284740388911e+02 -3.927811102182357104e+02
-3.832028520641941327e+02 -3.873801859408466726e+02 -3.882312370160069008e+02 -3.830621040234904058e+02
-3.784993562135206275e+02 -3.797348070445895587e+02 -3.936895043900414066e+02 -3.843427309356577553e+02
-3.852522531874033689e+02 -3.867867045087605788e+02 -3.986061167165422603e+02 -3.947092741496242070e+02
-3.997185101031998329e+02 -3.999264233435529832e+02 -4.049338341635491929e+02 -3.273634945960949381e+02
-3.032704735926241710e+02 -3.160354762405570028e+01 -3.967459564406527761e+02 -3.632614842536187894e+02
0.000000000000000000e+00 0.000000000000000000e+00 0.000000000000000000e+00 0.000000000000000000e+00
0.000000000000000000e+00 0.000000000000000000e+00 0.000000000000000000e+00 0.000000000000000000e+00
-4.899782564066767918e+02 -4.773773443983038192e+02 -4.746222724802163953e+02 -4.762867695725608996e+02
-4.587367029729633714e+02 -4.782173393466251241e+02 -4.927131778235183219e+02 -4.780902172056746053e+02
0.000000000000000000e+00 0.000000000000000000e+00 0.000000000000000000e+00 0.000000000000000000e+00
-4.994162168132193074e+02 -5.165406441799462982e+02 -4.818108234123286024e+02 -4.945374324031157585e+02
0.000000000000000000e+00 0.000000000000000000e+00 0.000000000000000000e+00 0.000000000000000000e+00
0.000000000000000000e+00 0.000000000000000000e+00 0.000000000000000000e+00 0.000000000000000000e+00
-5.371770038606647404e+02 -5.332379241543685566e+02 -5.296323461365878984e+02 -5.299764610662180075e+02
0.000000000000000000e+00 0.000000000000000000e+00 0.000000000000000000e+00 0.000000000000000000e+00
0.000000000000000000e+00 0.000000000000000000e+00 0.000000000000000000e+00 0.000000000000000000e+00
0.000000000000000000e+00 0.000000000000000000e+00 0.000000000000000000e+00 0.000000000000000000e+00
0.000000000000000000e+00 0.000000000000000000e+00 0.000000000000000000e+00 0.000000000000000000e+00
0.000000000000000000e+00 0.000000000000000000e+00 0.000000000000000000e+00 0.000000000000000000e+00
-4.206701084895481699e+02 -4.212939916540472041e+02 -4.196233119733072954e+02 -4.197821175551510464e+02
0.000000000000000000e+00 0.000000000000000000e+00 0.000000000000000000e+00 0.000000000000000000e+00
0.000000000000000000e+00 0.000000000000000000e+00 0.000000000000000000e+00 0.000000000000000000e+00
0.000000000000000000e+00 0.000000000000000000e+00 0.000000000000000000e+00 0.000000000000000000e+00
0.000000000000000000e+00 0.000000000000000000e+00 0.000000000000000000e+00 0.000000000000000000e+00
-3.397071795000742327e+02 -3.224636923782803422e+01 -2.639822798456984856e+02 -3.096584376992344119e+02
-3.536522625007241913e+02 -3.565510380760762246e+02 -3.279098186606715615e+01 -2.810978287715919350e+02
-4.150702423019673120e+02 -4.129553436768077859e+02 -3.323892757807703191e+01 -4.175093989659730482e+02
-4.029989158559735074e+02 -4.707310432582971771e+02 -3.359112444350986948e+01 -4.658777957874615367e+02
-4.798086884949104842e+02 -4.983170362105454956e+02 -2.970922359557089862e+02 -4.901816736074877667e+02
-4.963816385902192110e+02 -4.865676985870201179e+02 -4.894917218837751989e+02 -5.091483341631468420e+02
-5.173974182323851210e+02 -5.238953388091953229e+02 -4.986438508971302781e+02 -5.113263098346396873e+02
-5.027268580489380838e+02 -5.030031106051670804e+02 -5.256331500021119609e+02 -5.225173309784809135e+02
-5.340446405577491760e+02 -5.333592858609740688e+02 -5.349044406922207600e+02 -5.245897660577140869e+02
-5.300215525083490320e+02 -5.279499686453034428e+02 -5.360855722913132695e+02 -5.312900874782726532e+02
0.000000000000000000e+00 0.000000000000000000e+00 0.000000000000000000e+00 0.000000000000000000e+00
0.000000000000000000e+00 0.000000000000000000e+00 0.000000000000000000e+00 0.000000000000000000e+00
-4.478709449228322228e+02 -4.480592445741880283e+02 -4.482475442255442317e+02 -4.485976114917727386e+02
-4.473159563279252779e+02 -4.474756403691752098e+02 -4.477844534400089742e+02 -4.487703660982260203e+02
-4.467411470146960824e+02 -4.469294466660520584e+02 -4.472255906402120900e+02 -4.488351786693580152e+02
-4.498533507695975686e+02 -4.458199493551861110e+02 -4.466546555318727769e+02 -4.380588016326010461e+02
0.000000000000000000e+00 0.000000000000000000e+00 0.000000000000000000e+00 0.000000000000000000e+00
-4.936181611285074382e+02 -4.932642165805586956e+02 -4.936083315101887479e+02 -4.843749828198424439e+02
0.000000000000000000e+00 0.000000000000000000e+00 0.000000000000000000e+00 0.000000000000000000e+00
0.000000000000000000e+00 0.000000000000000000e+00 0.000000000000000000e+00 0.000000000000000000e+00
0.000000000000000000e+00 0.000000000000000000e+00 0.000000000000000000e+00 0.000000000000000000e+00
0.000000000000000000e+00 0.000000000000000000e+00 0.000000000000000000e+00 0.000000000000000000e+00
0.000000000000000000e+00 0.000000000000000000e+00 0.000000000000000000e+00 0.000000000000000000e+00
-4.936922963921069822e+02 -3.384726918503469761e+01 -4.627929296496145639e+02 -3.970122479004579645e+02
0.000000000000000000e+00 0.000000000000000000e+00 0.000000000000000000e+00 0.000000000000000000e+00
0.000000000000000000e+00 0.000000000000000000e+00 0.000000000000000000e+00 0.000000000000000000e+00
-4.707887163825935204e+02 -5.262382089846780673e+02 -5.187781094353299522e+02 -5.186480440309052256e+02
0.000000000000000000e+00 0.000000000000000000e+00 0.000000000000000000e+00 0.000000000000000000e+00
0.000000000000000000e+00 0.000000000000000000e+00 0.000000000000000000e+00 0.000000000000000000e+00
-5.256292995306844205e+02 -5.330766293223050525e+02 -5.303383014251015766e+02 -5.360560612952847350e+02
-5.412344750402580758e+02 -5.356154733545272393e+02 -5.307401955928959296e+02 -5.302378591312491380e+02
0.000000000000000000e+00 0.000000000000000000e+00 0.000000000000000000e+00 0.000000000000000000e+00
0.000000000000000000e+00 0.000000000000000000e+00 0.000000000000000000e+00 0.000000000000000000e+00
0.000000000000000000e+00 0.000000000000000000e+00 0.000000000000000000e+00 0.000000000000000000e+00
0.000000000000000000e+00 0.000000000000000000e+00 0.000000000000000000e+00 0.000000000000000000e+00
-4.659000331510748083e+02 -4.680155361231845177e+02 -4.685931096495851307e+02 -4.658230207264001592e+02
0.000000000000000000e+00 0.000000000000000000e+00 0.000000000000000000e+00 0.000000000000000000e+00
-4.979623059102699472e+02 -4.909209061537422372e+02 -4.926231164134107416e+02 -4.874712634077096709e+02
-4.868228098905746037e+02 -4.926909002897057235e+02 -4.934616126540126970e+02 -4.881003511853833174e+02
-4.902217938795686223e+02 -4.921230902252041233e+02 -4.932793729087250654e+02 -4.906606669125520170e+02
-4.936488277067040258e+02 -4.841714777898851025e+02 -4.936245011084664043e+02 -4.930700567524974076e+02
-4.944269884176097207e+02 -4.927539818590803975e+02 -4.953460833117324000e+02 -4.944119554463332520e+02
-4.951866417921542052e+02 -4.957008554244602578e+02 -4.999055157838675427e+02 -3.389673217181217524e+02
-4.673816513494056153e+02 -3.400580573271307117e+01 -4.704862793358699378e+02 -4.437023407043265593e+02
-4.965726799825076228e+02 -2.865056072886096104e+02 -3.406437593062746316e+01 -4.238621746993372312e+02
-4.997283607588076961e+02 -4.201634123201993134e+02 -3.402045223591274947e+01 -4.748214022823075311e+02
-5.194917797586434745e+02 -5.250984936410962973e+02 -3.386919147536016794e+01 -5.189408745582835536e+02
-5.225029300667983989e+02 -5.276512482750786148e+02 -4.807897383375562299e+02 -5.289782568819381368e+02
-5.375160005394765221e+02 -5.295259555059542436e+02 -5.228915919866113882e+02 -5.350383212890565119e+02
-5.349284480467131289e+02 -5.345536511602958853e+02 -5.393951339023761875e+02 -5.279037122928626786e+02
-5.266944338401456207e+02 -5.310377571309421683e+02 -5.386836748578703009e+02 -5.295164661570463522e+02
0.000000000000000000e+00 0.000000000000000000e+00 0.000000000000000000e+00 0.000000000000000000e+00
-4.837599716148870357e+02 -4.914323498250755620e+02 -4.890377007215961385e+02 -4.907948494885961281e+02
-4.820936441392170764e+02 -4.824778934543227251e+02 -4.795856338368845968e+02 -4.847393629741751511e+02
-4.767202666061142509e+02 -4.761333328975599670e+02 -4.704944785000596994e+02 -4.795641690817014364e+02
-4.752911827477135489e+02 -4.800250108599138343e+02 -4.713721484650708362e+02 -4.780071969005434198e+02
-4.798108288702745767e+02 -4.846272181058099022e+02 -4.880573117551791711e+02 -4.857294515714530689e+02
-4.868554922119594153e+02 -4.919878931535827746e+02 -4.924764015319776149e+02 -4.928579396739025356e+02
0.000000000000000000e+00 0.000000000000000000e+00 0.000000000000000000e+00 0.000000000000000000e+00
0.000000000000000000e+00 0.000000000000000000e+00 0.000000000000000000e+00 0.000000000000000000e+00
0.000000000000000000e+00 0.000000000000000000e+00 0.000000000000000000e+00 0.000000000000000000e+00
-4.897426651038598493e+02 -4.959640822269559521e+02 -4.945218260803149519e+02 -4.952745357085340743e+02
0.000000000000000000e+00 0.000000000000000000e+00 0.000000000000000000e+00 0.000000000000000000e+00
-4.986755187052543761e+02 -2.525380112678992361e+02 -5.102359161406110957e+02 -5.108034495442696539e+02
-5.113879139857345990e+02 -5.174468434664925098e+02 -4.440440865130535713e+02 -5.120476148722677863e+02
-5.145638767767984518e+02 -3.912331291767026187e+02 -5.219263014301668591e+02 -5.164055522338413766e+02
-5.225439398707283090e+02 -5.209100825190739670e+02 -5.225359159313674127e+02 -5.203074552586967911e+02
-5.232362063611651593e+02 -5.239426147118874724e+02 -5.233235794493591584e+02 -5.234434320401167042e+02
-5.260674025644776748e+02 -5.265284138583376716e+02 -5.315848904825412546e+02 -5.266577416955256012e+02
0.000000000000000000e+00 0.000000000000000000e+00 0.000000000000000000e+00 0.000000000000000000e+00
-5.285254406047481552e+02 -5.319474898408899435e+02 -5.573817020961756725e+02 -5.225294493255933048e+02
-4.876388090227879388e+02 -4.842756643248023352e+02 -4.929035238627205331e+02 -4.943150066491223242e+02
-4.900169035731594818e+02 -4.920165857556222022e+02 -4.864047128710719790e+02 -4.865440695956901891e+02
0.000000000000000000e+00 0.000000000000000000e+00 0.000000000000000000e+00 0.000000000000000000e+00
-4.767113536634645925e+02 -4.727406192685571682e+02 -4.762636328924037343e+02 -4.678944661114682617e+02
0.000000000000000000e+00 0.000000000000000000e+00 0.000000000000000000e+00 0.000000000000000000e+00
0.000000000000000000e+00 0.000000000000000000e+00 0.000000000000000000e+00 0.000000000000000000e+00
-4.879649139184523960e+02 -4.915608914268675562e+02 -4.888312800027568983e+02 -4.840532053765479645e+02
0.000000000000000000e+00 0.000000000000000000e+00 0.000000000000000000e+00 0.000000000000000000e+00
-4.889419184887873371e+02 -4.856361030278553699e+02 -4.949854309711092242e+02 -4.988642372305993149e+02
-4.986863052981144051e+02 -4.991119185593037173e+02 -4.824179514699110882e+02 -5.003410913607086172e+02
-5.009344247972338735e+02 -4.887718842071943754e+02 -4.897730630522347610e+02 -4.871003146933917947e+02
0.000000000000000000e+00 0.000000000000000000e+00 0.000000000000000000e+00 0.000000000000000000e+00
-4.943377626812853691e+02 -5.106757388878478423e+02 -5.106715788368561562e+02 -5.092820446440364890e+02
0.000000000000000000e+00 0.000000000000000000e+00 0.000000000000000000e+00 0.000000000000000000e+00
-5.209726540898141138e+02 -5.205532338448023211e+02 -5.206946126403623794e+02 -5.198124911644459871e+02
0.000000000000000000e+00 0.000000000000000000e+00 0.000000000000000000e+00 0.000000000000000000e+00
-5.255955604019452494e+02 -5.255056368597661276e+02 -5.256967553532790589e+02 -5.264074514628103998e+02
-5.269513941257769147e+02 -5.271312050827517623e+02 -5.265494324218965403e+02 -5.266974745066501100e+02
-5.251828650480981651e+02 -5.253771442525884368e+02 -5.260119893064015741e+02 -5.336607357620147241e+02
-5.086685342485785100e+02 -5.364994635002136647e+02 -5.276263795098152514e+02 -5.309401457081287390e+02
-4.876587322536350371e+02 -4.936234145935658262e+02 -4.879386522937853101e+02 -4.886307638316605448e+02
-4.947282286966970446e+02 -4.870023475360286511e+02 -4.948033484082764630e+02 -4.865022506183076985e+02
-4.836869039120290950e+02 -4.840406747267293213e+02 -4.919887344757720484e+02 -4.860978221612758716e+02
-4.800528468002616478e+02 -4.724216963581932305e+02 -4.911234545111706211e+02 -4.753413680752357209e+02
0.000000000000000000e+00 0.000000000000000000e+00 0.000000000000000000e+00 0.000000000000000000e+00
0.000000000000000000e+00 0.000000000000000000e+00 0.000000000000000000e+00 0.000000000000000000e+00
0.000000000000000000e+00 0.000000000000000000e+00 0.000000000000000000e+00 0.000000000000000000e+00
-4.966814974169141124e+02 -4.968501441931758791e+02 -4.969333546051995540e+02 -4.971933595485928663e+02
-4.747249747979622043e+02 -4.976614856792743353e+02 -4.883309096828247675e+02 -4.972766823668931693e+02
0.000000000000000000e+00 0.000000000000000000e+00 0.000000000000000000e+00 0.000000000000000000e+00
-5.007728517031669071e+02 -4.923221071794216073e+02 -5.081433923069992034e+02 -5.092627443659979463e+02
-4.705965266033257421e+02 -4.800248262546840010e+02 -4.983610845604273436e+02 -5.091705250964324136e+02
-5.079852027603969304e+02 -5.095230639032081967e+02 -5.001552130210118321e+02 -4.822513546661280657e+02
0.000000000000000000e+00 0.000000000000000000e+00 0.000000000000000000e+00 0.000000000000000000e+00
-5.208281744981280781e+02 -5.220206951292616395e+02 -5.220965387297056850e+02 -5.217264590833585771e+02
0.000000000000000000e+00 0.000000000000000000e+00 0.000000000000000000e+00 0.000000000000000000e+00
-5.263234478872515183e+02 -5.268419770888732501e+02 -5.268848267432593957e+02 -5.270617944948604645e+02
-5.273515320090473324e+02 -5.274909492325933797e+02 -5.278157209681902486e+02 -5.275458633474175940e+02
0.000000000000000000e+00 0.000000000000000000e+00 0.000000000000000000e+00 0.000000000000000000e+00
0.000000000000000000e+00 0.000000000000000000e+00 0.000000000000000000e+00 0.000000000000000000e+00
