
Starting position: Point(x=16, y=4)
Exit: Point(x=3, y=18)
Maze:
[[0 1 0 0 1 0 0 0 1 0 0 0 0 0 0 0 1 0 1 0]
 [0 0 0 0 0 1 0 0 0 0 0 0 0 0 0 0 0 0 0 1]
 [0 1 0 1 0 0 0 0 1 1 0 1 0 1 1 1 1 1 1 0]
 [0 0 0 0 0 1 0 0 0 0 0 1 0 0 0 0 0 1 1 0]
 [1 0 1 1 0 1 0 1 1 0 1 1 1 1 0 0 0 0 0 1]
 [0 0 1 0 0 1 0 0 0 0 0 0 0 0 0 1 1 1 1 0]
 [0 0 1 1 0 1 0 1 1 0 1 0 0 1 0 0 0 0 0 1]
 [0 0 1 1 0 1 0 0 1 1 1 0 0 1 0 0 1 1 0 0]
 [1 0 1 1 0 1 0 0 0 0 1 0 1 1 0 0 0 1 0 0]
 [0 0 0 1 0 1 1 0 1 0 1 0 1 1 0 1 1 1 1 1]
 [1 0 0 1 1 1 0 0 0 0 0 0 0 1 0 0 1 0 0 0]
 [1 0 0 0 0 1 1 0 1 1 1 1 0 1 1 1 0 0 1 1]
 [0 1 0 1 0 1 1 0 0 0 1 0 0 1 0 1 0 1 1 0]
 [0 0 0 0 0 0 1 0 0 0 0 0 0 0 0 0 0 0 0 0]
 [0 1 0 1 1 0 1 1 1 0 1 0 0 1 0 1 0 1 1 0]
 [1 0 0 0 1 0 1 1 0 0 1 0 0 0 0 0 0 1 0 1]
 [0 0 1 1 0 0 0 0 1 0 0 0 1 0 1 1 0 0 0 1]
 [0 1 1 0 1 0 1 0 0 0 1 0 0 1 0 0 0 0 0 1]
 [1 0 0 2 0 0 0 1 0 1 1 0 0 0 0 0 0 1 0 0]
 [0 1 0 0 0 0 0 1 0 0 0 1 0 0 0 1 0 0 0 1]]
Policy 0:
α=0.1, γ=0.99, ϵ=0.01
 -7.407788936243421176e+02 -7.409839174458468278e+02
0.000000000000000000e+00 0.000000000000000000e+00 0.000000000000000000e+00 0.000000000000000000e+00
0.000000000000000000e+00 0.000000000000000000e+00 0.000000000000000000e+00 0.000000000000000000e+00
-7.159862562901753336e+02 -7.162916509272170060e+02 -7.165970455642589059e+02 -7.183964050510412562e+02
-7.196241168774358812e+02 -7.153555069960916626e+02 -7.158900714944198853e+02 -7.167650710853779401e+02
-7.199075481554949647e+02 -7.161631758282314877e+02 -7.212385225293658095e+02 -7.211583810859932555e+02
0.000000000000000000e+00 0.000000000000000000e+00 0.000000000000000000e+00 0.000000000000000000e+00
-7.172143818868092922e+02 -7.055783631564884217e+02 -7.058448822317926670e+02 -7.062837353561018290e+02
-7.063779203824014985e+02 -7.066444394577052890e+02 -7.169463709254523565e+02 -7.069109585330101027e+02
0.000000000000000000e+00 0.000000000000000000e+00 0.000000000000000000e+00 0.000000000000000000e+00
0.000000000000000000e+00 0.000000000000000000e+00 0.000000000000000000e+00 0.000000000000000000e+00
0.000000000000000000e+00 0.000000000000000000e+00 0.000000000000000000e+00 0.000000000000000000e+00
-9.042403040726541121e+02 -8.837702328960782552e+02 -8.889214268015831522e+02 -8.786033793139778254e+02
0.000000000000000000e+00 0.000000000000000000e+00 0.000000000000000000e+00 0.000000000000000000e+00
-8.415656066482694087e+02 -8.410244192402363979e+02 -8.342309594340619014e+02 -8.819849096134817046e+02
-8.217023028638200230e+02 -8.158553999204262936e+02 -8.216256109711659974e+02 -8.693928409278465779e+02
-8.032303065727214744e+02 -8.068404077174484428e+02 -8.086270143878697354e+02 -8.546687899399275921e+02
-7.982739454012765918e+02 -8.021604566033005312e+02 -8.005084746779706393e+02 -8.349726141901899155e+02
-7.891112186030321709e+02 -7.852719310818744134e+02 -7.913771575716605184e+02 -8.209210379751574465e+02
-7.519641150549472286e+02 -7.521622264066518255e+02 -7.559808882857701064e+02 -8.036762147804281540e+02
-7.927756636662376195e+02 -7.385432802103309768e+02 -7.403556163953196574e+02 -7.344465227637006137e+02
-7.266002933292613761e+02 -7.278179795543637738e+02 -7.267050773332646258e+02 -7.299328628330544007e+02
-7.214788710823299880e+02 -7.177967402180747740e+02 -7.198371029182633265e+02 -7.195485700244454392e+02
0.000000000000000000e+00 0.000000000000000000e+00 0.000000000000000000e+00 0.000000000000000000e+00
-7.141112279789579134e+02 -7.129219629053636709e+02 -7.147301017654835960e+02 -7.135916847210239666e+02
0.000000000000000000e+00 0.000000000000000000e+00 0.000000000000000000e+00 0.000000000000000000e+00
-7.118198484325092750e+02 -7.003807787861983343e+02 -7.044267862831335378e+02 -7.079674800108617774e+02
-7.170327359033390167e+02 -7.061726710163045482e+02 -7.175375713297137281e+02 -6.945314977830715861e+02
0.000000000000000000e+00 0.000000000000000000e+00 0.000000000000000000e+00 0.000000000000000000e+00
0.000000000000000000e+00 0.000000000000000000e+00 0.000000000000000000e+00 0.000000000000000000e+00
0.000000000000000000e+00 0.000000000000000000e+00 0.000000000000000000e+00 0.000000000000000000e+00
-8.804527890088202184e+02 -8.777423930267589185e+02 -8.795196178135921627e+02 -8.979872640366413634e+02
-8.782664640844611768e+02 -8.842594190641066234e+02 -8.729566565681637940e+02 -9.056083173614167663e+02
-9.027698634856939179e+02 -8.715222595847412776e+02 -8.733983573512249450e+02 -9.049719142273787611e+02
-8.618233461850784352e+02 -8.970950583864623695e+02 -8.684170194424211786e+02 -8.666813534682005411e+02
0.000000000000000000e+00 0.000000000000000000e+00 0.000000000000000000e+00 0.000000000000000000e+00
0.000000000000000000e+00 0.000000000000000000e+00 0.000000000000000000e+00 0.000000000000000000e+00
0.000000000000000000e+00 0.000000000000000000e+00 0.000000000000000000e+00 0.000000000000000000e+00
0.000000000000000000e+00 0.000000000000000000e+00 0.000000000000000000e+00 0.000000000000000000e+00
0.000000000000000000e+00 0.000000000000000000e+00 0.000000000000000000e+00 0.000000000000000000e+00
-7.307307771422683800e+02 -7.358734454982525222e+02 -7.319640871276469625e+02 -7.843744933644475168e+02
-7.194356475403872082e+02 -7.239810054239430883e+02 -7.256477474204091322e+02 -7.655264793707231092e+02
-7.270764964180574452e+02 -7.121453064277362728e+02 -7.139897301542190462e+02 -7.086926107362062339e+02
-7.011690539725526605e+02 -7.019069965241403679e+02 -7.063652834588145879e+02 -7.025656670206452645e+02
-6.948419323268642529e+02 -6.987958170298991263e+02 -6.993475511863200609e+02 -6.942387400922916640e+02
-7.050737907115934604e+02 -7.052817039519463833e+02 -7.104923581402659920e+02 -6.987735445882768772e+02
-7.042143837071498638e+02 -7.019481306004950056e+02 -7.174752035901186673e+02 -6.993352945299764087e+02
0.000000000000000000e+00 0.000000000000000000e+00 0.000000000000000000e+00 0.000000000000000000e+00
0.000000000000000000e+00 0.000000000000000000e+00 0.000000000000000000e+00 0.000000000000000000e+00
-2.561999999999897781e+01 0.000000000000000000e+00 0.000000000000000000e+00 0.000000000000000000e+00
-5.372000000000536346e+01 -2.559999999999897469e+01 -2.560999999999897625e+01 0.000000000000000000e+00
-8.961007433152924477e+02 -9.038051336425936597e+02 -9.024135534138742969e+02 -8.797427377633347305e+02
-8.848777734460524016e+02 -8.770035019340048166e+02 -9.011665079817182686e+02 -8.755791086540918968e+02
0.000000000000000000e+00 0.000000000000000000e+00 0.000000000000000000e+00 0.000000000000000000e+00
-8.705727871899754291e+02 -8.792240870135794921e+02 -8.790669762343623006e+02 -8.793042363685260625e+02
0.000000000000000000e+00 0.000000000000000000e+00 0.000000000000000000e+00 0.000000000000000000e+00
-9.105072043584601715e+02 -9.051140954812487962e+02 -9.053318008083615496e+02 -9.055495061354741893e+02
0.000000000000000000e+00 0.000000000000000000e+00 0.000000000000000000e+00 0.000000000000000000e+00
0.000000000000000000e+00 0.000000000000000000e+00 0.000000000000000000e+00 0.000000000000000000e+00
0.000000000000000000e+00 0.000000000000000000e+00 0.000000000000000000e+00 0.000000000000000000e+00
0.000000000000000000e+00 0.000000000000000000e+00 0.000000000000000000e+00 0.000000000000000000e+00
0.000000000000000000e+00 0.000000000000000000e+00 0.000000000000000000e+00 0.000000000000000000e+00
-6.969142377421839001e+02 -7.124698446068198336e+02 -7.056825007496069020e+02 -7.051772878179215240e+02
0.000000000000000000e+00 0.000000000000000000e+00 0.000000000000000000e+00 0.000000000000000000e+00
-6.774355614841438182e+02 -6.689273323116249230e+02 -6.638455022887766290e+02 -6.640043078706203232e+02
0.000000000000000000e+00 0.000000000000000000e+00 0.000000000000000000e+00 0.000000000000000000e+00
-7.035554575815125418e+02 -7.155993056682420956e+02 -7.046108548841791617e+02 -7.048773739594834069e+02
0.000000000000000000e+00 0.000000000000000000e+00 0.000000000000000000e+00 0.000000000000000000e+00
0.000000000000000000e+00 0.000000000000000000e+00 0.000000000000000000e+00 0.000000000000000000e+00
0.000000000000000000e+00 0.000000000000000000e+00 0.000000000000000000e+00 0.000000000000000000e+00
-8.546853160000459582e+01 -7.392900000000379634e+01 -7.103700000000395676e+01 -7.657339553999693749e+01
0.000000000000000000e+00 0.000000000000000000e+00 0.000000000000000000e+00 0.000000000000000000e+00
-8.973984446654948215e+02 -9.079363595208881179e+02 -8.978109367542267591e+02 -8.990278649076046804e+02
-8.956661398007244088e+02 -8.921112377465829013e+02 -9.168154599463584873e+02 -8.919632783201336679e+02
-8.863316867996403516e+02 -8.847338015562643250e+02 -8.853572152471581376e+02 -8.767724351071609590e+02
-8.931592411386061485e+02 -8.967257418973191534e+02 -8.964278423580763047e+02 -8.922953698695220055e+02
-9.121485532358026376e+02 -9.045372180388201286e+02 -9.103705736237584460e+02 -9.092320548918548866e+02
-9.203413203407533274e+02 -9.205785804749164072e+02 -9.228646332648983162e+02 -9.197642288089133444e+02
-9.246710491661508513e+02 -9.221600007939725856e+02 -9.286528963951404876e+02 -9.241998978017833224e+02
-9.280739595642867243e+02 -9.286202110870398201e+02 -9.295766394668942212e+02 -9.249808994841814638e+02
-9.251502428893359138e+02 -9.242533728986468304e+02 -9.311192698436660748e+02 -9.260815084284520253e+02
0.000000000000000000e+00 0.000000000000000000e+00 0.000000000000000000e+00 0.000000000000000000e+00
-6.861401573525449749e+02 -6.888507067091427416e+02 -6.836916894384116858e+02 -6.733493735050923306e+02
-6.526325989537741634e+02 -6.527914045356177439e+02 -6.705770939898030747e+02 -6.555165712855437050e+02
-6.530791974908850079e+02 -6.455121814444765960e+02 -6.505066005171922825e+02 -6.432559144042616026e+02
0.000000000000000000e+00 0.000000000000000000e+00 0.000000000000000000e+00 0.000000000000000000e+00
0.000000000000000000e+00 0.000000000000000000e+00 0.000000000000000000e+00 0.000000000000000000e+00
-3.428485061476251872e+02 -5.055435956431012414e+02 -5.081490308011908610e+02 -5.083078363830345552e+02
0.000000000000000000e+00 0.000000000000000000e+00 0.000000000000000000e+00 0.000000000000000000e+00
-1.176151741148117367e+02 -3.124874465429766435e+00 -1.187474381517686339e+02 -1.407099838409211543e+02
-1.604575226120219895e+02 -1.508166350000058173e+02 -7.409942286616421825e+01 -1.473223078533467572e+02
-9.541360756131832659e+02 -9.392417482345357485e+02 -9.395082673098398800e+02 -9.397747863851443526e+02
0.000000000000000000e+00 0.000000000000000000e+00 0.000000000000000000e+00 0.000000000000000000e+00
-9.047967486959882990e+02 -9.363142387356075460e+02 -9.045132695641997316e+02 -8.995815326306476436e+02
0.000000000000000000e+00 0.000000000000000000e+00 0.000000000000000000e+00 0.000000000000000000e+00
0.000000000000000000e+00 0.000000000000000000e+00 0.000000000000000000e+00 0.000000000000000000e+00
0.000000000000000000e+00 0.000000000000000000e+00 0.000000000000000000e+00 0.000000000000000000e+00
0.000000000000000000e+00 0.000000000000000000e+00 0.000000000000000000e+00 0.000000000000000000e+00
0.000000000000000000e+00 0.000000000000000000e+00 0.000000000000000000e+00 0.000000000000000000e+00
0.000000000000000000e+00 0.000000000000000000e+00 0.000000000000000000e+00 0.000000000000000000e+00
0.000000000000000000e+00 0.000000000000000000e+00 0.000000000000000000e+00 0.000000000000000000e+00
0.000000000000000000e+00 0.000000000000000000e+00 0.000000000000000000e+00 0.000000000000000000e+00
0.000000000000000000e+00 0.000000000000000000e+00 0.000000000000000000e+00 0.000000000000000000e+00
0.000000000000000000e+00 0.000000000000000000e+00 0.000000000000000000e+00 0.000000000000000000e+00
-6.125221214442187829e+02 -6.152110419598526505e+02 -6.120821582629887416e+02 -6.147542153757542565e+02
-5.712841097756859199e+02 -5.714034519707437312e+02 -5.705710227843934490e+02 -5.877819790134611821e+02
-5.561893907085793671e+02 -5.558581716374541202e+02 -5.576417172516370329e+02 -3.703786198924260589e+02
-4.177227799158454218e+02 -4.823060779206144844e+02 -5.008931583667990708e+02 -1.175747066061908619e+01
-3.310096005685981595e+02 -2.755645150559419676e+02 -3.098717347218986902e+02 -9.006715019877404416e+00
-2.799503275375614635e+02 -6.127906838146230939e+00 -2.188313419697971369e+02 -2.628247269456955451e+02
-2.259854613921588964e+02 -1.812434761033353823e+02 -2.493440576700345161e+02 -2.246769471931372379e+02
-9.725714823653623853e+02 -9.384781426665095978e+02 -9.690104561354975203e+02 -9.655795541813990894e+02
-9.748888428209082804e+02 -9.463525520271347204e+02 -9.685769758595509984e+02 -9.542216064782467129e+02
-9.200329166818628437e+02 -9.524978772050860698e+02 -9.500848482194205644e+02 -9.145562799925534136e+02
-9.215475199439167682e+02 -9.096949700456472101e+02 -9.160899638346597840e+02 -9.088934571844163202e+02
-8.883266580648057698e+02 -8.885931771401101287e+02 -8.981710409836616691e+02 -9.056430692333854040e+02
-9.124438479578907391e+02 -9.098039349619450604e+02 -8.801656078451776466e+02 -8.746430282098675661e+02
-8.838528181068609229e+02 -8.840998409808908036e+02 -8.852283882382703268e+02 -8.674656513455202003e+02
-8.692892520226183706e+02 -8.743638277989704193e+02 -8.826068637226005649e+02 -8.557477222624553406e+02
-8.336775892714056226e+02 -8.648764609986023970e+02 -8.733348659064808999e+02 -8.633055629967747109e+02
0.000000000000000000e+00 0.000000000000000000e+00 0.000000000000000000e+00 0.000000000000000000e+00
-8.051905100762172651e+02 -7.971909232621599131e+02 -7.973792229135158323e+02 -7.244739665313934438e+02
0.000000000000000000e+00 0.000000000000000000e+00 0.000000000000000000e+00 0.000000000000000000e+00
0.000000000000000000e+00 0.000000000000000000e+00 0.000000000000000000e+00 0.000000000000000000e+00
0.000000000000000000e+00 0.000000000000000000e+00 0.000000000000000000e+00 0.000000000000000000e+00
0.000000000000000000e+00 0.000000000000000000e+00 0.000000000000000000e+00 0.000000000000000000e+00
0.000000000000000000e+00 0.000000000000000000e+00 0.000000000000000000e+00 0.000000000000000000e+00
-4.202791364240794110e+02 -1.437470011779165091e+01 -4.130027067930838029e+02 -4.108182449617401630e+02
0.000000000000000000e+00 0.000000000000000000e+00 0.000000000000000000e+00 0.000000000000000000e+00
-2.790228650822928671e+02 -2.843404839389769450e+02 -2.680073728097960952e+02 -2.642052909905297611e+02
-2.491657051276789332e+02 -2.412064254913672698e+02 -2.615512214444930805e+02 -2.475078616643363034e+02
-9.742106664502609874e+02 -9.555097578523623270e+02 -9.611381680035777890e+02 -9.761828305776423349e+02
-9.466093285244891149e+02 -9.746481142716066870e+02 -9.637563065274744076e+02 -9.752531112139256493e+02
-9.201061194317505851e+02 -9.747620818206892181e+02 -9.594402487372778978e+02 -9.296000483105442527e+02
-9.193400927921168204e+02 -9.203469231371952901e+02 -9.693285526293041130e+02 -9.198455321124341708e+02
0.000000000000000000e+00 0.000000000000000000e+00 0.000000000000000000e+00 0.000000000000000000e+00
-9.186820385154813948e+02 -8.820462773464230395e+02 -9.134215492581649869e+02 -9.141693509850481405e+02
0.000000000000000000e+00 0.000000000000000000e+00 0.000000000000000000e+00 0.000000000000000000e+00
-8.723645382816820302e+02 -8.754773501780302922e+02 -8.733202566837692302e+02 -8.639606301977428302e+02
-8.247509952651762433e+02 -8.511189592348860060e+02 -8.651120595178987287e+02 -8.137973311883171164e+02
-8.078347460056205591e+02 -8.079924251474722041e+02 -8.299212905030078673e+02 -7.869179564254131947e+02
-7.811814014124344112e+02 -7.885932983780195400e+02 -8.067132282078379149e+02 -7.610249036975949366e+02
-7.706812579358889934e+02 -7.453843132697667215e+02 -7.768718867222390827e+02 -7.454261151638756928e+02
-7.430518925298540580e+02 -7.429993594840582318e+02 -7.435646903271690462e+02 -7.421256218030700893e+02
-7.409541962329769831e+02 -7.412313334416913904e+02 -7.417399084849542987e+02 -7.409017131636987870e+02
0.000000000000000000e+00 0.000000000000000000e+00 0.000000000000000000e+00 0.000000000000000000e+00
0.000000000000000000e+00 0.000000000000000000e+00 0.000000000000000000e+00 0.000000000000000000e+00
-5.354937919096180394e+02 -1.685676405181421700e+01 -5.348336500523638506e+02 -5.396897423693119435e+02
-4.615103118104810846e+02 -5.039772210276636883e+02 -1.920772140945172524e+01 -5.172949257472331510e+02
0.000000000000000000e+00 0.000000000000000000e+00 0.000000000000000000e+00 0.000000000000000000e+00
0.000000000000000000e+00 0.000000000000000000e+00 0.000000000000000000e+00 0.000000000000000000e+00
0.000000000000000000e+00 0.000000000000000000e+00 0.000000000000000000e+00 0.000000000000000000e+00
-9.310198863979097723e+02 -9.645293435141746841e+02 -9.550435022131282494e+02 -9.553002780642834750e+02
0.000000000000000000e+00 0.000000000000000000e+00 0.000000000000000000e+00 0.000000000000000000e+00
-8.562261702753542068e+02 -9.697708584001152303e+02 -9.139753489155225452e+02 -8.511113461228234200e+02
0.000000000000000000e+00 0.000000000000000000e+00 0.000000000000000000e+00 0.000000000000000000e+00
-9.178458870400462501e+02 -8.901125890255855211e+02 -8.349340634902583815e+02 -8.488310919371842829e+02
0.000000000000000000e+00 0.000000000000000000e+00 0.000000000000000000e+00 0.000000000000000000e+00
0.000000000000000000e+00 0.000000000000000000e+00 0.000000000000000000e+00 0.000000000000000000e+00
-8.098014838160414683e+02 -8.448332291501853888e+02 -8.160266887910946707e+02 -8.162149884424507036e+02
0.000000000000000000e+00 0.000000000000000000e+00 0.000000000000000000e+00 0.000000000000000000e+00
-7.927033589800383879e+02 -7.855909976284950744e+02 -7.926129176616117320e+02 -7.911510676361783680e+02
0.000000000000000000e+00 0.000000000000000000e+00 0.000000000000000000e+00 0.000000000000000000e+00
-7.374971503251846343e+02 -7.394886564726732558e+02 -7.388789108455634960e+02 -7.392014940113098191e+02
-6.418243683310848837e+02 -7.378930517602450436e+02 -7.377014148557263979e+02 -7.373819945460379586e+02
0.000000000000000000e+00 0.000000000000000000e+00 0.000000000000000000e+00 0.000000000000000000e+00
-6.172425063044186118e+02 -7.040950617070654971e+02 -7.047065299091619863e+02 -7.025262135299833517e+02
0.000000000000000000e+00 0.000000000000000000e+00 0.000000000000000000e+00 0.000000000000000000e+00
-3.186785995337604049e+02 -2.143316653275503825e+01 -5.211676066771900651e+02 -6.305051641190960936e+02
-6.408444355981599756e+02 -6.407987366202928570e+02 -5.246248665867511818e+02 -6.411606023849102485e+02
-6.442456858943044153e+02 -6.438836590195671761e+02 -6.439789975410781153e+02 -6.437701939804428548e+02
-9.390264792483118299e+02 -9.383457084866967080e+02 -9.387478950141636460e+02 -9.390898557564879638e+02
-9.399136913600173102e+02 -9.449388561657257242e+02 -9.402151765037152700e+02 -9.401954921136939447e+02
0.000000000000000000e+00 0.000000000000000000e+00 0.000000000000000000e+00 0.000000000000000000e+00
-8.859964260438121073e+02 -9.036756435429074372e+02 -8.845580026614147755e+02 -8.859183487432705988e+02
-8.869422899573415862e+02 -8.872088090326457177e+02 -9.122477542148628800e+02 -8.872339480547099129e+02
-8.770719286543801445e+02 -8.886260796461629070e+02 -9.189179720643383007e+02 -9.069675347422218010e+02
-9.208963487718106080e+02 -8.936245738786133188e+02 -9.233452546887573362e+02 -8.984315855068222163e+02
0.000000000000000000e+00 0.000000000000000000e+00 0.000000000000000000e+00 0.000000000000000000e+00
-8.006365219004796927e+02 -8.272780721877333008e+02 -8.001173700981422598e+02 -8.005510516645556436e+02
-8.010055031479737409e+02 -8.009125055087866940e+02 -8.010888870202054477e+02 -8.016287645010331744e+02
-7.975890202027198939e+02 -7.966462285898542177e+02 -7.979818842958894720e+02 -7.974336891222365011e+02
0.000000000000000000e+00 0.000000000000000000e+00 0.000000000000000000e+00 0.000000000000000000e+00
-7.347332292308019532e+02 -7.355305022484519668e+02 -7.350424887516622903e+02 -6.596176627761210511e+02
-5.850763034027249887e+02 -7.259601012691729238e+02 -7.282308083582262270e+02 -3.074246247239603491e+01
-5.826222741141368715e+02 -6.447666034551181156e+02 -5.825520419859710728e+02 -2.912440265004743978e+01
-6.314991734325476500e+02 -6.962258769119920316e+02 -4.945032339077960728e+02 -2.738263377417853306e+01
-5.641732034737293588e+02 -4.532830642265020629e+02 -6.921316086329130712e+02 -2.552017428728432691e+01
-4.393120358870561404e+02 -2.353693141288340485e+01 -5.364609089082999844e+02 -6.560435265133207849e+02
0.000000000000000000e+00 0.000000000000000000e+00 0.000000000000000000e+00 0.000000000000000000e+00
-6.456507083763430046e+02 -6.456946043953448680e+02 -6.451463921591152939e+02 -6.457787142250263059e+02
-9.445047321418629735e+02 -9.345951185988426460e+02 -9.385669584837676211e+02 -9.360650318480504666e+02
-9.412867354080838140e+02 -9.399131295545780631e+02 -9.350463378547153752e+02 -9.339162493206677027e+02
-9.245560405082272837e+02 -9.217847447216354340e+02 -9.281096020931727253e+02 -9.181284012008338777e+02
-9.062142539557299870e+02 -8.996583865430391143e+02 -9.081793331007768302e+02 -9.000290078431937673e+02
0.000000000000000000e+00 0.000000000000000000e+00 0.000000000000000000e+00 0.000000000000000000e+00
-8.736605670506414754e+02 -8.997831414898026878e+02 -9.002750224656778073e+02 -8.729654125016893431e+02
0.000000000000000000e+00 0.000000000000000000e+00 0.000000000000000000e+00 0.000000000000000000e+00
0.000000000000000000e+00 0.000000000000000000e+00 0.000000000000000000e+00 0.000000000000000000e+00
0.000000000000000000e+00 0.000000000000000000e+00 0.000000000000000000e+00 0.000000000000000000e+00
0.000000000000000000e+00 0.000000000000000000e+00 0.000000000000000000e+00 0.000000000000000000e+00
-7.941942406935721692e+02 -7.948375311098232032e+02 -7.851055077222152931e+02 -7.949586075896355624e+02
0.000000000000000000e+00 0.000000000000000000e+00 0.000000000000000000e+00 0.000000000000000000e+00
0.000000000000000000e+00 0.000000000000000000e+00 0.000000000000000000e+00 0.000000000000000000e+00
-6.668327651621855239e+02 -3.224177106664478032e+01 -6.667172560486189923e+02 -5.467513752086829300e+02
0.000000000000000000e+00 0.000000000000000000e+00 0.000000000000000000e+00 0.000000000000000000e+00
0.000000000000000000e+00 0.000000000000000000e+00 0.000000000000000000e+00 0.000000000000000000e+00
-7.216517631730638414e+02 -3.201387924760691703e+02 -7.155336521826777698e+02 -7.141865250105779523e+02
0.000000000000000000e+00 0.000000000000000000e+00 0.000000000000000000e+00 0.000000000000000000e+00
0.000000000000000000e+00 0.000000000000000000e+00 0.000000000000000000e+00 0.000000000000000000e+00
-6.470005450708855506e+02 -6.471095013148828912e+02 -6.465762815213819295e+02 -6.468249653654852409e+02
-9.524847641771457347e+02 -9.387971891110593106e+02 -9.474993580672005464e+02 -9.487699379046098329e+02
-9.490476196308844692e+02 -9.483093261880474074e+02 -9.477102999183233578e+02 -9.416453708885119340e+02
0.000000000000000000e+00 0.000000000000000000e+00 0.000000000000000000e+00 0.000000000000000000e+00
0.000000000000000000e+00 0.000000000000000000e+00 0.000000000000000000e+00 0.000000000000000000e+00
0.000000000000000000e+00 0.000000000000000000e+00 0.000000000000000000e+00 0.000000000000000000e+00
-8.885313580198719592e+02 -8.973079503898842404e+02 -8.738974491863302774e+02 -8.485749369093351788e+02
-8.609885929444176327e+02 -8.864400278417855361e+02 -8.926225242020369706e+02 -6.231878624573053003e+02
-6.927760182232650550e+02 -6.325270380039881957e+02 -8.589241345106978542e+02 -4.069599968172114757e+01
-7.584799183719464963e+02 -8.384175063101225760e+02 -7.687119438431526532e+02 -4.019168187947741444e+01
-5.485128871026142861e+02 -5.719823818387422989e+02 -6.777285941640616329e+02 -3.958013025580237354e+01
-3.886091772021701019e+01 -7.888587010756275504e+02 -4.875698463279649673e+02 -6.464730933027195761e+02
0.000000000000000000e+00 0.000000000000000000e+00 0.000000000000000000e+00 0.000000000000000000e+00
-6.208186219725201909e+02 -7.526798567675014056e+02 -6.806797345117488476e+02 -3.489054179253128041e+01
-7.047129935451101801e+02 -3.362835477113874560e+01 -6.232769134582221113e+02 -7.450771539444943983e+02
-7.503355535310633968e+02 -7.494442822878877450e+02 -7.491436697575813923e+02 -7.491964011173055269e+02
-7.490420498330113332e+02 -7.516293288138647313e+02 -7.522250949913038767e+02 -7.485370457320055948e+02
-7.443189070873603441e+02 -7.377545366245099103e+02 -7.458796669170399127e+02 -7.413764527895935998e+02
-7.515973454314114406e+02 -7.514540119917903667e+02 -7.529028391474876116e+02 -7.533196920450504876e+02
-7.557399143176400003e+02 -7.563050181351521815e+02 -7.573664733529574278e+02 -7.572626028730310281e+02
0.000000000000000000e+00 0.000000000000000000e+00 0.000000000000000000e+00 0.000000000000000000e+00
-9.545656438614666968e+02 -9.456679120744223610e+02 -9.451306358449255640e+02 -9.593373755289792371e+02
-9.525794870193470842e+02 -9.544785097356209462e+02 -9.503455103831091719e+02 -9.506992345687053785e+02
-9.517606260028386487e+02 -9.522723667731413570e+02 -9.527299271099689122e+02 -9.522745768129160524e+02
-9.516935922118476583e+02 -9.520035368997084788e+02 -9.524102495764800551e+02 -9.517975217473232306e+02
0.000000000000000000e+00 0.000000000000000000e+00 0.000000000000000000e+00 0.000000000000000000e+00
-8.016873718933638884e+02 -8.811191721392790441e+02 -8.863776469556011079e+02 -4.158774948345967459e+01
-8.590173702381524663e+02 -8.758570045600207550e+02 -8.288753643775285127e+02 -4.139116954157449868e+01
-6.985556279961410837e+02 -4.109483403999278295e+01 -5.210079048213538044e+02 -7.042418764092407173e+02
0.000000000000000000e+00 0.000000000000000000e+00 0.000000000000000000e+00 0.000000000000000000e+00
0.000000000000000000e+00 0.000000000000000000e+00 0.000000000000000000e+00 0.000000000000000000e+00
-7.790268610279326822e+02 -6.490487741189641611e+02 -5.918618813914885095e+02 -3.803344129281411057e+01
-6.310881545094005105e+02 -5.732279081832709835e+02 -6.313108217401611455e+02 -3.709607490270914809e+01
-7.591846997952488891e+02 -3.604752390178708055e+01 -7.688822284946021455e+02 -7.375054929803588948e+02
-7.540920020623000255e+02 -4.639020066136662876e+02 -7.536698611854121737e+02 -7.538329364124210770e+02
-7.576029443698773775e+02 -7.538212669416245717e+02 -7.575614453961936761e+02 -7.547482265076750991e+02
-7.560793123143738512e+02 -7.562688260253223689e+02 -7.559372675955273735e+02 -7.562866149403369036e+02
0.000000000000000000e+00 0.000000000000000000e+00 0.000000000000000000e+00 0.000000000000000000e+00
-7.550888793321361163e+02 -7.556368061409501706e+02 -7.543919130350620890e+02 -7.534596590907144673e+02
-7.563617421977553477e+02 -7.569475112685129261e+02 -7.561175015001142583e+02 -7.570633442813490319e+02
-7.597038306887490080e+02 -7.597541493128281900e+02 -7.642479469919921939e+02 -7.563739206086797822e+02
-9.586045268300252928e+02 -9.630831428369932610e+02 -9.464452537424335787e+02 -9.542964869547520266e+02
-9.607075302537814423e+02 -9.546734368369731101e+02 -9.511372313761717123e+02 -9.583454766329706445e+02
0.000000000000000000e+00 0.000000000000000000e+00 0.000000000000000000e+00 0.000000000000000000e+00
-9.497346241653107199e+02 -9.506067182934514221e+02 -9.500621383021053816e+02 -9.491932371339885322e+02
0.000000000000000000e+00 0.000000000000000000e+00 0.000000000000000000e+00 0.000000000000000000e+00
-8.207131064411896659e+02 -4.168612546005124386e+01 -6.770364786667374801e+02 -5.176603985410164341e+02
0.000000000000000000e+00 0.000000000000000000e+00 0.000000000000000000e+00 0.000000000000000000e+00
0.000000000000000000e+00 0.000000000000000000e+00 0.000000000000000000e+00 0.000000000000000000e+00
0.000000000000000000e+00 0.000000000000000000e+00 0.000000000000000000e+00 0.000000000000000000e+00
0.000000000000000000e+00 0.000000000000000000e+00 0.000000000000000000e+00 0.000000000000000000e+00
0.000000000000000000e+00 0.000000000000000000e+00 0.000000000000000000e+00 0.000000000000000000e+00
0.000000000000000000e+00 0.000000000000000000e+00 0.000000000000000000e+00 0.000000000000000000e+00
0.000000000000000000e+00 0.000000000000000000e+00 0.000000000000000000e+00 0.000000000000000000e+00
-7.578920366263530468e+02 -7.609140710632699438e+02 -7.595136158223555185e+02 -7.600762914194377800e+02
0.000000000000000000e+00 0.000000000000000000e+00 0.000000000000000000e+00 0.000000000000000000e+00
-7.653382626382873468e+02 -7.653207385632017576e+02 -7.643257349533342904e+02 -7.647737186360674286e+02
-7.663388199654443724e+02 -7.667730457653119629e+02 -7.667672590341391015e+02 -7.666046135700637478e+02
0.000000000000000000e+00 0.000000000000000000e+00 0.000000000000000000e+00 0.000000000000000000e+00
-7.580904341773451733e+02 -7.588231533924796395e+02 -7.592324216154688656e+02 -7.688178396086004796e+02
-7.610458681156613920e+02 -7.685863300399926175e+02 -7.619280156383706526e+02 -7.583125878767094719e+02
-9.633825120807453004e+02 -9.679465376390401161e+02 -9.604356834551093698e+02 -9.618972339439878851e+02
-9.675410527264973553e+02 -9.567861712638674589e+02 -9.624138561483754302e+02 -9.650179844510179237e+02
0.000000000000000000e+00 0.000000000000000000e+00 0.000000000000000000e+00 0.000000000000000000e+00
-9.487841726255685444e+02 -9.485182118551560961e+02 -9.489262763179783633e+02 -7.756931373740729896e+02
-6.728131456040150624e+02 -8.897237666817775334e+02 -9.427309973580163387e+02 -4.158727845518939858e+01
-8.192795632838912070e+02 -4.168594971895578283e+01 -6.925318999725600406e+02 -9.228302709970563455e+02
-9.407386204861079477e+02 -9.306670819982482499e+02 -7.789680152785814471e+02 -9.398302657743649888e+02
-9.420646139935574865e+02 -9.421048754982024320e+02 -9.427602268491503992e+02 -9.432801426127111881e+02
-9.487151932742232248e+02 -9.460490808692221663e+02 -9.460117778877261117e+02 -9.465477186417533630e+02
-9.567588922314314459e+02 -9.585877293438691140e+02 -9.599366308909357031e+02 -9.557526469427648408e+02
-9.586633392367176612e+02 -9.667583795056608551e+02 -9.661704775190889904e+02 -9.583699211934477944e+02
0.000000000000000000e+00 0.000000000000000000e+00 0.000000000000000000e+00 0.000000000000000000e+00
-7.675468895761653130e+02 -7.681024479612995037e+02 -7.683103612016525403e+02 -7.681284817849007140e+02
-7.633571007797590937e+02 -7.650900698056449301e+02 -7.644619236434343748e+02 -7.646602935586147396e+02
-7.676009273390583303e+02 -7.678186326661707426e+02 -7.691903257528264248e+02 -7.684042397171476750e+02
-7.658562856973876478e+02 -7.674919973997675697e+02 -7.723037290281289415e+02 -7.677013175526677742e+02
0.000000000000000000e+00 0.000000000000000000e+00 0.000000000000000000e+00 0.000000000000000000e+00
-7.817550981853595431e+02 -7.724917656107505763e+02 -7.727485414619061430e+02 -7.672008924228479145e+02
-7.621258688233181147e+02 -7.617856140607417501e+02 -7.674340356019478122e+02 -7.729288947062111674e+02
-7.650830241267102565e+02 -7.686890169249802511e+02 -7.650628158076967793e+02 -7.627478416908871850e+02
-9.588900458547489052e+02 -9.722635252875870719e+02 -9.660158240474092963e+02 -9.665383936009169474e+02
-9.702370746897731806e+02 -9.628140335241154162e+02 -9.743968245762760034e+02 -9.693828442105511840e+02
0.000000000000000000e+00 0.000000000000000000e+00 0.000000000000000000e+00 0.000000000000000000e+00
-9.523958029547866317e+02 -9.415254112145279350e+02 -9.519261879532440389e+02 -9.521274303148069293e+02
-7.771114352931266467e+02 -4.139189686766573573e+01 -9.485860903601972041e+02 -7.045989477304539150e+02
0.000000000000000000e+00 0.000000000000000000e+00 0.000000000000000000e+00 0.000000000000000000e+00
-9.437677109221710907e+02 -9.458592442931711730e+02 -9.453159278634343536e+02 -9.430705360657025267e+02
-9.422422563153727424e+02 -9.429608530871024641e+02 -9.453335163665973369e+02 -9.446620199118198116e+02
-9.472556404812280562e+02 -9.457872103780923680e+02 -9.495647828722301256e+02 -9.488300669652041961e+02
0.000000000000000000e+00 0.000000000000000000e+00 0.000000000000000000e+00 0.000000000000000000e+00
-9.544699470284191420e+02 -9.675422543030840643e+02 -9.647378912916611853e+02 -9.650291506050399448e+02
0.000000000000000000e+00 0.000000000000000000e+00 0.000000000000000000e+00 0.000000000000000000e+00
0.000000000000000000e+00 0.000000000000000000e+00 0.000000000000000000e+00 0.000000000000000000e+00
-7.710225605268524305e+02 -7.737167871607075540e+02 -7.713061230053260715e+02 -7.716434686923190611e+02
0.000000000000000000e+00 0.000000000000000000e+00 0.000000000000000000e+00 0.000000000000000000e+00
-7.663844935659002431e+02 -7.693664675941254245e+02 -7.663307046446727782e+02 -7.682375940553909004e+02
0.000000000000000000e+00 0.000000000000000000e+00 0.000000000000000000e+00 0.000000000000000000e+00
-7.694478909024796849e+02 -7.738904263095147371e+02 -7.693173024796798245e+02 -7.835055293085293897e+02
-7.648552289524875505e+02 -7.770981344909412201e+02 -7.723010609341689587e+02 -7.659044185171919707e+02
0.000000000000000000e+00 0.000000000000000000e+00 0.000000000000000000e+00 0.000000000000000000e+00
0.000000000000000000e+00 0.000000000000000000e+00 0.000000000000000000e+00 0.000000000000000000e+00
-9.682960590602015145e+02 -9.744214073546199870e+02 -9.738338427090435516e+02 -9.742357483037933434e+02
0.000000000000000000e+00 0.000000000000000000e+00 0.000000000000000000e+00 0.000000000000000000e+00
-9.551178220909386027e+02 -9.547168106139488373e+02 -9.554149879198067765e+02 -8.827526710720032952e+02
-8.692521835101500756e+02 -4.110196265765593893e+01 -9.522845561569125721e+02 -9.193391692723723736e+02
0.000000000000000000e+00 0.000000000000000000e+00 0.000000000000000000e+00 0.000000000000000000e+00
-9.459731793983788748e+02 -9.494852406725862011e+02 -9.492425080526580814e+02 -9.448802304252320710e+02
0.000000000000000000e+00 0.000000000000000000e+00 0.000000000000000000e+00 0.000000000000000000e+00
-9.532952332093854011e+02 -9.514498970042554902e+02 -9.493007317397803035e+02 -9.511411391869323779e+02
0.000000000000000000e+00 0.000000000000000000e+00 0.000000000000000000e+00 0.000000000000000000e+00
0.000000000000000000e+00 0.000000000000000000e+00 0.000000000000000000e+00 0.000000000000000000e+00
-7.858614370439382810e+02 -7.862291648741500012e+02 -7.845723317239280732e+02 -7.856246004169529442e+02
-7.822364120534400627e+02 -7.825126646096684908e+02 -7.798414803905272947e+02 -7.821424916015487270e+02
-7.752874087076357910e+02 -7.767032503417240150e+02 -7.765170872158557813e+02 -7.761873942196704093e+02
-7.745550617479034372e+02 -7.734574059371884687e+02 -7.750474386196522119e+02 -7.733438447380625576e+02
-7.671052680491993669e+02 -7.696706783817353426e+02 -7.689429032922971601e+02 -7.738082110821524111e+02
-7.747261330867781908e+02 -7.713034052954774324e+02 -7.727289168159654764e+02 -7.780051912389983499e+02
-7.693269920824700421e+02 -7.775670685684309547e+02 -7.736531702045751899e+02 -7.694907759805948899e+02
-7.681637180410607471e+02 -7.691080974743144907e+02 -7.717112346779163090e+02 -7.723131680199048787e+02
-7.811237320433359628e+02 -7.790353511690001369e+02 -7.788319882605842395e+02 -7.767507049942680624e+02
-9.734788182575777000e+02 -9.738807238523272645e+02 -9.742826294470760331e+02 -9.747962208699237863e+02
-9.679908787392654403e+02 -9.744073104616705905e+02 -9.733801485370424871e+02 -9.662760328887578680e+02
0.000000000000000000e+00 0.000000000000000000e+00 0.000000000000000000e+00 0.000000000000000000e+00
0.000000000000000000e+00 0.000000000000000000e+00 0.000000000000000000e+00 0.000000000000000000e+00
-9.549161016093851231e+02 -5.717686370119647563e+02 -9.507631751712797268e+02 -8.808171087984055703e+02
0.000000000000000000e+00 0.000000000000000000e+00 0.000000000000000000e+00 0.000000000000000000e+00
-9.537581605222782173e+02 -9.568245197028491020e+02 -9.566518708473056449e+02 -9.558553313981423116e+02
0.000000000000000000e+00 0.000000000000000000e+00 0.000000000000000000e+00 0.000000000000000000e+00
0.000000000000000000e+00 0.000000000000000000e+00 0.000000000000000000e+00 0.000000000000000000e+00
0.000000000000000000e+00 0.000000000000000000e+00 0.000000000000000000e+00 0.000000000000000000e+00
-7.910784850771443644e+02 -7.938768198277953161e+02 -7.931477663174224517e+02 -7.936936464203591868e+02
-7.908264020251253896e+02 -7.905031018467507238e+02 -7.909301818587794060e+02 -7.900320286556636802e+02
0.000000000000000000e+00 0.000000000000000000e+00 0.000000000000000000e+00 0.000000000000000000e+00
-7.811480141784107900e+02 -7.832632577329532069e+02 -7.828032375487962327e+02 -7.829032379303407652e+02
0.000000000000000000e+00 0.000000000000000000e+00 0.000000000000000000e+00 0.000000000000000000e+00
0.000000000000000000e+00 0.000000000000000000e+00 0.000000000000000000e+00 0.000000000000000000e+00
-7.797099644107179301e+02 -7.775376542160169038e+02 -7.763440284027743701e+02 -7.778244692638321567e+02
-7.767711600515222017e+02 -7.773700680978276978e+02 -7.763408852700168836e+02 -7.747723581435775486e+02
0.000000000000000000e+00 0.000000000000000000e+00 0.000000000000000000e+00 0.000000000000000000e+00
-7.867664129240466764e+02 -7.822080254040686214e+02 -7.852443996049840962e+02 -7.855691737581464622e+02
0.000000000000000000e+00 0.000000000000000000e+00 0.000000000000000000e+00 0.000000000000000000e+00
-9.721486517954137980e+02 -9.735446105108275106e+02 -9.672798244137924257e+02 -9.723661807143940905e+02
0.000000000000000000e+00 0.000000000000000000e+00 0.000000000000000000e+00 0.000000000000000000e+00
0.000000000000000000e+00 0.000000000000000000e+00 0.000000000000000000e+00 0.000000000000000000e+00
-9.542612733888046250e+02 -9.549386470329734493e+02 -9.544972703039939006e+02 -9.543541027075450529e+02
0.000000000000000000e+00 0.000000000000000000e+00 0.000000000000000000e+00 0.000000000000000000e+00
-9.668904875863496500e+02 -9.670785302547287756e+02 -9.639184856145213871e+02 -9.682123676700635997e+02
-9.748725485324894180e+02 -9.753223371521791023e+02 -9.751556792673159180e+02 -9.719953613178657861e+02
-9.718123223740522008e+02 -9.733158266568074168e+02 -9.772089358201418463e+02 -9.744586975215577240e+02
0.000000000000000000e+00 0.000000000000000000e+00 0.000000000000000000e+00 0.000000000000000000e+00
-7.933861695453572338e+02 -7.942379570540160785e+02 -7.942608233916413383e+02 -7.929560708543955343e+02
0.000000000000000000e+00 0.000000000000000000e+00 0.000000000000000000e+00 0.000000000000000000e+00
0.000000000000000000e+00 0.000000000000000000e+00 0.000000000000000000e+00 0.000000000000000000e+00
-7.883481036232633414e+02 -7.882551897061784985e+02 -7.864614083629095376e+02 -7.868671170485375796e+02
0.000000000000000000e+00 0.000000000000000000e+00 0.000000000000000000e+00 0.000000000000000000e+00
-7.777476068134880052e+02 -7.780043826646435718e+02 -7.782611585157992522e+02 -7.787417080198847543e+02
-7.786114681825491743e+02 -7.789962541416517752e+02 -7.776540678953772385e+02 -7.800481658438644672e+02
-7.802277207863476178e+02 -7.822524804884830019e+02 -7.795311568122386916e+02 -7.782883474064592519e+02
-7.854888522029161777e+02 -7.845049086420775666e+02 -7.858760954480596865e+02 -7.831996884185338104e+02
-7.871360413697287868e+02 -7.860392773325488633e+02 -7.872967005021198474e+02 -7.854273341297009665e+02
0.000000000000000000e+00 0.000000000000000000e+00 0.000000000000000000e+00 0.000000000000000000e+00
0.000000000000000000e+00 0.000000000000000000e+00 0.000000000000000000e+00 0.000000000000000000e+00
0.000000000000000000e+00 0.000000000000000000e+00 0.000000000000000000e+00 0.000000000000000000e+00
0.000000000000000000e+00 0.000000000000000000e+00 0.000000000000000000e+00 0.000000000000000000e+00
0.000000000000000000e+00 0.000000000000000000e+00 0.000000000000000000e+00 0.000000000000000000e+00
0.000000000000000000e+00 0.000000000000000000e+00 0.000000000000000000e+00 0.000000000000000000e+00
0.000000000000000000e+00 0.000000000000000000e+00 0.000000000000000000e+00 0.000000000000000000e+00
-9.724543467559957435e+02 -9.764282083211086274e+02 -9.745308790718294176e+02 -9.752757935115500914e+02
-9.720909147744881693e+02 -9.728892723901684576e+02 -9.768416320984015329e+02 -9.717964908170656599e+02
0.000000000000000000e+00 0.000000000000000000e+00 0.000000000000000000e+00 0.000000000000000000e+00
-7.955724431368839760e+02 -7.960360707133504548e+02 -7.947277718955247110e+02 -7.950622212745333854e+02
0.000000000000000000e+00 0.000000000000000000e+00 0.000000000000000000e+00 0.000000000000000000e+00
-7.948376239294805146e+02 -7.951138764857096248e+02 -7.950337022835540211e+02 -7.954950754763235636e+02
-7.946607822380090056e+02 -7.946303687509993097e+02 -7.927924377199576611e+02 -7.942131075026127291e+02
-7.976457572798033198e+02 -7.979122763551075650e+02 -7.977000232163429700e+02 -7.956892921706551078e+02
0.000000000000000000e+00 0.000000000000000000e+00 0.000000000000000000e+00 0.000000000000000000e+00
0.000000000000000000e+00 0.000000000000000000e+00 0.000000000000000000e+00 0.000000000000000000e+00
0.000000000000000000e+00 0.000000000000000000e+00 0.000000000000000000e+00 0.000000000000000000e+00
-7.916150249582809693e+02 -7.918432311819334473e+02 -7.912951007496589000e+02 -7.906441583542563194e+02
0.000000000000000000e+00 0.000000000000000000e+00 0.000000000000000000e+00 0.000000000000000000e+00
