-7.029509050464128883e-01 -7.006196086876690376e-01 -7.006196086876690376e-01 -7.032178977860797930e-01
-7.053827272105861468e-01 -7.031427403102545881e-01 -7.026961963925221211e-01 -7.036688368439174557e-01
-6.851908268190481932e-01 -6.849720562756381748e-01 -6.882994924638491385e-01 -6.859512668645482147e-01
-6.664549869252087699e-01 -6.653440072415759410e-01 -6.675762901721878917e-01 -6.685462485600356386e-01
0.000000000000000000e+00 0.000000000000000000e+00 0.000000000000000000e+00 0.000000000000000000e+00
-6.444283032585643722e-01 -6.412517023181083520e-01 -6.409390987205266788e-01 -6.423918853919026173e-01
-6.447976257858329951e-01 -6.412507480793289139e-01 -6.445362406554904222e-01 -6.412517023181083520e-01
0.000000000000000000e+00 0.000000000000000000e+00 0.000000000000000000e+00 0.000000000000000000e+00
-6.445594277948358819e-01 -6.412517023181083520e-01 -6.445292583975265055e-01 -6.444634950408898444e-01
-6.448492303859133523e-01 -6.445130504788532111e-01 -6.441379226955445958e-01 -6.447606921090921483e-01
-7.026540257109681331e-01 -7.026184585175206943e-01 -7.033914935998459850e-01 -7.056500436686102828e-01
-7.175703264351384059e-01 -7.191005273808301901e-01 -7.202272583251452254e-01 -7.180822254679648520e-01
0.000000000000000000e+00 0.000000000000000000e+00 0.000000000000000000e+00 0.000000000000000000e+00
-6.422801036485263904e-01 -6.466472070475630662e-01 -6.443916612294855462e-01 -6.414587802474134293e-01
-6.411832516582209873e-01 -6.409643566441857176e-01 -6.431192330654241784e-01 -6.414207188319419606e-01
-6.412517023181083520e-01 -6.425023330593261361e-01 -6.439879550308031941e-01 -6.436970837266695611e-01
-6.447803899323734100e-01 -6.447794751779215572e-01 -6.453346299085506166e-01 -6.421420805722264369e-01
-6.412517023181083520e-01 -6.445141278485269076e-01 -6.445442581129432469e-01 -6.419210580980277969e-01
-6.414713004211632930e-01 -6.445399605836998891e-01 -6.446631600997033695e-01 -6.412571550900861839e-01
-6.446817493992985648e-01 -6.443583597933892904e-01 -6.415767588769836216e-01 -6.412517023181083520e-01
-6.830227285548990945e-01 -6.864580445324880431e-01 -6.850085977846833707e-01 -6.860312506694228318e-01
-6.861892829142633987e-01 -6.884729195067762486e-01 -6.926033087070817551e-01 -6.861892826200445272e-01
-6.519068855075581537e-01 -6.519068855075581537e-01 -6.526387805597522185e-01 -6.513214891364028647e-01
-6.125794697605368988e-01 -6.168442002937992719e-01 -6.164383361782173054e-01 -6.219009271598381350e-01
0.000000000000000000e+00 0.000000000000000000e+00 0.000000000000000000e+00 0.000000000000000000e+00
0.000000000000000000e+00 0.000000000000000000e+00 0.000000000000000000e+00 0.000000000000000000e+00
0.000000000000000000e+00 0.000000000000000000e+00 0.000000000000000000e+00 0.000000000000000000e+00
0.000000000000000000e+00 0.000000000000000000e+00 0.000000000000000000e+00 0.000000000000000000e+00
-6.412517023181083520e-01 -6.445970657982817986e-01 -6.412517023181083520e-01 -6.412498223639049311e-01
-6.412224350393501693e-01 -6.443887514220637547e-01 -6.446509760735127381e-01 -6.411050913092882775e-01
-6.604013087454748687e-01 -6.601276521916017437e-01 -6.621527270763601924e-01 -6.601506402479877522e-01
-6.513214699774085847e-01 -6.636624988561617977e-01 -6.600854746733915146e-01 -6.550498926168816238e-01
0.000000000000000000e+00 0.000000000000000000e+00 0.000000000000000000e+00 0.000000000000000000e+00
-5.695327673917077727e-01 -5.736610160667947600e-01 -5.701109864761069179e-01 -5.695327657204898308e-01
-5.217030985380022301e-01 -5.246599579942933245e-01 -5.248446476166115371e-01 -5.242403446478228757e-01
-5.246599579942933245e-01 -5.242234657610465032e-01 -5.246759636803722815e-01 -5.246599579942933245e-01
0.000000000000000000e+00 0.000000000000000000e+00 0.000000000000000000e+00 0.000000000000000000e+00
0.000000000000000000e+00 0.000000000000000000e+00 0.000000000000000000e+00 0.000000000000000000e+00
0.000000000000000000e+00 0.000000000000000000e+00 0.000000000000000000e+00 0.000000000000000000e+00
0.000000000000000000e+00 0.000000000000000000e+00 0.000000000000000000e+00 0.000000000000000000e+00
-6.330231361872072915e-01 -6.377120451276642177e-01 -6.336395080176491224e-01 -6.321204308426661145e-01
-6.125794430169353433e-01 -6.221416290349394140e-01 -6.144431704716027953e-01 -6.125794463331455386e-01
-5.695327546213168057e-01 -5.701109864761069179e-01 -5.740696492023484865e-01 -5.695327551722954018e-01
-5.217030981608641316e-01 -5.471151338612617598e-01 -5.246836033451753867e-01 -5.217030980132019158e-01
-4.685589999999993371e-01 -4.707231878238356537e-01 -4.746190544649605547e-01 -4.690944570448870032e-01
0.000000000000000000e+00 0.000000000000000000e+00 0.000000000000000000e+00 0.000000000000000000e+00
-2.770793802976761477e-01 -2.750196640421465055e-01 -2.750196640421465055e-01 -2.736221546944288541e-01
-2.591498107422465780e-01 -2.602996266117197366e-01 -2.656870413884035442e-01 -2.602996266117197366e-01
0.000000000000000000e+00 0.000000000000000000e+00 0.000000000000000000e+00 0.000000000000000000e+00
0.000000000000000000e+00 0.000000000000000000e+00 0.000000000000000000e+00 0.000000000000000000e+00
-6.072889716421954187e-01 -6.069115927106140118e-01 -6.072889716421954187e-01 -6.055218223168516989e-01
-5.697059366796051183e-01 -5.756533789123732259e-01 -5.734643517930144707e-01 -5.695327857710024144e-01
-5.242342175231078372e-01 -5.365697896393510913e-01 -5.288715452027370478e-01 -5.217030999863715435e-01
-4.685589999957077145e-01 -4.805024011943955786e-01 -4.914436402721722996e-01 -4.685589999957687213e-01
-4.126321141321956931e-01 -4.238659090762475490e-01 -4.372152401529425525e-01 -4.095099999999994300e-01
-3.619897496697280226e-01 -3.506962522870558652e-01 -3.444149381825541423e-01 -3.438999999999995949e-01
-2.709999999999995191e-01 -2.838272728881141571e-01 -2.888895663869274211e-01 -2.800178670488697175e-01
-2.467924487158704994e-01 -2.473148147916082173e-01 -2.455219683023759925e-01 -2.500971675986166654e-01
-2.346646047795478418e-01 -2.299568541948448785e-01 -2.299601586432080402e-01 -2.329381912538270871e-01
-2.317359814187311962e-01 -2.292497438681183608e-01 -2.256537730381144857e-01 -2.299568541948448785e-01
0.000000000000000000e+00 0.000000000000000000e+00 0.000000000000000000e+00 0.000000000000000000e+00
0.000000000000000000e+00 0.000000000000000000e+00 0.000000000000000000e+00 0.000000000000000000e+00
0.000000000000000000e+00 0.000000000000000000e+00 0.000000000000000000e+00 0.000000000000000000e+00
-4.095099999993921935e-01 -4.160148005385478354e-01 -4.128558336114152016e-01 -4.129632180625157356e-01
0.000000000000000000e+00 0.000000000000000000e+00 0.000000000000000000e+00 0.000000000000000000e+00
0.000000000000000000e+00 0.000000000000000000e+00 0.000000000000000000e+00 0.000000000000000000e+00
-1.899999999999998079e-01 -2.268931980611418875e-01 -1.902721317787415545e-01 -2.107895420692771360e-01
-2.147355896735905212e-01 -2.158097631455795640e-01 -2.148118670188807200e-01 -2.158584871772666058e-01
-2.219220763555664055e-01 -2.189915386352311033e-01 -2.205910816893937865e-01 -2.193837905871006411e-01
-2.221786406008534054e-01 -2.231228543629051320e-01 -2.277348913859490454e-01 -2.221786406008534054e-01
-3.247136612707449688e-01 -3.242709509397168621e-01 -3.242709509397168621e-01 -3.235527530525026396e-01
-3.204445435507924378e-01 -3.242709509397168621e-01 -3.254189664938593185e-01 -3.256513283446778595e-01
-3.319054285595819942e-01 -3.310282414303197251e-01 -3.306614385342029339e-01 -3.367137645626013809e-01
-3.438999999999312607e-01 -3.546821465790815364e-01 -3.530040400207871132e-01 -3.503265815284027362e-01
0.000000000000000000e+00 0.000000000000000000e+00 0.000000000000000000e+00 0.000000000000000000e+00
0.000000000000000000e+00 0.000000000000000000e+00 0.000000000000000000e+00 0.000000000000000000e+00
-9.999999999999992228e-02 -1.527530503484452462e-01 -1.277884126453957270e-01 -1.397219809879954588e-01
-1.820930624027692346e-01 -1.773975309510988640e-01 -1.770191461963315505e-01 -1.776727875652834854e-01
-1.992447623740062346e-01 -2.028056022275633863e-01 -2.022305345198793791e-01 -1.983694104609541597e-01
0.000000000000000000e+00 0.000000000000000000e+00 0.000000000000000000e+00 0.000000000000000000e+00
-3.176278850259269815e-01 -3.237269077883568880e-01 -3.174454049896129892e-01 -3.235972662988606530e-01
-3.174454049896129892e-01 -3.167342989510220641e-01 -3.176594421337571306e-01 -3.212694339752842909e-01
-3.105509141309221732e-01 -3.179333875535330645e-01 -3.129515247539319533e-01 -3.120838308308043207e-01
-2.806388286098393525e-01 -2.907114393396181273e-01 -2.919925596711562821e-01 -2.709999999999943565e-01
-2.122464155570298328e-01 -1.983449185629703737e-01 -1.939193296933325317e-01 -1.899999999999996414e-01
-1.116251529082669947e-01 -1.046617457412835905e-01 -1.168571272740557832e-01 -9.999999999999992228e-02
0.000000000000000000e+00 0.000000000000000000e+00 0.000000000000000000e+00 0.000000000000000000e+00
0.000000000000000000e+00 0.000000000000000000e+00 0.000000000000000000e+00 0.000000000000000000e+00
-1.983694104609541597e-01 -2.036582141683730973e-01 -1.983694104609541597e-01 -1.982599914718226330e-01
-1.983694104609541597e-01 -1.983694104609541597e-01 -1.985572782687879678e-01 -1.983694104609541597e-01
-3.174454049896129892e-01 -3.239789011645491379e-01 -3.174454049896129892e-01 -3.174454049896129892e-01
0.000000000000000000e+00 0.000000000000000000e+00 0.000000000000000000e+00 0.000000000000000000e+00
0.000000000000000000e+00 0.000000000000000000e+00 0.000000000000000000e+00 0.000000000000000000e+00
-2.452807127963674838e-01 -2.415097522816571085e-01 -2.452807127963674838e-01 -2.443822852421542180e-01
-1.983694104609541597e-01 -2.046130755090656561e-01 -1.997839942546507097e-01 -2.007207068097550395e-01
-1.485422289051244182e-01 -1.451343621655811766e-01 -1.442284242643224468e-01 -1.429346382103484081e-01
-8.648275251635913208e-02 -8.332281830033344550e-02 -8.648149510784002014e-02 -8.591672339047362605e-02
-7.725530557207993532e-02 -8.570165766768553239e-02 -8.614765194797971426e-02 -7.725530557207993532e-02
0.000000000000000000e+00 0.000000000000000000e+00 0.000000000000000000e+00 0.000000000000000000e+00
0.000000000000000000e+00 0.000000000000000000e+00 0.000000000000000000e+00 0.000000000000000000e+00
