-1.097887078615289003e+00 -1.095764572232824419e+00 -1.094112907398094858e+00 -1.102676349256852539e+00
-1.109550473676487625e+00 -1.104668807660591501e+00 -1.102625981710130265e+00 -1.098155272562001405e+00
-1.051109519289911365e+00 -1.051109519289911365e+00 -1.049528633350183648e+00 -1.051801744538935157e+00
-9.976938521734568521e-01 -1.003641539680133699e+00 -1.007253175149585456e+00 -9.965557168470184912e-01
0.000000000000000000e+00 0.000000000000000000e+00 0.000000000000000000e+00 0.000000000000000000e+00
-9.426728476569213866e-01 -9.339555059192434783e-01 -9.339555059192434783e-01 -9.356412435971862562e-01
-9.418006751662063580e-01 -9.339555059192434783e-01 -9.427057119186892375e-01 -9.339555059192434783e-01
0.000000000000000000e+00 0.000000000000000000e+00 0.000000000000000000e+00 0.000000000000000000e+00
-9.424625762987189903e-01 -9.421231135715684157e-01 -9.339287736713712818e-01 -9.361271756354638818e-01
-9.336399458489132996e-01 -9.339433529805605261e-01 -9.418216313487666191e-01 -9.339555059192434783e-01
-1.091477562067206586e+00 -1.094833339790905136e+00 -1.095764572232824419e+00 -1.102449922738608867e+00
-1.136150905479343720e+00 -1.148010047888905261e+00 -1.143540284216657099e+00 -1.161673032229377789e+00
0.000000000000000000e+00 0.000000000000000000e+00 0.000000000000000000e+00 0.000000000000000000e+00
-9.364376504197300388e-01 -9.465858640153268500e-01 -9.430215504133243609e-01 -9.372914152625224649e-01
-9.339555059192434783e-01 -9.334224623345165339e-01 -9.414730291444155519e-01 -9.354764881631976170e-01
-9.339555059192434783e-01 -9.355143375219022728e-01 -9.425146119093972263e-01 -9.340913264222273638e-01
-9.339555059192434783e-01 -9.427985397842252313e-01 -9.371217211853509754e-01 -9.354433540788322787e-01
-9.333084314945250259e-01 -9.339555059192434783e-01 -9.400136713610097727e-01 -9.344803509226833338e-01
-9.330562997069704601e-01 -9.362864242809209037e-01 -9.418261100173400679e-01 -9.339643714067760172e-01
-9.339496313658511850e-01 -9.330295999729086853e-01 -9.385657858043443547e-01 -9.339555059192434783e-01
-1.033747747758590130e+00 -1.044835724718456316e+00 -1.041886369044075611e+00 -1.043674707012048009e+00
-1.046617152606422518e+00 -1.097140330930651553e+00 -1.054822290602265733e+00 -1.046617156323153885e+00
-9.602174679351626052e-01 -9.695943927183771072e-01 -9.738430122270413936e-01 -9.561790903497756622e-01
-8.648274409146025077e-01 -8.767264861702951384e-01 -8.856912912298001705e-01 -8.702385817590402306e-01
0.000000000000000000e+00 0.000000000000000000e+00 0.000000000000000000e+00 0.000000000000000000e+00
0.000000000000000000e+00 0.000000000000000000e+00 0.000000000000000000e+00 0.000000000000000000e+00
0.000000000000000000e+00 0.000000000000000000e+00 0.000000000000000000e+00 0.000000000000000000e+00
0.000000000000000000e+00 0.000000000000000000e+00 0.000000000000000000e+00 0.000000000000000000e+00
-9.323019357907087468e-01 -9.340317770631234584e-01 -9.339554429607013208e-01 -9.335172127363629002e-01
-9.339555059192434783e-01 -9.330813297333367951e-01 -9.339630820102602371e-01 -9.339555059192434783e-01
-9.722278286356874633e-01 -9.719455051990502081e-01 -9.701025541865724300e-01 -9.760950285159990525e-01
-9.561790430083242365e-01 -9.682067654036773385e-01 -9.704042818983094065e-01 -9.611264503340480880e-01
0.000000000000000000e+00 0.000000000000000000e+00 0.000000000000000000e+00 0.000000000000000000e+00
-7.725530119444896648e-01 -7.859698055011554718e-01 -7.870757821406009214e-01 -7.725530131115717625e-01
-6.793465189148859551e-01 -6.937530030402708769e-01 -6.823048029953593385e-01 -6.852885245132649406e-01
-6.850984494610709019e-01 -6.857119624300942462e-01 -6.872280284212992640e-01 -6.857119624300942462e-01
0.000000000000000000e+00 0.000000000000000000e+00 0.000000000000000000e+00 0.000000000000000000e+00
0.000000000000000000e+00 0.000000000000000000e+00 0.000000000000000000e+00 0.000000000000000000e+00
0.000000000000000000e+00 0.000000000000000000e+00 0.000000000000000000e+00 0.000000000000000000e+00
0.000000000000000000e+00 0.000000000000000000e+00 0.000000000000000000e+00 0.000000000000000000e+00
-9.109664064859477328e-01 -9.103309468247262615e-01 -9.145996449480310320e-01 -9.138686116417263916e-01
-8.648273888729678394e-01 -8.891318596889481451e-01 -8.871553734027223248e-01 -8.648273865058460075e-01
-7.725529879855667081e-01 -7.784368156050121001e-01 -7.744742153793289230e-01 -7.725529870319816084e-01
-6.793465176508681758e-01 -6.995678996941260275e-01 -6.808143243458726346e-01 -6.793465177274348177e-01
-5.851985059899985631e-01 -6.466157854350355061e-01 -5.926424165061880966e-01 -5.920547403905502826e-01
0.000000000000000000e+00 0.000000000000000000e+00 0.000000000000000000e+00 0.000000000000000000e+00
-3.001914374636877048e-01 -2.956903273691428580e-01 -2.956903273691428580e-01 -3.026447782708686640e-01
-2.913770092570885373e-01 -2.859763036728156793e-01 -2.839249656408073808e-01 -2.859763036728156793e-01
0.000000000000000000e+00 0.000000000000000000e+00 0.000000000000000000e+00 0.000000000000000000e+00
0.000000000000000000e+00 0.000000000000000000e+00 0.000000000000000000e+00 0.000000000000000000e+00
-8.515019589912011799e-01 -8.623810420485031880e-01 -8.519516330735542597e-01 -8.479765197824388201e-01
-7.784368156050121001e-01 -7.845737532329184472e-01 -7.861360114304354330e-01 -7.725530472152574157e-01
-6.937065335528020960e-01 -7.081432297504069995e-01 -6.960341375579891521e-01 -6.793465209069263766e-01
-5.851985059837803149e-01 -6.075602900203116441e-01 -5.939382288453777248e-01 -5.851985059835805858e-01
-5.062299933431965160e-01 -4.980305087817418763e-01 -5.443084910208383365e-01 -4.900995009999990493e-01
-4.186249269287336539e-01 -4.014382983550527362e-01 -4.096267210823066884e-01 -3.940398999999993324e-01
-2.970099999999996077e-01 -3.167039221170560026e-01 -3.575001772883784623e-01 -2.992586403979510812e-01
-2.682390118026432013e-01 -2.710730643778431204e-01 -2.676839613393253714e-01 -2.647402367890037689e-01
-2.505554972979114337e-01 -2.470228740295339898e-01 -2.472661456003184544e-01 -2.501126065847289470e-01
-2.404511685708821123e-01 -2.468561286412389588e-01 -2.502318983232176830e-01 -2.470228740295339898e-01
0.000000000000000000e+00 0.000000000000000000e+00 0.000000000000000000e+00 0.000000000000000000e+00
0.000000000000000000e+00 0.000000000000000000e+00 0.000000000000000000e+00 0.000000000000000000e+00
0.000000000000000000e+00 0.000000000000000000e+00 0.000000000000000000e+00 0.000000000000000000e+00
-4.900995009992273888e-01 -5.229605032290343125e-01 -5.062299895168570485e-01 -5.062300466456484127e-01
0.000000000000000000e+00 0.000000000000000000e+00 0.000000000000000000e+00 0.000000000000000000e+00
0.000000000000000000e+00 0.000000000000000000e+00 0.000000000000000000e+00 0.000000000000000000e+00
-1.989999999999999269e-01 -2.230708547661740537e-01 -2.380379649481751958e-01 -2.234420525874502017e-01
-2.283853880732814867e-01 -2.299226852995566450e-01 -2.294727712432629019e-01 -2.280186621553008663e-01
-2.277769280797941054e-01 -2.325900874900428406e-01 -2.357550406137026711e-01 -2.335707412023095841e-01
-2.372601341636976779e-01 -2.401567273024342031e-01 -2.363162627851111419e-01 -2.372601341636976779e-01
-3.608922051189576985e-01 -3.537708147005256820e-01 -3.537708147005256820e-01 -3.499058612251788603e-01
-3.529346013834007700e-01 -3.537708147005256820e-01 -3.540736287420613304e-01 -3.553658949181298099e-01
-3.687941601129335889e-01 -3.626305989344310032e-01 -3.619510529047545999e-01 -3.679536179118701456e-01
-3.940398999999296104e-01 -4.207965366060865686e-01 -3.985728352924068907e-01 -4.107249303890425640e-01
0.000000000000000000e+00 0.000000000000000000e+00 0.000000000000000000e+00 0.000000000000000000e+00
0.000000000000000000e+00 0.000000000000000000e+00 0.000000000000000000e+00 0.000000000000000000e+00
-9.999999999999992228e-02 -1.348381670013100997e-01 -1.183763538322043923e-01 -1.207600305128703894e-01
-1.778517752054666334e-01 -1.824272131553451026e-01 -1.799189318442617758e-01 -1.845730260442603465e-01
-2.086486543167030694e-01 -2.145096821200207504e-01 -2.050526125467067584e-01 -2.079132403529486695e-01
0.000000000000000000e+00 0.000000000000000000e+00 0.000000000000000000e+00 0.000000000000000000e+00
-3.539960986959750366e-01 -3.559511045520342143e-01 -3.537708147005256820e-01 -3.577536382944470628e-01
-3.528139251890474171e-01 -3.506381755795353605e-01 -3.510928037500990473e-01 -3.572171847525623667e-01
-3.441149296301558302e-01 -3.391270177116229023e-01 -3.466953862571157119e-01 -3.436071745991780557e-01
-3.152741033875453014e-01 -3.478654424017558755e-01 -3.030948024460234924e-01 -2.970099999999941121e-01
-2.077784587178997666e-01 -2.168229163176537966e-01 -2.020613258447912508e-01 -1.989999999999997882e-01
-1.308041308320457008e-01 -1.264658338305014174e-01 -1.277082462060097900e-01 -9.999999999999992228e-02
0.000000000000000000e+00 0.000000000000000000e+00 0.000000000000000000e+00 0.000000000000000000e+00
0.000000000000000000e+00 0.000000000000000000e+00 0.000000000000000000e+00 0.000000000000000000e+00
-2.079132403529486695e-01 -2.144742151402957986e-01 -2.079132403529486695e-01 -2.135690307964623613e-01
-2.079132403529486695e-01 -2.079132403529486695e-01 -2.168597586893912244e-01 -2.079132403529486695e-01
-3.537708147005256820e-01 -3.575426610961702778e-01 -3.537708147005256820e-01 -3.537708147005256820e-01
0.000000000000000000e+00 0.000000000000000000e+00 0.000000000000000000e+00 0.000000000000000000e+00
0.000000000000000000e+00 0.000000000000000000e+00 0.000000000000000000e+00 0.000000000000000000e+00
-2.665190753043490401e-01 -2.757119621404010568e-01 -2.665190753043490401e-01 -2.634430679422236077e-01
-2.079132403529486695e-01 -2.146148546734079621e-01 -2.093416358237425723e-01 -2.083891411295494545e-01
-1.489545363799800737e-01 -1.469160190011169764e-01 -1.571268299876292796e-01 -1.484896800072599277e-01
-8.964083874125919338e-02 -8.332281830033344550e-02 -9.233262259886272638e-02 -8.809799025630375702e-02
-7.972055930055974016e-02 -7.972055930055974016e-02 -8.882614663030499735e-02 -7.972055930055974016e-02
0.000000000000000000e+00 0.000000000000000000e+00 0.000000000000000000e+00 0.000000000000000000e+00
0.000000000000000000e+00 0.000000000000000000e+00 0.000000000000000000e+00 0.000000000000000000e+00
