-8.950867843806228352e-01 -8.929849539354218768e-01 -8.929849539354218768e-01 -8.917477223032949096e-01
-8.910654029596237757e-01 -8.929849539354218768e-01 -8.947225247521091163e-01 -8.921957730536415054e-01
-8.638643301684839626e-01 -8.647160351716445259e-01 -8.623401414509439533e-01 -8.625427219665362522e-01
-8.264717014700744269e-01 -8.295288498557660262e-01 -8.332036783856126005e-01 -8.302322726828178512e-01
0.000000000000000000e+00 0.000000000000000000e+00 0.000000000000000000e+00 0.000000000000000000e+00
-7.938932058835060923e-01 -7.939384575998678084e-01 -7.884591270185442591e-01 -7.886082664749310966e-01
-7.913405522845109452e-01 -7.939384575998674753e-01 -7.939549909382233039e-01 -7.884591270185442591e-01
0.000000000000000000e+00 0.000000000000000000e+00 0.000000000000000000e+00 0.000000000000000000e+00
-7.941531722121553116e-01 -7.938988098858192899e-01 -7.884591270185442591e-01 -7.907812636696686104e-01
-7.939306385632345364e-01 -7.884591270185442591e-01 -7.941527467105766736e-01 -7.884591270185442591e-01
-8.921472551390067229e-01 -8.909805527174410322e-01 -8.928114096021197987e-01 -8.960197627982573465e-01
-9.192795865743496053e-01 -9.221136347955296575e-01 -9.245426816934995129e-01 -9.254428930980451717e-01
0.000000000000000000e+00 0.000000000000000000e+00 0.000000000000000000e+00 0.000000000000000000e+00
-7.863184389535143870e-01 -7.900331643950621041e-01 -7.884591270185442591e-01 -7.891603504825169813e-01
-7.878778468340379426e-01 -7.878959476207393342e-01 -7.920308453969499007e-01 -7.886421135280110573e-01
-7.881354230664000537e-01 -7.886707713516198925e-01 -7.932189507894413794e-01 -7.885644745926625454e-01
-7.884591270185442591e-01 -7.938747887655709379e-01 -7.890433899222467629e-01 -7.896643793503651532e-01
-7.884591270185442591e-01 -7.884591270185442591e-01 -7.939827529332850187e-01 -7.892293528595820673e-01
-7.882447039053740445e-01 -7.892694754399233181e-01 -7.940448669621921196e-01 -7.887032107087061927e-01
-7.884584955027418296e-01 -7.943600599596980505e-01 -7.908684882872335509e-01 -7.938301326267025448e-01
-8.561763194577830527e-01 -8.567683376434515052e-01 -8.586712911818135119e-01 -8.596153256928370512e-01
-8.623996155405011521e-01 -8.852512597771413638e-01 -8.653276800838813898e-01 -8.623996167883025699e-01
-8.065415259904017420e-01 -8.061438233016300359e-01 -8.090699876103908394e-01 -8.025260111051362166e-01
-7.395011195166441009e-01 -7.398863462035167871e-01 -7.447251509412607939e-01 -7.501900677483286373e-01
0.000000000000000000e+00 0.000000000000000000e+00 0.000000000000000000e+00 0.000000000000000000e+00
0.000000000000000000e+00 0.000000000000000000e+00 0.000000000000000000e+00 0.000000000000000000e+00
0.000000000000000000e+00 0.000000000000000000e+00 0.000000000000000000e+00 0.000000000000000000e+00
0.000000000000000000e+00 0.000000000000000000e+00 0.000000000000000000e+00 0.000000000000000000e+00
-7.884591270185442591e-01 -7.888991397479927503e-01 -7.884591270185442591e-01 -7.883489200200914926e-01
-7.884591270185442591e-01 -7.920278220123307955e-01 -7.884360393145085633e-01 -7.884591270185442591e-01
-8.145649911819116129e-01 -8.211791144017408506e-01 -8.184462742686474668e-01 -8.164502453298657647e-01
-8.025259811310985203e-01 -8.126119994323155460e-01 -8.110299389531270275e-01 -8.166929733900165633e-01
0.000000000000000000e+00 0.000000000000000000e+00 0.000000000000000000e+00 0.000000000000000000e+00
-6.731591057660148980e-01 -6.766105434718583389e-01 -6.740638330772592557e-01 -6.731591034784653038e-01
-6.033254058924438779e-01 -6.059067983290101767e-01 -6.059222273602411502e-01 -6.063656854924697193e-01
-6.052379321177594473e-01 -6.059067983290101767e-01 -6.091839915605485878e-01 -6.059067983290101767e-01
0.000000000000000000e+00 0.000000000000000000e+00 0.000000000000000000e+00 0.000000000000000000e+00
0.000000000000000000e+00 0.000000000000000000e+00 0.000000000000000000e+00 0.000000000000000000e+00
0.000000000000000000e+00 0.000000000000000000e+00 0.000000000000000000e+00 0.000000000000000000e+00
0.000000000000000000e+00 0.000000000000000000e+00 0.000000000000000000e+00 0.000000000000000000e+00
-7.692367511152591320e-01 -7.760459260719523300e-01 -7.701027569285473495e-01 -7.709630860704229649e-01
-7.395010818514795581e-01 -7.593847937947568738e-01 -7.398969985698258256e-01 -7.395010843935823086e-01
-6.731590861523214508e-01 -6.735973317062347032e-01 -6.813140904550699650e-01 -6.731590900513277909e-01
-6.033254054643863995e-01 -6.246033255564795716e-01 -6.257285099406928452e-01 -6.033254054599659355e-01
-5.298162187499987352e-01 -5.390315254495011699e-01 -5.622393288955019885e-01 -5.468072855687637901e-01
0.000000000000000000e+00 0.000000000000000000e+00 0.000000000000000000e+00 0.000000000000000000e+00
-2.909097506044761028e-01 -2.878354580897548032e-01 -2.878354580897548032e-01 -2.854365198403183146e-01
-2.765834520581501588e-01 -2.689249207488100812e-01 -2.773836593893368452e-01 -2.704260828638956338e-01
0.000000000000000000e+00 0.000000000000000000e+00 0.000000000000000000e+00 0.000000000000000000e+00
0.000000000000000000e+00 0.000000000000000000e+00 0.000000000000000000e+00 0.000000000000000000e+00
-7.255711885096106650e-01 -7.326107231270112541e-01 -7.261823482122438111e-01 -7.261920531230747766e-01
-6.740638330772592557e-01 -6.853698537199534035e-01 -6.783249189236486565e-01 -6.731591307739132057e-01
-6.059067983290101767e-01 -6.238707184228973190e-01 -6.250432963645731199e-01 -6.033254077929723902e-01
-5.298162187445358828e-01 -5.449640271856346363e-01 -5.475660250507532467e-01 -5.298162187448218763e-01
-4.776655130760570356e-01 -4.999890606172953111e-01 -4.695975671087079251e-01 -4.524381249999991361e-01
-4.041949051714006647e-01 -3.796324757483861556e-01 -4.032094554711658230e-01 -3.709874999999994150e-01
-2.852499999999995040e-01 -2.977629049685164841e-01 -2.861545093913231974e-01 -2.996651312644722509e-01
-2.612584922535167720e-01 -2.662188240782821236e-01 -2.635502607554158216e-01 -2.666610054507554395e-01
-2.482054634380319313e-01 -2.443817165318854234e-01 -2.459768231650368842e-01 -2.465332249387572061e-01
-2.462427885166785790e-01 -2.443817165318854234e-01 -2.403849758904347267e-01 -2.443817165318854234e-01
0.000000000000000000e+00 0.000000000000000000e+00 0.000000000000000000e+00 0.000000000000000000e+00
0.000000000000000000e+00 0.000000000000000000e+00 0.000000000000000000e+00 0.000000000000000000e+00
0.000000000000000000e+00 0.000000000000000000e+00 0.000000000000000000e+00 0.000000000000000000e+00
-4.524381249993181253e-01 -4.644137937997832033e-01 -4.589022213762354863e-01 -4.589022213762354863e-01
0.000000000000000000e+00 0.000000000000000000e+00 0.000000000000000000e+00 0.000000000000000000e+00
0.000000000000000000e+00 0.000000000000000000e+00 0.000000000000000000e+00 0.000000000000000000e+00
-1.949999999999998124e-01 -2.290328518355705112e-01 -2.227055284148454217e-01 -2.147419321765952627e-01
-2.251347895197407800e-01 -2.313605020726106631e-01 -2.204488115179722707e-01 -2.264944594803140199e-01
-2.266560931505900156e-01 -2.308712049380338971e-01 -2.331451319730474536e-01 -2.319550438033644579e-01
-2.355595141023973937e-01 -2.388332897770998331e-01 -2.410787446652366273e-01 -2.355595141023973937e-01
-3.393210257343807768e-01 -3.468697840505557961e-01 -3.468697840505557961e-01 -3.475721130101004919e-01
-3.421798799898473908e-01 -3.462283982444012143e-01 -3.477212279998059818e-01 -3.505340019601504431e-01
-3.561635759794904432e-01 -3.551354351303029899e-01 -3.556300172933939407e-01 -3.631128067696043349e-01
-3.709874999999251410e-01 -3.977960675854437245e-01 -3.835870536961395461e-01 -3.796324757469446420e-01
0.000000000000000000e+00 0.000000000000000000e+00 0.000000000000000000e+00 0.000000000000000000e+00
0.000000000000000000e+00 0.000000000000000000e+00 0.000000000000000000e+00 0.000000000000000000e+00
-9.999999999999992228e-02 -1.149672457800513942e-01 -1.374539824949171651e-01 -1.311617127322877718e-01
-1.816874768349394931e-01 -1.865539752650867134e-01 -1.799861334305015992e-01 -1.875665624906340812e-01
-2.095086904385769777e-01 -2.050498800369937591e-01 -2.108961987494314128e-01 -2.088260185322434459e-01
0.000000000000000000e+00 0.000000000000000000e+00 0.000000000000000000e+00 0.000000000000000000e+00
-3.387653526316389274e-01 -3.377122629887280292e-01 -3.385625970357344361e-01 -3.418143372150097004e-01
-3.385625970357344361e-01 -3.356898085490948036e-01 -3.371574138766987305e-01 -3.428400500955139929e-01
-3.302136653625471485e-01 -3.367750870873694735e-01 -3.326997001852823876e-01 -3.325175476658484008e-01
-2.864513717562086059e-01 -3.060050650586155774e-01 -3.063071478092426192e-01 -2.852499999999943414e-01
-2.082289438016802774e-01 -2.160520941523307037e-01 -2.238726220119682531e-01 -1.949999999999996458e-01
-1.265311249602036336e-01 -1.072908403731139410e-01 -1.389047515724609050e-01 -9.999999999999992228e-02
0.000000000000000000e+00 0.000000000000000000e+00 0.000000000000000000e+00 0.000000000000000000e+00
0.000000000000000000e+00 0.000000000000000000e+00 0.000000000000000000e+00 0.000000000000000000e+00
-2.088260185322434459e-01 -2.146443996680290900e-01 -2.088260185322434459e-01 -2.081994460504962841e-01
-2.079666385759825209e-01 -2.088260185322434459e-01 -2.090213492938212125e-01 -2.088260185322434459e-01
-3.385625970357344361e-01 -3.442414966373688046e-01 -3.385625970357344361e-01 -3.385625970357344361e-01
0.000000000000000000e+00 0.000000000000000000e+00 0.000000000000000000e+00 0.000000000000000000e+00
0.000000000000000000e+00 0.000000000000000000e+00 0.000000000000000000e+00 0.000000000000000000e+00
-2.443817165318854234e-01 -2.487562768297590099e-01 -2.443817165318854234e-01 -2.447355916638797035e-01
-1.998251442535110001e-01 -2.055694340305979917e-01 -1.992542917924315649e-01 -1.985600995313474559e-01
-1.448620623633442572e-01 -1.440296442847601721e-01 -1.492166488357530851e-01 -1.425190162188232357e-01
-8.822084328488062621e-02 -8.146979811148161166e-02 -9.000169879929714734e-02 -8.776646122988063237e-02
-8.822084328488062621e-02 -8.822084328488062621e-02 -8.864800423550434072e-02 -8.822084328488062621e-02
0.000000000000000000e+00 0.000000000000000000e+00 0.000000000000000000e+00 0.000000000000000000e+00
0.000000000000000000e+00 0.000000000000000000e+00 0.000000000000000000e+00 0.000000000000000000e+00
